0.000000000000000000e+00
0.000000000000000000e+00
0.000000000000000000e+00
5.009931325912475586e-02
-5.081105232238769531e-02
-1.706604874641470815e-02
8.569693565368652344e-02
-1.240559220314025879e-01
-3.828215441615157033e-02
9.003531932830810547e-02
-1.973008513450622559e-01
-5.447541764885954763e-02
6.888735294342041016e-02
-2.487547397613525391e-01
-7.342817476899199391e-02
5.560684204101562500e-02
-1.128591895103454590e-01
-8.192522666365675832e-02
4.416584968566894531e-02
-2.576847076416015625e-01
-1.112965180626588335e-01
3.308016061782836914e-02
-3.466685414314270020e-01
-1.245805754414277544e-01
2.398335933685302734e-02
-4.167490601539611816e-01
-1.322120337835031023e-01
1.053732633590698242e-02
-9.717398881912231445e-02
-8.603000483424239064e-02
-1.854956150054931641e-03
-2.555750608444213867e-01
-1.150000228634553423e-01
-9.842634201049804688e-03
-3.585838675498962402e-01
-1.274186729541497698e-01
-1.523059606552124023e-02
-4.326968193054199219e-01
-1.375163256278710833e-01
-3.113579750061035156e-02
-9.496325254440307617e-02
-8.731704792887740041e-02
-4.515647888183593750e-02
-2.359499335289001465e-01
-1.105376913300233355e-01
-5.082017183303833008e-02
-3.295740485191345215e-01
-1.213027074089723101e-01
-5.359947681427001953e-02
-3.995919227600097656e-01
-1.293438433757501116e-01
-6.719166040420532227e-02
-1.026906967163085938e-01
-8.803690812499098683e-02
-7.988086342811584473e-02
-2.082828879356384277e-01
-1.078749134293275347e-01
-8.548334240913391113e-02
-2.727577686309814453e-01
-1.163454263559060564e-01
-8.844691514968872070e-02
-3.262196183204650879e-01
-1.224556102505403032e-01
