0.000000000000000000e+00
0.000000000000000000e+00
0.000000000000000000e+00
4.851454496383666992e-02
-3.369075059890747070e-02
-1.842724260379213774e-02
7.647156715393066406e-02
-7.775539159774780273e-02
-4.345465925027269805e-02
7.997936010360717773e-02
-1.365650296211242676e-01
-6.476643037487406218e-02
7.248181104660034180e-02
-1.773511767387390137e-01
-9.087631207395929778e-02
6.541430950164794922e-02
-2.913725376129150391e-02
-8.449337732483286345e-02
4.794996976852416992e-02
-1.593066453933715820e-01
-1.190384263961448141e-01
3.665071725845336914e-02
-2.513529658317565918e-01
-1.415478299229278036e-01
2.513301372528076172e-02
-3.218160271644592285e-01
-1.562784175245894858e-01
1.874649524688720703e-02
-2.846240997314453125e-03
-9.152601760317224944e-02
-4.350185394287109375e-03
-1.634344458580017090e-01
-1.223662207691802450e-01
-1.381754875183105469e-02
-2.700306177139282227e-01
-1.401050249903335043e-01
-2.225959300994873047e-02
-3.410153985023498535e-01
-1.569760451882018515e-01
-2.301228046417236328e-02
7.834434509277343750e-04
-9.606535833765406096e-02
-4.804384708404541016e-02
-1.466767191886901855e-01
-1.235242347090377280e-01
-5.327612161636352539e-02
-2.395370602607727051e-01
-1.356567899553908774e-01
-5.899420380592346191e-02
-2.993688583374023438e-01
-1.459319452612533041e-01
-5.827522277832031250e-02
-1.559555530548095703e-02
-1.002215902178420492e-01
-7.744213938713073730e-02
-1.190701723098754883e-01
-1.243003840415610739e-01
-8.654379844665527344e-02
-1.827624440193176270e-01
-1.318812827437056967e-01
-9.451615810394287109e-02
-2.312615513801574707e-01
-1.382833580343856283e-01
