0.000000000000000000e+00
0.000000000000000000e+00
0.000000000000000000e+00
3.794193267822265625e-02
-6.539535522460937500e-02
6.476962872213221090e-03
5.920803546905517578e-02
-1.366208195686340332e-01
7.181703511989212529e-03
5.270051956176757812e-02
-2.022355198860168457e-01
7.353437997764444845e-03
2.891767024993896484e-02
-2.153005599975585938e-01
5.852250781273937719e-03
2.878820896148681641e-02
-1.852933168411254883e-01
-8.288940015816592677e-03
1.297235488891601562e-03
-2.748453021049499512e-01
-1.164233551510562847e-02
-1.419687271118164062e-02
-3.165722191333770752e-01
-1.150731050559272717e-02
-2.585911750793457031e-02
-3.468577563762664795e-01
-1.118048147448291729e-02
-1.193404197692871094e-03
-1.778871417045593262e-01
-1.521523908861865948e-02
-2.603095769882202148e-02
-2.781494259834289551e-01
-1.958117221631994198e-02
-3.861862421035766602e-02
-3.282915949821472168e-01
-2.038572316207876156e-02
-4.688990116119384766e-02
-3.612264990806579590e-01
-2.084326890447130154e-02
-3.040641546249389648e-02
-1.611196994781494141e-01
-2.073688206412782620e-02
-5.104318261146545410e-02
-2.582927346229553223e-01
-2.480107133426656674e-02
-6.057175993919372559e-02
-3.109430372714996338e-01
-2.697670792379369686e-02
-6.646713614463806152e-02
-3.481899499893188477e-01
-2.834107686915388058e-02
-5.769261717796325684e-02
-1.383668184280395508e-01
-2.497522679307451199e-02
-7.278063893318176270e-02
-2.284499406814575195e-01
-2.859995101728429745e-02
-8.054432272911071777e-02
-2.753103971481323242e-01
-2.896381502189626644e-02
-8.536589145660400391e-02
-3.143000900745391846e-01
-2.873809409477701138e-02
