0.000000000000000000e+00
0.000000000000000000e+00
0.000000000000000000e+00
3.864532709121704102e-02
-6.424921751022338867e-02
2.130098815790404387e-03
6.077045202255249023e-02
-1.374984383583068848e-01
2.586563525504459449e-03
5.119496583938598633e-02
-2.081853151321411133e-01
3.087542427486766883e-03
2.605909109115600586e-02
-2.216366529464721680e-01
2.788848884186734267e-03
1.648521423339843750e-02
-1.986190676689147949e-01
-6.922727331826195041e-04
-9.308755397796630859e-03
-2.720129489898681641e-01
-1.479618076452027253e-03
-2.373731136322021484e-02
-3.057835400104522705e-01
-2.253702201166163377e-03
-3.408265113830566406e-02
-3.298580348491668701e-01
-3.309822233610759667e-03
-1.314073801040649414e-02
-1.899969577789306641e-01
-4.606339905627976350e-03
-3.633469343185424805e-02
-2.724291384220123291e-01
-4.839616187133799485e-03
-4.772233963012695312e-02
-3.148491680622100830e-01
-6.294648919471512727e-03
-5.509683489799499512e-02
-3.450909554958343506e-01
-8.180071890571127824e-03
-3.988438844680786133e-02
-1.689544916152954102e-01
-8.031235367276678971e-03
-5.970972776412963867e-02
-2.505130171775817871e-01
-9.719829365828047685e-03
-6.896799802780151367e-02
-2.969576418399810791e-01
-1.259970973453761189e-02
-7.543900609016418457e-02
-3.321403861045837402e-01
-1.525366801045180409e-02
-6.365492939949035645e-02
-1.398891210556030273e-01
-1.078767544797898381e-02
-7.912272214889526367e-02
-2.162275910377502441e-01
-1.350952713958264439e-02
-8.727988600730895996e-02
-2.561134994029998779e-01
-1.433999213598013966e-02
-9.324064850807189941e-02
-2.915342748165130615e-01
-1.473738934121371358e-02
