0.000000000000000000e+00
0.000000000000000000e+00
0.000000000000000000e+00
3.816729784011840820e-02
-6.279581785202026367e-02
4.728400923760034402e-03
6.015276908874511719e-02
-1.300304532051086426e-01
4.954085994960166772e-03
5.096983909606933594e-02
-1.961675286293029785e-01
5.032448873372175058e-03
2.905637025833129883e-02
-2.135971188545227051e-01
4.053234898002244790e-03
2.407300472259521484e-02
-1.881923675537109375e-01
-5.703353944717548529e-03
-3.461658954620361328e-03
-2.722559571266174316e-01
-7.425351224391363303e-03
-1.874721050262451172e-02
-3.074313402175903320e-01
-6.324859492032430808e-03
-3.004539012908935547e-02
-3.298009335994720459e-01
-5.395112249551914374e-03
-5.668103694915771484e-03
-1.801100969314575195e-01
-1.091772054090967004e-02
-2.989608049392700195e-02
-2.732501626014709473e-01
-1.296979483917226617e-02
-4.185736179351806641e-02
-3.140585124492645264e-01
-1.289136909648647134e-02
-4.947710037231445312e-02
-3.386186063289642334e-01
-1.299562600210180108e-02
-3.346782922744750977e-02
-1.620278954505920410e-01
-1.506235466107597176e-02
-5.387866497039794922e-02
-2.532952427864074707e-01
-1.749181669905652825e-02
-6.300339102745056152e-02
-3.002202808856964111e-01
-1.919864785626401726e-02
-6.882774829864501953e-02
-3.324700593948364258e-01
-2.069100473776330773e-02
-5.867940187454223633e-02
-1.371669173240661621e-01
-1.809145618930330102e-02
-7.376119494438171387e-02
-2.212039232254028320e-01
-2.111047801330556695e-02
-8.123326301574707031e-02
-2.629721760749816895e-01
-2.156621326461305443e-02
-8.593878149986267090e-02
-2.991576492786407471e-01
-2.152422365501394097e-02
