0.000000000000000000e+00
0.000000000000000000e+00
0.000000000000000000e+00
5.114680528640747070e-02
-4.253894090652465820e-02
-1.688071414582736907e-02
9.298086166381835938e-02
-1.003485321998596191e-01
-3.952145091943748412e-02
1.059786081314086914e-01
-1.625224947929382324e-01
-5.792489535861022887e-02
9.051644802093505859e-02
-2.126333713531494141e-01
-7.929415143780715880e-02
6.755113601684570312e-02
-7.599043846130371094e-02
-8.175209797673232970e-02
5.652260780334472656e-02
-2.084182500839233398e-01
-1.128542561059475702e-01
4.544734954833984375e-02
-2.940886020660400391e-01
-1.287881646280766290e-01
3.450858592987060547e-02
-3.626508116722106934e-01
-1.383604172592640680e-01
2.085185050964355469e-02
-6.243056058883666992e-02
-8.715301640086181578e-02
6.665349006652832031e-03
-2.154459357261657715e-01
-1.173705372934819025e-01
-1.859784126281738281e-03
-3.159123659133911133e-01
-1.301905725126744073e-01
-1.021081209182739258e-02
-3.895419239997863770e-01
-1.412357155209065240e-01
-2.154749631881713867e-02
-6.411612033843994141e-02
-9.012263901286132750e-02
-3.927749395370483398e-02
-1.998720765113830566e-01
-1.147157613163471979e-01
-4.556807875633239746e-02
-2.882611155509948730e-01
-1.240569267397404474e-01
-5.077108740806579590e-02
-3.540759086608886719e-01
-1.313223604088307184e-01
-5.694305896759033203e-02
-7.780379056930541992e-02
-9.272409863524444518e-02
-7.288247346878051758e-02
-1.798529028892517090e-01
-1.127050433283329767e-01
-8.045226335525512695e-02
-2.385821938514709473e-01
-1.194801319365978998e-01
-8.589726686477661133e-02
-2.862039804458618164e-01
-1.247266445284367364e-01
