0.000000000000000000e+00
0.000000000000000000e+00
0.000000000000000000e+00
4.336261749267578125e-02
-3.050631284713745117e-02
-2.970502915269435107e-02
6.737101078033447266e-02
-8.081680536270141602e-02
-6.417658569699824511e-02
7.470482587814331055e-02
-1.328938603401184082e-01
-9.598856063968241870e-02
7.119113206863403320e-02
-1.846993565559387207e-01
-1.286426821578174895e-01
9.536308050155639648e-02
8.203220367431640625e-02
-7.615482451802790820e-02
8.529412746429443359e-02
-4.931545257568359375e-02
-1.151984745491176909e-01
7.273650169372558594e-02
-1.326335668563842773e-01
-1.407903173792988127e-01
6.731587648391723633e-02
-1.990968585014343262e-01
-1.547839829552799529e-01
4.617577791213989258e-02
9.722477197647094727e-02
-8.155452849752009570e-02
3.645277023315429688e-02
-4.065001010894775391e-02
-1.162669101584583586e-01
3.274953365325927734e-02
-1.339589357376098633e-01
-1.316725054610401457e-01
3.244787454605102539e-02
-2.083828449249267578e-01
-1.418889948952823943e-01
-3.119885921478271484e-03
8.576571941375732422e-02
-8.691335859185755908e-02
-1.146221160888671875e-02
-3.819906711578369141e-02
-1.185237208235889739e-01
-8.391559123992919922e-03
-1.199028491973876953e-01
-1.225763449299961394e-01
-3.019750118255615234e-03
-1.869379878044128418e-01
-1.228581929433971709e-01
-4.538577795028686523e-02
5.671304464340209961e-02
-9.418213757163584887e-02
-5.694508552551269531e-02
-2.265644073486328125e-02
-1.144537666667133635e-01
-5.401858687400817871e-02
-7.763743400573730469e-02
-1.115649679530292815e-01
-4.742312431335449219e-02
-1.213023662567138672e-01
-1.076251679886013335e-01
