0.000000000000000000e+00
0.000000000000000000e+00
0.000000000000000000e+00
1.535892486572265625e-02
-1.038156151771545410e-01
1.025476655409712778e-02
1.346611976623535156e-02
-2.045199275016784668e-01
4.201384488949966300e-03
-1.093816757202148438e-02
-2.729511857032775879e-01
-3.490027976696896683e-03
-4.338026046752929688e-02
-2.889701128005981445e-01
-1.512328372850041402e-02
-2.356767654418945312e-03
-2.594031095504760742e-01
-2.881618892355780615e-02
-7.260245084762573242e-02
-3.503665328025817871e-01
-4.523003404541831030e-02
-1.138309240341186523e-01
-3.804860711097717285e-01
-5.305524846120696081e-02
-1.424047648906707764e-01
-3.970204889774322510e-01
-5.660170247360091222e-02
-2.828508615493774414e-02
-2.209444642066955566e-01
-4.371834476991515173e-02
-1.001643538475036621e-01
-3.348376154899597168e-01
-5.787305092020850195e-02
-1.401415169239044189e-01
-3.863179683685302734e-01
-6.239001011057715429e-02
-1.690202951431274414e-01
-4.170015156269073486e-01
-6.538299401803832067e-02
-5.785226821899414062e-02
-1.715726852416992188e-01
-5.598391523166518224e-02
-1.219637393951416016e-01
-2.934252619743347168e-01
-6.843300839467864050e-02
-1.587521433830261230e-01
-3.513226509094238281e-01
-7.165666600271086706e-02
-1.849007606506347656e-01
-3.911349773406982422e-01
-7.335193385883193029e-02
-8.866643905639648438e-02
-1.140028834342956543e-01
-6.590809603734831823e-02
-1.386108696460723877e-01
-2.237375974655151367e-01
-7.785987039609770788e-02
-1.642438471317291260e-01
-2.773603796958923340e-01
-7.901671459480147375e-02
-1.847964227199554443e-01
-3.210020065307617188e-01
-7.837007870479445470e-02
