0.000000000000000000e+00
0.000000000000000000e+00
0.000000000000000000e+00
3.977215290069580078e-02
-6.189507246017456055e-02
2.527952988700121750e-03
6.363314390182495117e-02
-1.334249377250671387e-01
1.268556903184503426e-03
5.884909629821777344e-02
-2.040002346038818359e-01
2.145259291381762523e-04
3.160655498504638672e-02
-2.184235453605651855e-01
-2.208915675922185073e-03
2.900946140289306641e-02
-1.843219399452209473e-01
-1.138980374385312189e-02
4.468441009521484375e-03
-2.769058942794799805e-01
-1.687185899068310846e-02
-1.057177782058715820e-02
-3.206138908863067627e-01
-1.880972892691090692e-02
-2.233558893203735352e-02
-3.516821563243865967e-01
-1.977461077918007959e-02
-1.651823520660400391e-03
-1.784892082214355469e-01
-1.676128119875386346e-02
-2.570623159408569336e-02
-2.822738885879516602e-01
-2.270722449470952142e-02
-3.837341070175170898e-02
-3.363293111324310303e-01
-2.500532441486313928e-02
-4.744026064872741699e-02
-3.710785508155822754e-01
-2.651780531455472101e-02
-3.134554624557495117e-02
-1.632682085037231445e-01
-2.103737243164971460e-02
-5.192714929580688477e-02
-2.630032300949096680e-01
-2.643339768697217096e-02
-6.193891167640686035e-02
-3.193726837635040283e-01
-2.973319650341466058e-02
-6.895303726196289062e-02
-3.582149147987365723e-01
-3.175150663305714716e-02
-5.879166722297668457e-02
-1.419223546981811523e-01
-2.434417106856301416e-02
-7.349771261215209961e-02
-2.325155735015869141e-01
-2.903558746625378717e-02
-8.114776015281677246e-02
-2.806768417358398438e-01
-3.020139843870595087e-02
-8.577305078506469727e-02
-3.197734355926513672e-01
-3.044979520787194360e-02
