0.000000000000000000e+00
0.000000000000000000e+00
0.000000000000000000e+00
3.995072841644287109e-02
-6.556969881057739258e-02
-5.005395764129616509e-03
6.572622060775756836e-02
-1.492304801940917969e-01
-1.288193676398918797e-02
5.782520771026611328e-02
-2.253918647766113281e-01
-1.904935788141415287e-02
2.593231201171875000e-02
-2.449812293052673340e-01
-2.713015328870937992e-02
3.077852725982666016e-02
-1.923021674156188965e-01
-3.113400030659363438e-02
3.963530063629150391e-03
-2.999879121780395508e-01
-4.439938653038666416e-02
-9.845674037933349609e-03
-3.577353656291961670e-01
-5.067198935674355198e-02
-1.915270090103149414e-02
-4.045497179031372070e-01
-5.402862865255997349e-02
-3.291010856628417969e-03
-1.798105239868164062e-01
-3.596022564695999790e-02
-2.920323610305786133e-02
-3.045509755611419678e-01
-4.904581445978806187e-02
-4.128253459930419922e-02
-3.806996345520019531e-01
-5.525284100102112461e-02
-4.793804883956909180e-02
-4.359502792358398438e-01
-5.931057620571777989e-02
-3.593480587005615234e-02
-1.629956960678100586e-01
-3.948832142876312901e-02
-5.951625108718872070e-02
-2.781778872013092041e-01
-5.024248201178238560e-02
-6.950712203979492188e-02
-3.538155853748321533e-01
-5.714242372440025974e-02
-7.425096631050109863e-02
-4.085155725479125977e-01
-6.134325478004143406e-02
-6.634956598281860352e-02
-1.428468227386474609e-01
-4.241512182878182102e-02
-8.229798078536987305e-02
-2.437921762466430664e-01
-5.106957096384689976e-02
-9.023281931877136230e-02
-3.014181256294250488e-01
-5.471748698280975987e-02
-9.473457932472229004e-02
-3.488345146179199219e-01
-5.671348262356445957e-02
