0.000000000000000000e+00
0.000000000000000000e+00
0.000000000000000000e+00
3.969639539718627930e-02
-6.380969285964965820e-02
1.391095532468966667e-03
6.087505817413330078e-02
-1.388126611709594727e-01
6.145579548473278919e-04
5.255329608917236328e-02
-2.081226110458374023e-01
-3.347354783755918106e-04
2.592182159423828125e-02
-2.195064425468444824e-01
-2.549958224975057419e-03
1.910024881362915039e-02
-1.970796585083007812e-01
-7.330287290372439202e-03
-8.178412914276123047e-03
-2.792675197124481201e-01
-1.238164449632961350e-02
-2.368527650833129883e-02
-3.224806785583496094e-01
-1.548359873295623856e-02
-3.399682044982910156e-02
-3.565104305744171143e-01
-1.789255211652118760e-02
-1.102483272552490234e-02
-1.883406043052673340e-01
-1.262570316494304734e-02
-3.693735599517822266e-02
-2.824601233005523682e-01
-1.840600515306789475e-02
-4.915666580200195312e-02
-3.377334475517272949e-01
-2.201217556894619065e-02
-5.620473623275756836e-02
-3.784966170787811279e-01
-2.456071744263965684e-02
-3.939306735992431641e-02
-1.691545844078063965e-01
-1.727643752992946702e-02
-6.267690658569335938e-02
-2.566896080970764160e-01
-2.294223899544078904e-02
-7.295739650726318359e-02
-3.132058084011077881e-01
-2.734622316957313615e-02
-7.892012596130371094e-02
-3.572027385234832764e-01
-3.015428366661865311e-02
-6.485411524772644043e-02
-1.421636939048767090e-01
-2.131627085209686356e-02
-8.218678832054138184e-02
-2.228639721870422363e-01
-2.618193025291759568e-02
-9.181755781173706055e-02
-2.680039405822753906e-01
-2.790428469479877549e-02
-9.839832782745361328e-02
-3.073668777942657471e-01
-2.861567916870910722e-02
