0.000000000000000000e+00
0.000000000000000000e+00
0.000000000000000000e+00
2.596843242645263672e-02
-8.208662271499633789e-02
-3.452325120719024198e-03
2.013647556304931641e-02
-1.891075968742370605e-01
-1.356291875444526340e-02
3.087699413299560547e-03
-2.647852301597595215e-01
-2.233659301154489185e-02
-2.532428503036499023e-02
-2.937393784523010254e-01
-3.506333019785756733e-02
4.928469657897949219e-03
-2.185112833976745605e-01
-5.186418082766408588e-02
-5.991655588150024414e-02
-3.147352933883666992e-01
-7.489926751904363300e-02
-1.033215224742889404e-01
-3.689721822738647461e-01
-8.604982879214162494e-02
-1.393097937107086182e-01
-4.057877063751220703e-01
-9.193581726603383686e-02
-1.690101623535156250e-02
-1.728399991989135742e-01
-6.229761626772756244e-02
-8.367574214935302734e-02
-2.835527658462524414e-01
-8.618583169035787250e-02
-1.327742636203765869e-01
-3.487250804901123047e-01
-9.801370289378041889e-02
-1.712420880794525146e-01
-3.957852721214294434e-01
-1.054180079346167531e-01
-4.589813947677612305e-02
-1.211535930633544922e-01
-6.990483787112111713e-02
-1.077934205532073975e-01
-2.336058020591735840e-01
-8.987180527500981952e-02
-1.534004807472229004e-01
-2.995677590370178223e-01
-9.946105268053884174e-02
-1.872675716876983643e-01
-3.456310629844665527e-01
-1.043106430416571584e-01
-7.961827516555786133e-02
-6.562495231628417969e-02
-7.603346940331334736e-02
-1.308585703372955322e-01
-1.629229187965393066e-01
-9.434330847315663959e-02
-1.642034351825714111e-01
-2.218994498252868652e-01
-1.008469202762114492e-01
-1.893888711929321289e-01
-2.667443752288818359e-01
-1.031043940430151906e-01
