0.000000000000000000e+00
0.000000000000000000e+00
0.000000000000000000e+00
4.231369495391845703e-02
-6.254291534423828125e-02
-6.873931920466702650e-03
7.579898834228515625e-02
-1.375496983528137207e-01
-2.245053853684453316e-02
8.529424667358398438e-02
-2.055711150169372559e-01
-3.504163231545476265e-02
6.373929977416992188e-02
-2.511699795722961426e-01
-5.052425544553784675e-02
5.237352848052978516e-02
-1.596131324768066406e-01
-6.574199553423909492e-02
2.862673997879028320e-02
-3.101090788841247559e-01
-9.037995543175725288e-02
1.275187730789184570e-02
-3.895483613014221191e-01
-9.996752645665196724e-02
-1.813054084777832031e-03
-4.526758491992950439e-01
-1.042229032128432209e-01
1.244646310806274414e-02
-1.375268697738647461e-01
-7.345272805386571235e-02
-9.939014911651611328e-03
-3.042408823966979980e-01
-1.003796329706290180e-01
-2.453655004501342773e-02
-4.034281671047210693e-01
-1.116115918367484028e-01
-3.546828031539916992e-02
-4.763546884059906006e-01
-1.189931353538611347e-01
-2.795946598052978516e-02
-1.230413913726806641e-01
-7.775543089800862617e-02
-4.409062862396240234e-02
-2.761863470077514648e-01
-9.912006761723546333e-02
-5.370110273361206055e-02
-3.734980821609497070e-01
-1.091463586299994404e-01
-5.945056676864624023e-02
-4.449411034584045410e-01
-1.147768815963843281e-01
-6.592941284179687500e-02
-1.149008274078369141e-01
-8.047398384505299873e-02
-7.468783855438232422e-02
-2.416819334030151367e-01
-9.696653690033940620e-02
-7.970982789993286133e-02
-3.106192350387573242e-01
-1.027500053852179462e-01
-8.353880047798156738e-02
-3.648823797702789307e-01
-1.057317947953322346e-01
