0.000000000000000000e+00
0.000000000000000000e+00
0.000000000000000000e+00
3.771030902862548828e-02
-6.805622577667236328e-02
5.174351717052161348e-03
5.929565429687500000e-02
-1.413283348083496094e-01
4.185875738677680147e-03
5.337893962860107422e-02
-2.084708213806152344e-01
2.728086990011036050e-03
2.656871080398559570e-02
-2.224532961845397949e-01
-8.005900534939769386e-04
2.491372823715209961e-02
-1.892759203910827637e-01
-1.115492186445266043e-02
-1.307964324951171875e-03
-2.780223786830902100e-01
-1.714039235312014853e-02
-1.827681064605712891e-02
-3.190298676490783691e-01
-1.962387389439612662e-02
-3.216671943664550781e-02
-3.463459312915802002e-01
-2.075815028447181021e-02
-5.973279476165771484e-03
-1.809427738189697266e-01
-1.813307977217704092e-02
-3.150033950805664062e-02
-2.835789918899536133e-01
-2.328933789330989157e-02
-4.539567232131958008e-02
-3.353351950645446777e-01
-2.490078485507041250e-02
-5.568972229957580566e-02
-3.678567707538604736e-01
-2.603250942129164969e-02
-3.581911325454711914e-02
-1.630395054817199707e-01
-2.372748791176348959e-02
-5.746895074844360352e-02
-2.623273432254791260e-01
-2.785048647719889914e-02
-6.808906793594360352e-02
-3.175889253616333008e-01
-2.949885665375262533e-02
-7.572272419929504395e-02
-3.563809394836425781e-01
-3.080050847429305350e-02
-6.360575556755065918e-02
-1.369084119796752930e-01
-2.817265330750018393e-02
-7.982560992240905762e-02
-2.270755767822265625e-01
-3.157177208858996664e-02
-8.674871921539306641e-02
-2.727202773094177246e-01
-3.050502031046420370e-02
-9.127375483512878418e-02
-3.107637465000152588e-01
-2.933841026324301993e-02
