0.000000000000000000e+00
0.000000000000000000e+00
0.000000000000000000e+00
3.962898254394531250e-02
-6.745278835296630859e-02
6.360412403623172395e-03
5.983799695968627930e-02
-1.425954699516296387e-01
9.373747106323548905e-03
5.035918951034545898e-02
-2.067298889160156250e-01
1.146657328648359453e-02
2.646875381469726562e-02
-2.090498208999633789e-01
1.194971270454914247e-02
1.429682970046997070e-02
-2.018301486968994141e-01
1.777018015886255853e-03
-1.245826482772827148e-02
-2.768207788467407227e-01
1.183817573505052678e-03
-2.676874399185180664e-02
-3.145074546337127686e-01
5.804687418589082881e-04
-3.649473190307617188e-02
-3.445006608963012695e-01
-7.159335043667169884e-04
-1.422590017318725586e-02
-1.923270821571350098e-01
-4.853233401050260909e-03
-3.884935379028320312e-02
-2.772595584392547607e-01
-6.649272688051155455e-03
-5.083337426185607910e-02
-3.256378173828125000e-01
-9.236391339769056685e-03
-5.865487456321716309e-02
-3.617109358310699463e-01
-1.156824518399446333e-02
-4.049542546272277832e-02
-1.693122982978820801e-01
-1.060506858335941160e-02
-6.274783611297607422e-02
-2.524701952934265137e-01
-1.368811790304391707e-02
-7.316642999649047852e-02
-3.052646517753601074e-01
-1.857381005244462813e-02
-8.066722750663757324e-02
-3.481195271015167236e-01
-2.230637956814973677e-02
-6.375357508659362793e-02
-1.362033486366271973e-01
-1.523310847984760130e-02
-8.266636729240417480e-02
-2.126374840736389160e-01
-1.823922869222371901e-02
-9.222203493118286133e-02
-2.539246678352355957e-01
-1.970106799559800947e-02
-9.940519928932189941e-02
-2.913241386413574219e-01
-2.075890515403955305e-02
