0.000000000000000000e+00
0.000000000000000000e+00
0.000000000000000000e+00
4.169762134552001953e-02
-6.058871746063232422e-02
-9.469275464425663813e-03
7.885295152664184570e-02
-1.372544169425964355e-01
-2.627167860896406637e-02
9.192472696304321289e-02
-2.173902988433837891e-01
-3.961519720883188711e-02
7.190221548080444336e-02
-2.805819511413574219e-01
-5.570993768901644216e-02
5.299484729766845703e-02
-1.617273688316345215e-01
-6.506583291024981008e-02
2.987194061279296875e-02
-3.108012080192565918e-01
-8.913313048810778128e-02
1.149660348892211914e-02
-3.885315358638763428e-01
-9.877512055368242727e-02
-5.040466785430908203e-03
-4.478636085987091064e-01
-1.029989291998845147e-01
1.357036828994750977e-02
-1.428683400154113770e-01
-7.093258398504076467e-02
-7.919549942016601562e-03
-3.059688806533813477e-01
-9.611722278327761160e-02
-2.465856075286865234e-02
-4.009950160980224609e-01
-1.058677529069882439e-01
-3.715485334396362305e-02
-4.669839441776275635e-01
-1.123799552294713067e-01
-2.571696043014526367e-02
-1.311990618705749512e-01
-7.399194138974962698e-02
-4.300299286842346191e-02
-2.824090123176574707e-01
-9.312963682145891653e-02
-5.462580919265747070e-02
-3.773690462112426758e-01
-1.010976900431614922e-01
-6.220695376396179199e-02
-4.449220895767211914e-01
-1.058430169794064568e-01
-6.254181265830993652e-02
-1.263720989227294922e-01
-7.593994039029894338e-02
-7.258528470993041992e-02
-2.559347152709960938e-01
-9.125175523490725027e-02
-7.829359173774719238e-02
-3.281342983245849609e-01
-9.683346199722109304e-02
-8.239337801933288574e-02
-3.857068121433258057e-01
-9.970622706146059500e-02
