0.000000000000000000e+00
0.000000000000000000e+00
0.000000000000000000e+00
3.849411010742187500e-02
-6.959348917007446289e-02
4.971689834611936476e-03
5.733621120452880859e-02
-1.387303471565246582e-01
6.274622689353748228e-03
4.920190572738647461e-02
-2.007272243499755859e-01
6.347250483351274397e-03
3.077846765518188477e-02
-2.182881236076354980e-01
5.016173060404582884e-03
1.277381181716918945e-02
-2.010341286659240723e-01
4.020965996929248831e-04
-1.564955711364746094e-02
-2.755026221275329590e-01
-2.121456841585711572e-03
-3.066718578338623047e-02
-3.122540414333343506e-01
-3.856219992620424364e-03
-4.104584455490112305e-02
-3.409215211868286133e-01
-5.628326152098850343e-03
-1.613986492156982422e-02
-1.904094815254211426e-01
-6.368626550418809984e-03
-4.303610324859619141e-02
-2.747642397880554199e-01
-9.964293044639305208e-03
-5.635547637939453125e-02
-3.217653632164001465e-01
-1.344677450938291940e-02
-6.444168090820312500e-02
-3.565405905246734619e-01
-1.621697022451229486e-02
-4.325670003890991211e-02
-1.666319966316223145e-01
-1.265032607002325449e-02
-6.656634807586669922e-02
-2.488414645195007324e-01
-1.744139677716560755e-02
-7.802227139472961426e-02
-3.015759289264678955e-01
-2.291513717604942713e-02
-8.570149540901184082e-02
-3.446622788906097412e-01
-2.688491641415424738e-02
-6.764242053031921387e-02
-1.333878636360168457e-01
-1.792662515176601801e-02
-8.687186241149902344e-02
-2.085908651351928711e-01
-2.307215443683929834e-02
-9.749498963356018066e-02
-2.494056224822998047e-01
-2.561043872369594965e-02
-1.055319607257843018e-01
-2.876204550266265869e-01
-2.703775576187439356e-02
