0.000000000000000000e+00
0.000000000000000000e+00
0.000000000000000000e+00
4.801076650619506836e-02
-5.439329147338867188e-02
-1.653022461587738690e-02
7.975357770919799805e-02
-1.338397264480590820e-01
-3.710511283034634289e-02
8.352279663085937500e-02
-2.090888023376464844e-01
-5.286832855099987682e-02
6.039279699325561523e-02
-2.632300853729248047e-01
-7.044781328195881542e-02
5.224406719207763672e-02
-1.435559391975402832e-01
-7.864284844154667553e-02
3.556597232818603516e-02
-2.980600595474243164e-01
-1.080897334312851399e-01
2.330482006072998047e-02
-3.848323225975036621e-01
-1.190753313993866414e-01
1.276189088821411133e-02
-4.557408690452575684e-01
-1.242218348478729695e-01
9.385883808135986328e-03
-1.302073597908020020e-01
-8.239078105444264111e-02
-3.764748573303222656e-03
-2.952168583869934082e-01
-1.148680630421097248e-01
-1.301467418670654297e-02
-4.002751708030700684e-01
-1.270710858797485798e-01
-1.885038614273071289e-02
-4.809965193271636963e-01
-1.339752259945328206e-01
-3.173476457595825195e-02
-1.270052194595336914e-01
-8.351199657673191723e-02
-4.430419206619262695e-02
-2.756342291831970215e-01
-1.090868818854744404e-01
-5.068194866180419922e-02
-3.755236268043518066e-01
-1.207064125036652058e-01
-5.369931459426879883e-02
-4.529498219490051270e-01
-1.267171982025558918e-01
-6.681412458419799805e-02
-1.304586529731750488e-01
-8.388299078697514233e-02
-7.399132847785949707e-02
-2.445778846740722656e-01
-1.040961104726250142e-01
-7.855379581451416016e-02
-3.145842552185058594e-01
-1.134569752311165303e-01
-8.153069019317626953e-02
-3.723908066749572754e-01
-1.186185884570534199e-01
