0.000000000000000000e+00
0.000000000000000000e+00
0.000000000000000000e+00
5.199927091598510742e-02
-5.142641067504882812e-02
-1.294766790806534118e-02
9.473037719726562500e-02
-1.252542734146118164e-01
-3.241609368114950485e-02
1.118788123130798340e-01
-1.994124650955200195e-01
-4.771693009524824447e-02
9.506726264953613281e-02
-2.601448297500610352e-01
-6.539865541844847030e-02
7.040065526962280273e-02
-1.473928093910217285e-01
-7.772508967309477157e-02
5.762344598770141602e-02
-3.032660484313964844e-01
-1.067166771331358177e-01
4.643213748931884766e-02
-3.926468193531036377e-01
-1.169678415694761497e-01
3.689968585968017578e-02
-4.626442193984985352e-01
-1.213926296272802574e-01
2.738279104232788086e-02
-1.362400650978088379e-01
-8.407348353057386703e-02
1.635861396789550781e-02
-3.047648072242736816e-01
-1.168002631106901390e-01
1.023203134536743164e-02
-4.097323715686798096e-01
-1.282520141044187767e-01
7.233202457427978516e-03
-4.873045682907104492e-01
-1.347167189755964500e-01
-1.561892032623291016e-02
-1.312703490257263184e-01
-8.745358842998030013e-02
-2.655524015426635742e-02
-2.783163189888000488e-01
-1.131600807943868858e-01
-2.776986360549926758e-02
-3.772095441818237305e-01
-1.226813342013883812e-01
-2.526307106018066406e-02
-4.512763321399688721e-01
-1.270779963174391014e-01
-5.536636710166931152e-02
-1.314451098442077637e-01
-8.978401083140852279e-02
-6.087917089462280273e-02
-2.485976219177246094e-01
-1.087696026602316124e-01
-6.307277083396911621e-02
-3.192518949508666992e-01
-1.155489157476949913e-01
-6.276008486747741699e-02
-3.754467964172363281e-01
-1.188489716091680748e-01
