0.000000000000000000e+00
0.000000000000000000e+00
0.000000000000000000e+00
4.952192306518554688e-02
-4.866302013397216797e-02
-1.457774728824290378e-02
8.867973089218139648e-02
-1.179060935974121094e-01
-3.663420301218422992e-02
1.019817590713500977e-01
-1.937357187271118164e-01
-5.405462902326974017e-02
8.218330144882202148e-02
-2.591351270675659180e-01
-7.476638626594933612e-02
6.175214052200317383e-02
-1.030952930450439453e-01
-8.827150237102898700e-02
5.068367719650268555e-02
-2.503941059112548828e-01
-1.204326562239685927e-01
4.080086946487426758e-02
-3.423302769660949707e-01
-1.350296102120438491e-01
3.154909610748291016e-02
-4.161884188652038574e-01
-1.434908620669403945e-01
1.887190341949462891e-02
-8.892571926116943359e-02
-9.507743638296517474e-02
8.201360702514648438e-03
-2.516312003135681152e-01
-1.290038786484757338e-01
1.043140888214111328e-03
-3.619973659515380859e-01
-1.439225785090485488e-01
-5.008995532989501953e-03
-4.411080181598663330e-01
-1.558013371779480849e-01
-2.287310361862182617e-02
-8.884233236312866211e-02
-9.828408431549462421e-02
-3.478574752807617188e-02
-2.367828488349914551e-01
-1.256937048985520278e-01
-3.912997245788574219e-02
-3.401534557342529297e-01
-1.383042148901978408e-01
-4.037994146347045898e-02
-4.178038835525512695e-01
-1.474117152049103652e-01
-6.122174859046936035e-02
-1.007356643676757812e-01
-1.003423444582978163e-01
-7.051432132720947266e-02
-2.160320281982421875e-01
-1.231484450056115065e-01
-7.515195012092590332e-02
-2.878283858299255371e-01
-1.332568637682953749e-01
-7.736036181449890137e-02
-3.457327485084533691e-01
-1.406055204226532851e-01
