0.000000000000000000e+00
0.000000000000000000e+00
0.000000000000000000e+00
4.461717605590820312e-02
-5.689537525177001953e-02
-8.191971640457040849e-03
8.185690641403198242e-02
-1.335780024528503418e-01
-2.417222743051183897e-02
8.742976188659667969e-02
-2.094765901565551758e-01
-3.695454408543241698e-02
5.838882923126220703e-02
-2.482482790946960449e-01
-5.264484097378385741e-02
5.204367637634277344e-02
-1.662188768386840820e-01
-6.257910241501463133e-02
2.697914838790893555e-02
-3.152583241462707520e-01
-8.538770635740888792e-02
1.165473461151123047e-02
-3.935518860816955566e-01
-9.351960529701841551e-02
8.121728897094726562e-04
-4.535884857177734375e-01
-9.693480988161695677e-02
1.350468397140502930e-02
-1.495004296302795410e-01
-6.930264045612943846e-02
-8.364140987396240234e-03
-3.159692287445068359e-01
-9.451570321934354979e-02
-2.049243450164794922e-02
-4.121517539024353027e-01
-1.039805408300651379e-01
-2.767509222030639648e-02
-4.813984632492065430e-01
-1.094582225860847302e-01
-2.476924657821655273e-02
-1.378861069679260254e-01
-7.297329564707411009e-02
-4.205024242401123047e-02
-2.911448478698730469e-01
-9.272668470757139403e-02
-5.007052421569824219e-02
-3.861866593360900879e-01
-1.009478341521514722e-01
-5.382496118545532227e-02
-4.554367363452911377e-01
-1.052949573578132458e-01
-6.188741326332092285e-02
-1.290993690490722656e-01
-7.543773164169920165e-02
-7.294374704360961914e-02
-2.564589381217956543e-01
-9.069288482086790282e-02
-7.695364952087402344e-02
-3.237327337265014648e-01
-9.526545514481199461e-02
-7.870039343833923340e-02
-3.769761919975280762e-01
-9.734211077110899168e-02
