0.000000000000000000e+00
0.000000000000000000e+00
0.000000000000000000e+00
3.921920061111450195e-02
-6.877011060714721680e-02
5.680758571770638810e-03
5.819809436798095703e-02
-1.420652866363525391e-01
7.920926502492875443e-03
4.922127723693847656e-02
-2.048503160476684570e-01
8.998156590905637131e-03
2.741122245788574219e-02
-2.122997641563415527e-01
8.538601985719651566e-03
1.316511631011962891e-02
-2.026918530464172363e-01
1.684145485569388256e-03
-1.422059535980224609e-02
-2.761985659599304199e-01
1.457556138575455407e-04
-2.925133705139160156e-02
-3.134428262710571289e-01
-1.266606319177299156e-03
-3.965938091278076172e-02
-3.428203761577606201e-01
-3.080705813545137062e-03
-1.553833484649658203e-02
-1.928052902221679688e-01
-5.056840767565518036e-03
-4.194343090057373047e-02
-2.759866416454315186e-01
-7.639744253310709610e-03
-5.482631921768188477e-02
-3.227230608463287354e-01
-1.077292946115449013e-02
-6.283843517303466797e-02
-3.575479984283447266e-01
-1.344632164523318352e-02
-4.247441887855529785e-02
-1.694208979606628418e-01
-1.114604801819041313e-02
-6.618717312812805176e-02
-2.513170838356018066e-01
-1.504572288081362785e-02
-7.734712958335876465e-02
-3.032520413398742676e-01
-2.022370223835423531e-02
-8.500045537948608398e-02
-3.456781506538391113e-01
-2.414993469551518501e-02
-6.637960672378540039e-02
-1.363486051559448242e-01
-1.620586303010895790e-02
-8.592912554740905762e-02
-2.108376026153564453e-01
-2.040192571416810097e-02
-9.616878628730773926e-02
-2.516379356384277344e-01
-2.255014416709855141e-02
-1.037915945053100586e-01
-2.895677685737609863e-01
-2.392646756902649940e-02
