0.000000000000000000e+00
0.000000000000000000e+00
0.000000000000000000e+00
4.107129573822021484e-02
-5.927371978759765625e-02
-2.948823264375732833e-03
7.461029291152954102e-02
-1.327269077301025391e-01
-1.236504839783947318e-02
8.182173967361450195e-02
-2.157785892486572266e-01
-1.967790780639688819e-02
5.325299501419067383e-02
-2.594944834709167480e-01
-2.923321595466177314e-02
4.366362094879150391e-02
-1.748300790786743164e-01
-3.946429548835794776e-02
1.827037334442138672e-02
-3.022423982620239258e-01
-5.450908152437250465e-02
-3.002285957336425781e-04
-3.615374565124511719e-01
-6.009180901622812598e-02
-1.500672101974487305e-02
-4.016242921352386475e-01
-6.201969144916574805e-02
8.323132991790771484e-03
-1.626909971237182617e-01
-4.498793987607996314e-02
-1.623272895812988281e-02
-3.016191124916076660e-01
-6.062172411060373634e-02
-3.161239624023437500e-02
-3.751063048839569092e-01
-6.606826616501848548e-02
-4.266855120658874512e-02
-4.220919013023376465e-01
-6.946803314662020057e-02
-2.739197015762329102e-02
-1.488145589828491211e-01
-4.841005114889185279e-02
-4.704809188842773438e-02
-2.813472151756286621e-01
-6.089207587814371436e-02
-5.760234594345092773e-02
-3.577044904232025146e-01
-6.598896963572542518e-02
-6.541088223457336426e-02
-4.103824496269226074e-01
-6.889811588501970618e-02
-6.170672178268432617e-02
-1.334924697875976562e-01
-5.058021528697054237e-02
-7.285580039024353027e-02
-2.527912855148315430e-01
-6.034674180722277015e-02
-7.832139730453491211e-02
-3.134869635105133057e-01
-6.297123862481157630e-02
-8.310475945472717285e-02
-3.608279824256896973e-01
-6.401095224595110267e-02
