0.000000000000000000e+00
0.000000000000000000e+00
0.000000000000000000e+00
4.442036151885986328e-02
-2.818846702575683594e-02
-2.600565557020217966e-02
7.542651891708374023e-02
-6.304466724395751953e-02
-5.392261598842651438e-02
8.438527584075927734e-02
-1.077553033828735352e-01
-8.040134613054306101e-02
8.218508958816528320e-02
-1.523742079734802246e-01
-1.082951575948527534e-01
9.749740362167358398e-02
7.821661233901977539e-02
-6.457786266344101023e-02
9.024065732955932617e-02
-4.592019319534301758e-02
-1.012460142804911811e-01
7.576346397399902344e-02
-1.326501369476318359e-01
-1.255824491812518318e-01
6.670743227005004883e-02
-2.025872468948364258e-01
-1.379665658308795173e-01
4.957175254821777344e-02
9.603559970855712891e-02
-7.073097680347473215e-02
4.116183519363403320e-02
-3.247183561325073242e-02
-1.026367992593577583e-01
3.568273782730102539e-02
-1.269853711128234863e-01
-1.162216738297274787e-01
3.332310914993286133e-02
-2.031669616699218750e-01
-1.241387725307276924e-01
1.225590705871582031e-03
8.853042125701904297e-02
-7.755454633968383860e-02
-7.153987884521484375e-03
-2.892053127288818359e-02
-1.077117771341136176e-01
-5.703687667846679688e-03
-1.135902404785156250e-01
-1.114772633148959358e-01
-2.975881099700927734e-03
-1.825927495956420898e-01
-1.103134379221728523e-01
-3.997123241424560547e-02
6.298601627349853516e-02
-8.603645120399505686e-02
-5.025392770767211914e-02
-1.240962743759155273e-02
-1.053780466749003608e-01
-4.843527078628540039e-02
-6.878972053527832031e-02
-1.018372029496958930e-01
-4.380032420158386230e-02
-1.144939661026000977e-01
-9.658133987920791697e-02
