0.000000000000000000e+00
0.000000000000000000e+00
0.000000000000000000e+00
5.339074134826660156e-02
-4.560303688049316406e-02
-1.458442529462899984e-02
9.648317098617553711e-02
-1.064447760581970215e-01
-3.619011530452098668e-02
1.154339313507080078e-01
-1.745454668998718262e-01
-5.291629994087543309e-02
9.962010383605957031e-02
-2.300997972488403320e-01
-7.285721266441669286e-02
7.283753156661987305e-02
-9.409397840499877930e-02
-8.561194354467716039e-02
6.896990537643432617e-02
-2.314790487289428711e-01
-1.164611991661104184e-01
6.213122606277465820e-02
-3.213791847229003906e-01
-1.302929412739786130e-01
5.637305974960327148e-02
-3.894243240356445312e-01
-1.379635077136072141e-01
2.801597118377685547e-02
-8.332973718643188477e-02
-9.145316893034305394e-02
2.237534523010253906e-02
-2.341237664222717285e-01
-1.225759279149087888e-01
2.057915925979614258e-02
-3.384740352630615234e-01
-1.337449442761453611e-01
2.079272270202636719e-02
-4.071360826492309570e-01
-1.427110325711282712e-01
-1.611435413360595703e-02
-8.257973194122314453e-02
-9.420996570759143651e-02
-2.583146095275878906e-02
-2.135917544364929199e-01
-1.196264889257463437e-01
-2.292335033416748047e-02
-3.051981329917907715e-01
-1.285475384610208494e-01
-1.658153533935546875e-02
-3.650844097137451172e-01
-1.346272569315942746e-01
-5.652958154678344727e-02
-9.008002281188964844e-02
-9.610633218460407079e-02
-6.646338105201721191e-02
-1.942852735519409180e-01
-1.173906888978990537e-01
-6.680232286453247070e-02
-2.567259669303894043e-01
-1.248512830751451474e-01
-6.237393617630004883e-02
-2.995656728744506836e-01
-1.298222582953485471e-01
