0.000000000000000000e+00
0.000000000000000000e+00
0.000000000000000000e+00
4.643005132675170898e-02
-4.854583740234375000e-02
-1.083250454496464954e-02
8.121508359909057617e-02
-1.157143712043762207e-01
-2.793002053033433185e-02
8.967334032058715820e-02
-1.867986917495727539e-01
-4.092931485604367481e-02
6.729459762573242188e-02
-2.312409877777099609e-01
-5.607599503230176197e-02
5.018234252929687500e-02
-1.507433056831359863e-01
-6.885036564301572071e-02
2.967441082000732422e-02
-2.938284277915954590e-01
-9.343378729056439624e-02
1.448929309844970703e-02
-3.708219528198242188e-01
-1.017515931172283672e-01
9.301304817199707031e-04
-4.304424524307250977e-01
-1.050562906904133342e-01
1.111876964569091797e-02
-1.358713507652282715e-01
-7.333049661349377857e-02
-8.302867412567138672e-03
-2.967516183853149414e-01
-1.017909694356831096e-01
-1.963144540786743164e-02
-3.908637762069702148e-01
-1.119165543360622905e-01
-2.689814567565917969e-02
-4.582927823066711426e-01
-1.177170622987659954e-01
-2.591258287429809570e-02
-1.278685331344604492e-01
-7.464588916730008350e-02
-4.161313176155090332e-02
-2.740996479988098145e-01
-9.634174889754376636e-02
-4.953902959823608398e-02
-3.656672239303588867e-01
-1.049838710470112346e-01
-5.364215373992919922e-02
-4.320723414421081543e-01
-1.091357964916142009e-01
-5.848166346549987793e-02
-1.239898204803466797e-01
-7.483020908068738208e-02
-6.875446438789367676e-02
-2.443458437919616699e-01
-9.111827350091061817e-02
-7.316973805427551270e-02
-3.113995194435119629e-01
-9.735025203656277881e-02
-7.605728507041931152e-02
-3.647669553756713867e-01
-1.004008177561672710e-01
