0.000000000000000000e+00
0.000000000000000000e+00
0.000000000000000000e+00
3.391480445861816406e-02
-7.476496696472167969e-02
1.107227786742015496e-02
4.774743318557739258e-02
-1.502189636230468750e-01
1.312612260989709512e-02
3.195118904113769531e-02
-2.141703963279724121e-01
1.364666766784949914e-02
6.260335445404052734e-03
-2.384335994720458984e-01
1.192326362542672769e-02
2.856916189193725586e-02
-1.862135529518127441e-01
-5.715616202728313056e-03
-3.998875617980957031e-04
-2.759809494018554688e-01
-9.719265780226749030e-03
-1.804012060165405273e-02
-3.161895275115966797e-01
-1.000722326971725806e-02
-3.138524293899536133e-02
-3.419342339038848877e-01
-9.419232762233775702e-03
-1.023948192596435547e-03
-1.809482574462890625e-01
-1.461371515579656943e-02
-2.762842178344726562e-02
-2.835653722286224365e-01
-1.766848952211574897e-02
-4.114764928817749023e-02
-3.317125439643859863e-01
-1.673946545161442145e-02
-5.053466558456420898e-02
-3.612757027149200439e-01
-1.580926418937877997e-02
-2.993994951248168945e-02
-1.662389039993286133e-01
-2.183158711232380256e-02
-5.210980772972106934e-02
-2.678921222686767578e-01
-2.489567004777626380e-02
-6.228303909301757812e-02
-3.184417486190795898e-01
-2.462913111485676154e-02
-6.882715225219726562e-02
-3.534235954284667969e-01
-2.424360268451408729e-02
-5.774182081222534180e-02
-1.429606080055236816e-01
-2.732951209582523688e-02
-7.336786389350891113e-02
-2.352741360664367676e-01
-3.067668915428356513e-02
-8.047109842300415039e-02
-2.816636562347412109e-01
-2.907139823474125251e-02
-8.526599407196044922e-02
-3.198686838150024414e-01
-2.699637242294983253e-02
