0.000000000000000000e+00
0.000000000000000000e+00
0.000000000000000000e+00
4.568427801132202148e-02
-4.244637489318847656e-02
-1.685596449078730075e-02
8.121383190155029297e-02
-9.634131193161010742e-02
-3.070855704845598666e-02
9.831798076629638672e-02
-1.209258437156677246e-01
-4.426062671245745150e-02
1.081231236457824707e-01
-1.047888398170471191e-01
-6.089116824568918673e-02
6.078845262527465820e-02
-7.940018177032470703e-02
-4.266442922653368441e-02
6.704741716384887695e-02
-1.436609625816345215e-01
-6.884696526230982272e-02
6.287473440170288086e-02
-1.831691265106201172e-01
-8.903904450835398166e-02
5.625188350677490234e-02
-2.007054686546325684e-01
-1.017650832027356955e-01
1.866585016250610352e-02
-7.394737005233764648e-02
-4.774631751479319064e-02
1.954084634780883789e-02
-1.327645182609558105e-01
-7.103363616170099704e-02
1.758587360382080078e-02
-1.706818938255310059e-01
-8.751322520674875705e-02
1.471674442291259766e-02
-1.800166368484497070e-01
-1.010813881248395774e-01
-2.277731895446777344e-02
-5.890178680419921875e-02
-5.372458887995890109e-02
-2.849322557449340820e-02
-1.091117262840270996e-01
-7.518488360346964328e-02
-3.202128410339355469e-02
-1.373872756958007812e-01
-8.842206937970331637e-02
-3.448349237442016602e-02
-1.402349472045898438e-01
-9.831701410712412326e-02
-6.208282709121704102e-02
-3.946018218994140625e-02
-6.062125233711412875e-02
-7.449382543563842773e-02
-8.311283588409423828e-02
-7.738294644059351413e-02
-8.103659749031066895e-02
-1.011149883270263672e-01
-8.484149170817545382e-02
-8.279538154602050781e-02
-1.028192043304443359e-01
-9.146368695201090304e-02
