0.000000000000000000e+00
0.000000000000000000e+00
0.000000000000000000e+00
4.439765214920043945e-02
-4.507452249526977539e-02
-3.782726687796866827e-02
7.022482156753540039e-02
-8.836835622787475586e-02
-7.904913139947211675e-02
7.182860374450683594e-02
-1.235069632530212402e-01
-1.142903105676964515e-01
6.029665470123291016e-02
-1.629558801651000977e-01
-1.511949808657959693e-01
1.018527150154113770e-01
2.619349956512451172e-02
-1.175322146476105445e-01
8.689671754837036133e-02
-6.158936023712158203e-02
-1.750958920777634376e-01
6.613612174987792969e-02
-1.308847069740295410e-01
-2.074049325049713843e-01
4.762786626815795898e-02
-2.038876414299011230e-01
-2.246742309392288917e-01
5.779844522476196289e-02
6.125247478485107422e-02
-1.258140565217331641e-01
3.725928068161010742e-02
-5.360513925552368164e-02
-1.855822415412262671e-01
2.275043725967407227e-02
-1.409511566162109375e-01
-2.074308754266098731e-01
8.560717105865478516e-03
-2.114646434783935547e-01
-2.193097682059601539e-01
8.743941783905029297e-03
7.043385505676269531e-02
-1.339162499965027564e-01
-1.253974437713623047e-02
-4.696017503738403320e-02
-1.877887458861664527e-01
-1.856178045272827148e-02
-1.368739008903503418e-01
-1.964706541360214942e-01
-2.437430620193481445e-02
-2.101411819458007812e-01
-1.974382461369827979e-01
-3.487032651901245117e-02
5.392742156982421875e-02
-1.437397064030960792e-01
-5.792328715324401855e-02
-3.319662809371948242e-02
-1.864812434972122901e-01
-6.458747386932373047e-02
-1.032354831695556641e-01
-1.919062943518952125e-01
-6.630253791809082031e-02
-1.573615670204162598e-01
-1.915750564397171729e-01
