0.000000000000000000e+00
0.000000000000000000e+00
0.000000000000000000e+00
3.698360919952392578e-02
-6.442046165466308594e-02
3.279630801415578389e-03
6.191128492355346680e-02
-1.327866315841674805e-01
3.466336996069685483e-03
5.724346637725830078e-02
-2.036027908325195312e-01
3.190798693111673856e-03
3.450000286102294922e-02
-2.232770323753356934e-01
2.203850083759562040e-03
1.709038019180297852e-02
-1.996364593505859375e-01
2.349976458361879850e-03
-8.412480354309082031e-03
-2.709907591342926025e-01
2.507487320116297269e-03
-2.277135848999023438e-02
-3.034783005714416504e-01
2.177505994922057653e-03
-3.282499313354492188e-02
-3.263395726680755615e-01
1.386827913819388414e-03
-1.203048229217529297e-02
-1.919627189636230469e-01
-2.367306259685619807e-03
-3.532588481903076172e-02
-2.722306549549102783e-01
-1.538863630258902049e-03
-4.714167118072509766e-02
-3.122981190681457520e-01
-2.762010312864049411e-03
-5.459204316139221191e-02
-3.413673937320709229e-01
-4.622753701397641635e-03
-3.887093067169189453e-02
-1.720826029777526855e-01
-6.649020119795068240e-03
-5.874726176261901855e-02
-2.529485821723937988e-01
-7.539751931318505740e-03
-6.792882084846496582e-02
-2.979687452316284180e-01
-9.668779551276429629e-03
-7.388263940811157227e-02
-3.319515287876129150e-01
-1.197543925721333835e-02
-6.333550810813903809e-02
-1.435700654983520508e-01
-1.031812745262072895e-02
-7.888716459274291992e-02
-2.178718447685241699e-01
-1.251096463877843235e-02
-8.704310655593872070e-02
-2.571307420730590820e-01
-1.267375423688577030e-02
-9.264191985130310059e-02
-2.923030853271484375e-01
-1.257872953195260379e-02
