0.000000000000000000e+00
0.000000000000000000e+00
0.000000000000000000e+00
4.315912723541259766e-02
-4.256069660186767578e-02
-2.652728033058338042e-02
6.663179397583007812e-02
-1.042512655258178711e-01
-5.098986473672084685e-02
7.602471113204956055e-02
-1.622803211212158203e-01
-7.083901983492069121e-02
8.077520132064819336e-02
-1.984456777572631836e-01
-9.407241863004855986e-02
6.268996000289916992e-02
-8.204770088195800781e-02
-7.961900007717304106e-02
6.326866149902343750e-02
-1.608392000198364258e-01
-1.174834392666070926e-01
5.721652507781982422e-02
-2.253317832946777344e-01
-1.433294214009492862e-01
5.098825693130493164e-02
-2.668159008026123047e-01
-1.602209903001039493e-01
2.240055799484252930e-02
-7.009238004684448242e-02
-8.349567872278385039e-02
1.715302467346191406e-02
-1.591430902481079102e-01
-1.225905514954774844e-01
1.205044984817504883e-02
-2.209286093711853027e-01
-1.458009428977220523e-01
7.943212985992431641e-03
-2.493749856948852539e-01
-1.635043568610399234e-01
-1.799428462982177734e-02
-5.651342868804931641e-02
-8.679398369781665679e-02
-3.375005722045898438e-02
-1.292012929916381836e-01
-1.223052613138406741e-01
-3.779691457748413086e-02
-1.836947202682495117e-01
-1.404633618592470157e-01
-4.090356826782226562e-02
-2.079431414604187012e-01
-1.526332147120683658e-01
-5.848956108093261719e-02
-4.726153612136840820e-02
-9.031040441982440825e-02
-8.138215541839599609e-02
-1.025625467300415039e-01
-1.201432592868059146e-01
-8.623212575912475586e-02
-1.363520026206970215e-01
-1.332870818375795352e-01
-8.645361661911010742e-02
-1.509534716606140137e-01
-1.428096539973466861e-01
