0.000000000000000000e+00
0.000000000000000000e+00
0.000000000000000000e+00
3.734284639358520508e-02
-6.537288427352905273e-02
6.258986692657231288e-03
5.745100975036621094e-02
-1.332402229309082031e-01
7.498884375920056300e-03
4.712325334548950195e-02
-1.992544531822204590e-01
8.259489003350495295e-03
2.568233013153076172e-02
-2.228056788444519043e-01
7.944275427391289668e-03
2.384006977081298828e-02
-1.894819140434265137e-01
-3.493482910315037770e-03
-3.928124904632568359e-03
-2.710713148117065430e-01
-3.906613879124165578e-03
-1.931583881378173828e-02
-3.064056932926177979e-01
-1.801355939576865239e-03
-3.045469522476196289e-02
-3.299658894538879395e-01
-3.567868491956005528e-04
-5.518794059753417969e-03
-1.818631887435913086e-01
-9.301067527601958318e-03
-2.973610162734985352e-02
-2.740376591682434082e-01
-1.047541314012789826e-02
-4.190400242805480957e-02
-3.161376118659973145e-01
-9.740933973560572667e-03
-4.973164200782775879e-02
-3.429176807403564453e-01
-9.370032895574809118e-03
-3.296333551406860352e-02
-1.639403700828552246e-01
-1.395655443168664078e-02
-5.338457226753234863e-02
-2.553653717041015625e-01
-1.575952136165881257e-02
-6.276777386665344238e-02
-3.015167713165283203e-01
-1.653086879498744111e-02
-6.880173087120056152e-02
-3.341957628726959229e-01
-1.734529548532748322e-02
-5.801370739936828613e-02
-1.382824778556823730e-01
-1.742121876425528626e-02
-7.397997379302978516e-02
-2.217051386833190918e-01
-2.029037588484072785e-02
-8.181568980216979980e-02
-2.643676996231079102e-01
-2.034177557773375611e-02
-8.690387010574340820e-02
-3.013178706169128418e-01
-1.984177828974509339e-02
