0.000000000000000000e+00
0.000000000000000000e+00
0.000000000000000000e+00
4.802447557449340820e-02
-5.745625495910644531e-02
-1.220713325901101598e-02
8.715260028839111328e-02
-1.321100592613220215e-01
-3.361258891536067495e-02
1.037506461143493652e-01
-2.015989422798156738e-01
-5.144855988336871633e-02
8.843433856964111328e-02
-2.592919468879699707e-01
-7.245243576480220327e-02
6.785291433334350586e-02
-1.412627696990966797e-01
-8.179115739775966176e-02
5.408674478530883789e-02
-2.928426265716552734e-01
-1.135314279527790404e-01
4.447722434997558594e-02
-3.820539116859436035e-01
-1.274505951733715392e-01
3.602302074432373047e-02
-4.542844593524932861e-01
-1.352857151360637999e-01
2.458220720291137695e-02
-1.259598135948181152e-01
-9.078262982083629140e-02
1.276314258575439453e-02
-2.888285517692565918e-01
-1.244891607494480468e-01
7.735431194305419922e-03
-3.919321298599243164e-01
-1.379404762120373107e-01
5.092561244964599609e-03
-4.698818624019622803e-01
-1.477876552672512389e-01
-1.950675249099731445e-02
-1.192213892936706543e-01
-9.684302148534129628e-02
-3.184723854064941406e-02
-2.625657916069030762e-01
-1.244943910570270873e-01
-3.257310390472412109e-02
-3.619892597198486328e-01
-1.357326754660732604e-01
-2.988922595977783203e-02
-4.406342804431915283e-01
-1.430742242665417052e-01
-6.136414408683776855e-02
-1.208129525184631348e-01
-1.017991849513180114e-01
-6.939068436622619629e-02
-2.345800399780273438e-01
-1.244579875202305175e-01
-7.154107093811035156e-02
-3.052953481674194336e-01
-1.335776546330578185e-01
-7.127445936203002930e-02
-3.651689887046813965e-01
-1.397044011683590270e-01
