0.000000000000000000e+00
0.000000000000000000e+00
0.000000000000000000e+00
3.876686096191406250e-02
-6.017225980758666992e-02
-3.417249468901673026e-02
5.586129426956176758e-02
-1.154530644416809082e-01
-7.236948681810417838e-02
4.794734716415405273e-02
-1.631528735160827637e-01
-1.078056402299694128e-01
3.068286180496215820e-02
-2.027275562286376953e-01
-1.452918432448200292e-01
9.443700313568115234e-02
2.466976642608642578e-02
-8.815966618993797965e-02
7.583194971084594727e-02
-6.117469072341918945e-02
-1.361479691956333227e-01
5.292779207229614258e-02
-1.275637745857238770e-01
-1.665162674877933568e-01
3.375315666198730469e-02
-1.995617151260375977e-01
-1.821217320654682226e-01
4.894548654556274414e-02
6.383460760116577148e-02
-9.592088384368935294e-02
2.552890777587890625e-02
-5.615866184234619141e-02
-1.454831145499042577e-01
5.329966545104980469e-03
-1.496582627296447754e-01
-1.652615897152713842e-01
-1.321256160736083984e-02
-2.326505780220031738e-01
-1.744789115879825658e-01
2.820491790771484375e-04
7.560724020004272461e-02
-1.042959920857242651e-01
-2.079927921295166016e-02
-4.907840490341186523e-02
-1.488657824490360326e-01
-3.622972965240478516e-02
-1.405096054077148438e-01
-1.531981609556964941e-01
-4.777666926383972168e-02
-2.171036601066589355e-01
-1.498645923826984472e-01
-4.289165139198303223e-02
6.181991100311279297e-02
-1.147038943860820837e-01
-6.741258502006530762e-02
-2.886968851089477539e-02
-1.461467526648334569e-01
-7.878971099853515625e-02
-9.926831722259521484e-02
-1.433598778937152929e-01
-8.520439267158508301e-02
-1.545862555503845215e-01
-1.365308396313480443e-01
