0.000000000000000000e+00
0.000000000000000000e+00
0.000000000000000000e+00
3.462785482406616211e-02
-7.183581590652465820e-02
1.009217982916155165e-02
4.673606157302856445e-02
-1.429416537284851074e-01
1.286168264029541319e-02
2.989715337753295898e-02
-2.006100416183471680e-01
1.419935708669939345e-02
6.007254123687744141e-03
-2.226435542106628418e-01
1.396596764950075453e-02
2.546495199203491211e-02
-1.872748732566833496e-01
-1.381404508929762187e-03
-2.784371376037597656e-03
-2.698231339454650879e-01
-3.572838541213485541e-03
-1.893895864486694336e-02
-3.049869835376739502e-01
-3.352096930239412131e-03
-3.118169307708740234e-02
-3.283310830593109131e-01
-2.724253267142984214e-03
-3.756821155548095703e-03
-1.797268986701965332e-01
-8.796768656093689742e-03
-2.943003177642822266e-02
-2.711870074272155762e-01
-1.071346497358760530e-02
-4.241973161697387695e-02
-3.123921453952789307e-01
-1.064707098724326784e-02
-5.114963650703430176e-02
-3.379729986190795898e-01
-1.044446362378081972e-02
-3.196090459823608398e-02
-1.635298132896423340e-01
-1.485186388911685640e-02
-5.361708998680114746e-02
-2.526254653930664062e-01
-1.656259542526683504e-02
-6.381705403327941895e-02
-2.987703382968902588e-01
-1.758076569261035615e-02
-7.067450881004333496e-02
-3.318073153495788574e-01
-1.834073236407718355e-02
-5.787354707717895508e-02
-1.408153772354125977e-01
-1.933994835438213045e-02
-7.369348406791687012e-02
-2.233964204788208008e-01
-2.153679302157840425e-02
-8.169752359390258789e-02
-2.653590440750122070e-01
-2.086778117539367372e-02
-8.711361885070800781e-02
-3.009672164916992188e-01
-1.967467500092467958e-02
