0.000000000000000000e+00
0.000000000000000000e+00
0.000000000000000000e+00
4.887986183166503906e-02
-5.508124828338623047e-02
-1.845173197207827798e-02
8.352047204971313477e-02
-1.363779902458190918e-01
-3.898769835350890389e-02
8.370667695999145508e-02
-2.132769823074340820e-01
-5.424060890791793099e-02
5.791991949081420898e-02
-2.630550265312194824e-01
-7.143998736856360665e-02
5.259740352630615234e-02
-1.429643630981445312e-01
-8.046409333465476266e-02
3.391528129577636719e-02
-2.940835356712341309e-01
-1.099175497364797138e-01
2.105784416198730469e-02
-3.802351355552673340e-01
-1.211599468660153889e-01
1.122009754180908203e-02
-4.518900811672210693e-01
-1.265993475389279865e-01
9.075105190277099609e-03
-1.292380094528198242e-01
-8.314294958827872506e-02
-5.807220935821533203e-03
-2.921844124794006348e-01
-1.148279964399137043e-01
-1.633661985397338867e-02
-3.986661434173583984e-01
-1.275190770101346516e-01
-2.216213941574096680e-02
-4.803942739963531494e-01
-1.353828966092862629e-01
-3.157126903533935547e-02
-1.242788434028625488e-01
-8.322793091056723824e-02
-4.472959041595458984e-02
-2.699214220046997070e-01
-1.085646360587873005e-01
-4.990920424461364746e-02
-3.706670403480529785e-01
-1.214069038104810261e-01
-5.107998847961425781e-02
-4.477414190769195557e-01
-1.286356955241956257e-01
-6.663912534713745117e-02
-1.260793805122375488e-01
-8.271436239002127877e-02
-7.422688603401184082e-02
-2.414556145668029785e-01
-1.036926194500722431e-01
-7.890003919601440430e-02
-3.139621019363403320e-01
-1.145554616522588276e-01
-8.197146654129028320e-02
-3.733253479003906250e-01
-1.210180505585469746e-01
