0.000000000000000000e+00
0.000000000000000000e+00
0.000000000000000000e+00
4.802459478378295898e-02
-5.897867679595947266e-02
-1.507651976763213497e-02
8.878040313720703125e-02
-1.397824287414550781e-01
-3.604104168235267025e-02
1.037627458572387695e-01
-2.221179604530334473e-01
-5.232907257496322018e-02
8.014106750488281250e-02
-2.862855195999145508e-01
-7.120163909613097530e-02
6.217521429061889648e-02
-1.466363072395324707e-01
-8.097183130203688961e-02
3.982663154602050781e-02
-3.038749098777770996e-01
-1.103787737291952453e-01
2.184259891510009766e-02
-3.921669721603393555e-01
-1.224927025240560852e-01
6.117284297943115234e-03
-4.615608155727386475e-01
-1.282251792353292785e-01
1.902395486831665039e-02
-1.269960999488830566e-01
-8.555077187239135128e-02
-1.989185810089111328e-03
-2.986388206481933594e-01
-1.167688386839529358e-01
-1.815140247344970703e-02
-4.077209234237670898e-01
-1.299190538328787170e-01
-2.975589036941528320e-02
-4.860771000385284424e-01
-1.390163021486898742e-01
-2.310478687286376953e-02
-1.189624071121215820e-01
-8.693419567762816769e-02
-4.058229923248291016e-02
-2.761542201042175293e-01
-1.108530702394148193e-01
-5.042353272438049316e-02
-3.798821568489074707e-01
-1.221446933549543701e-01
-5.531129240989685059e-02
-4.552759826183319092e-01
-1.290082054537435852e-01
-6.211814284324645996e-02
-1.216914057731628418e-01
-8.739789001165831905e-02
-7.287788391113281250e-02
-2.521903514862060547e-01
-1.062213497561117492e-01
-7.846966385841369629e-02
-3.302291631698608398e-01
-1.147479432028433166e-01
-8.104604482650756836e-02
-3.917520940303802490e-01
-1.198776753944059692e-01
