0.000000000000000000e+00
0.000000000000000000e+00
0.000000000000000000e+00
2.588200569152832031e-02
-1.013041138648986816e-01
-1.014379892329486665e-02
3.539210557937622070e-02
-2.203097343444824219e-01
-2.413350917230161485e-02
3.402799367904663086e-02
-2.930681705474853516e-01
-3.661406054924043474e-02
1.655250787734985352e-02
-3.230268955230712891e-01
-5.236978843639406023e-02
3.283989429473876953e-02
-1.988204121589660645e-01
-5.908918022940667925e-02
-1.784801483154296875e-02
-3.215833306312561035e-01
-8.909958615730317888e-02
-6.208938360214233398e-02
-3.801733851432800293e-01
-1.062156112475207692e-01
-9.700679779052734375e-02
-4.141304492950439453e-01
-1.164257602376750356e-01
1.097983121871948242e-02
-1.373544931411743164e-01
-6.930518165061982927e-02
-4.362952709197998047e-02
-2.580787539482116699e-01
-9.507440045307191667e-02
-9.569466114044189453e-02
-3.295389413833618164e-01
-1.044565068168452626e-01
-1.330738067626953125e-01
-3.731876015663146973e-01
-1.134496109170726186e-01
-2.206319570541381836e-02
-7.619172334671020508e-02
-7.896199837158235368e-02
-7.353335618972778320e-02
-1.776289343833923340e-01
-1.034084410948565846e-01
-1.184575259685516357e-01
-2.504380941390991211e-01
-1.109027938527873403e-01
-1.482132971286773682e-01
-2.989784479141235352e-01
-1.164905132336429006e-01
-6.133449077606201172e-02
-2.743065357208251953e-02
-8.799561872909578142e-02
-1.060770153999328613e-01
-1.083491444587707520e-01
-1.113745944185069447e-01
-1.391181051731109619e-01
-1.706066131591796875e-01
-1.181610302610209828e-01
-1.641664803028106689e-01
-2.177348732948303223e-01
-1.225364954752734548e-01
