0.000000000000000000e+00
0.000000000000000000e+00
0.000000000000000000e+00
3.688645362854003906e-02
-6.702363491058349609e-02
5.690804880934763332e-03
5.725640058517456055e-02
-1.375082731246948242e-01
6.378928863334465404e-03
4.516911506652832031e-02
-2.035490870475769043e-01
6.786888197886753460e-03
1.978480815887451172e-02
-2.208754420280456543e-01
5.947232910322952648e-03
2.363872528076171875e-02
-1.903585791587829590e-01
-5.567726480883550266e-03
-4.748880863189697266e-03
-2.735452651977539062e-01
-6.988243001622151951e-03
-2.003806829452514648e-02
-3.091397583484649658e-01
-5.710221628767442326e-03
-3.079551458358764648e-02
-3.325243890285491943e-01
-4.738489433300685505e-03
-5.890369415283203125e-03
-1.821327805519104004e-01
-1.123543995164055787e-02
-3.078526258468627930e-02
-2.738355994224548340e-01
-1.298166139714140854e-02
-4.296171665191650391e-02
-3.162595629692077637e-01
-1.273494193993229828e-02
-5.068054795265197754e-02
-3.429512381553649902e-01
-1.278745828859229050e-02
-3.361052274703979492e-02
-1.639888882637023926e-01
-1.570188606820721589e-02
-5.442389845848083496e-02
-2.536887526512145996e-01
-1.780423129640240631e-02
-6.386211514472961426e-02
-3.004589974880218506e-01
-1.941242794237751923e-02
-6.989133358001708984e-02
-3.330242633819580078e-01
-2.085657397947926484e-02
-5.912902951240539551e-02
-1.387925744056701660e-01
-1.895686405442376099e-02
-7.444828748703002930e-02
-2.221515178680419922e-01
-2.169636989675183258e-02
-8.212834596633911133e-02
-2.642644047737121582e-01
-2.197584490023274384e-02
-8.711516857147216797e-02
-3.004312217235565186e-01
-2.177409994147438965e-02
