0.000000000000000000e+00
0.000000000000000000e+00
0.000000000000000000e+00
3.761595487594604492e-02
-6.308060884475708008e-02
5.033467319407236573e-03
6.010395288467407227e-02
-1.284542083740234375e-01
5.445397813417685029e-03
5.329793691635131836e-02
-1.934200525283813477e-01
5.502434336193573472e-03
3.469091653823852539e-02
-2.183492183685302734e-01
4.496284649320614335e-03
2.313548326492309570e-02
-1.903729438781738281e-01
-4.551651067487227920e-03
-5.799829959869384766e-03
-2.728233933448791504e-01
-5.736250075898396972e-03
-2.149522304534912109e-02
-3.088351786136627197e-01
-4.494985676757323745e-03
-3.230404853820800781e-02
-3.325562775135040283e-01
-3.593302675909626487e-03
-6.357192993164062500e-03
-1.822616457939147949e-01
-1.001944962834500075e-02
-3.104317188262939453e-02
-2.738000750541687012e-01
-1.149778637980602980e-02
-4.340273141860961914e-02
-3.147365152835845947e-01
-1.132229354178093672e-02
-5.072924494743347168e-02
-3.400775790214538574e-01
-1.146638590788029433e-02
-3.387576341629028320e-02
-1.635087132453918457e-01
-1.448933325653456450e-02
-5.415567755699157715e-02
-2.542377710342407227e-01
-1.680275343304060698e-02
-6.381556391716003418e-02
-3.001055419445037842e-01
-1.820160180275820494e-02
-6.958660483360290527e-02
-3.317144513130187988e-01
-1.948240503614329100e-02
-5.916303396224975586e-02
-1.373160481452941895e-01
-1.787877745871924162e-02
-7.416304945945739746e-02
-2.203252315521240234e-01
-2.130102842991732359e-02
-8.195289969444274902e-02
-2.628170847892761230e-01
-2.185135811512850523e-02
-8.696341514587402344e-02
-3.000795841217041016e-01
-2.170087687616728545e-02
