0.000000000000000000e+00
0.000000000000000000e+00
0.000000000000000000e+00
2.215546369552612305e-02
-4.125797748565673828e-02
-3.182158751465635760e-02
3.200244903564453125e-02
-8.682072162628173828e-02
-5.775366483308630450e-02
2.899235486984252930e-02
-1.445856094360351562e-01
-7.617142556287603838e-02
1.862114667892456055e-02
-1.840245127677917480e-01
-9.694797305442648394e-02
3.199487924575805664e-02
3.176128864288330078e-02
-1.030890545067961739e-01
2.210688591003417969e-02
-1.014279723167419434e-01
-1.342065533814604805e-01
1.658368110656738281e-02
-1.888934373855590820e-01
-1.454067131695921944e-01
8.496165275573730469e-03
-2.569093704223632812e-01
-1.520150652346785591e-01
1.517635583877563477e-02
5.468249320983886719e-02
-1.023995777783568428e-01
-8.439958095550537109e-03
-1.069937348365783691e-01
-1.367781957802947090e-01
-2.017247676849365234e-02
-2.047072052955627441e-01
-1.484262695727522896e-01
-3.050851821899414062e-02
-2.779055237770080566e-01
-1.596107086358244942e-01
-1.106262207031250000e-04
5.022102594375610352e-02
-9.969915954448538287e-02
-2.749341726303100586e-02
-9.886950254440307617e-02
-1.346384933409865425e-01
-3.262168169021606445e-02
-2.042055726051330566e-01
-1.460544964490111397e-01
-3.981369733810424805e-02
-2.862132191658020020e-01
-1.544133028206999825e-01
-1.452684402465820312e-02
2.223324775695800781e-02
-9.746550528385000689e-02
-3.791826963424682617e-02
-8.193957805633544922e-02
-1.298163881716902779e-01
-4.483342170715332031e-02
-1.550416350364685059e-01
-1.405484726844008492e-01
-5.116760730743408203e-02
-2.206248044967651367e-01
-1.481966277775939034e-01
