0.000000000000000000e+00
0.000000000000000000e+00
0.000000000000000000e+00
3.839498758316040039e-02
-5.981504917144775391e-02
2.417048647089359292e-03
6.358677148818969727e-02
-1.314426660537719727e-01
2.991896563230511674e-03
5.719590187072753906e-02
-2.054458260536193848e-01
3.492890832035300264e-03
3.247976303100585938e-02
-2.192795872688293457e-01
3.131633832140323648e-03
1.780277490615844727e-02
-2.000859379768371582e-01
1.039808008840736875e-03
-7.998168468475341797e-03
-2.701621353626251221e-01
1.527490069179293641e-03
-2.231514453887939453e-02
-3.008385002613067627e-01
1.477476649938580522e-03
-3.189927339553833008e-02
-3.217343688011169434e-01
6.005348735698134988e-04
-1.149195432662963867e-02
-1.923205256462097168e-01
-3.351216695250514022e-03
-3.385365009307861328e-02
-2.730437219142913818e-01
-2.610115592347028723e-03
-4.430228471755981445e-02
-3.126362264156341553e-01
-3.713271140100005141e-03
-5.090412497520446777e-02
-3.407715857028961182e-01
-5.614532648564818373e-03
-3.811740875244140625e-02
-1.720351576805114746e-01
-7.309346950592043868e-03
-5.710735917091369629e-02
-2.530542016029357910e-01
-8.789715382249596587e-03
-6.524074077606201172e-02
-2.993324995040893555e-01
-1.151513497063660907e-02
-7.066580653190612793e-02
-3.342583477497100830e-01
-1.432863532284045505e-02
-6.260678172111511230e-02
-1.426198482513427734e-01
-1.063829104134583758e-02
-7.813891768455505371e-02
-2.173802852630615234e-01
-1.349615587571406650e-02
-8.576536178588867188e-02
-2.570477426052093506e-01
-1.433107259401822375e-02
-9.097164869308471680e-02
-2.926735579967498779e-01
-1.494718624928736972e-02
