0.000000000000000000e+00
0.000000000000000000e+00
0.000000000000000000e+00
3.484535217285156250e-02
-8.338701725006103516e-02
1.070552837656890688e-02
5.184447765350341797e-02
-1.617677211761474609e-01
1.254706696229135332e-02
4.038166999816894531e-02
-2.305403351783752441e-01
1.292674389289771852e-02
1.296645402908325195e-02
-2.466943860054016113e-01
1.094337419228708086e-02
1.312512159347534180e-02
-2.149254679679870605e-01
-5.456393523196823026e-03
-2.956277132034301758e-02
-2.990217804908752441e-01
-8.044963175485975171e-03
-5.272924900054931641e-02
-3.340644240379333496e-01
-7.943765664528257275e-03
-6.857216358184814453e-02
-3.586328625679016113e-01
-8.028228240142709637e-03
-1.723730564117431641e-02
-2.000622749328613281e-01
-1.472206733567560377e-02
-5.834880471229553223e-02
-2.952378690242767334e-01
-1.767651870293462935e-02
-7.977917790412902832e-02
-3.442572057247161865e-01
-1.880082621617162886e-02
-9.443476796150207520e-02
-3.783378899097442627e-01
-2.043217740399683180e-02
-4.718035459518432617e-02
-1.734055876731872559e-01
-2.222774497611368361e-02
-8.125376701354980469e-02
-2.675535082817077637e-01
-2.547066047234380903e-02
-9.900191426277160645e-02
-3.237086832523345947e-01
-2.857070363504732313e-02
-1.117091476917266846e-01
-3.671002388000488281e-01
-3.160918451292360487e-02
-7.521170377731323242e-02
-1.376065611839294434e-01
-2.798127702815378370e-02
-1.024379730224609375e-01
-2.262707948684692383e-01
-3.216809354169214430e-02
-1.163076758384704590e-01
-2.738251090049743652e-01
-3.300143725616777601e-02
-1.267989873886108398e-01
-3.167151510715484619e-01
-3.354133240325296583e-02
