0.000000000000000000e+00
0.000000000000000000e+00
0.000000000000000000e+00
3.837203979492187500e-02
-6.760561466217041016e-02
4.688423576439504359e-03
5.790275335311889648e-02
-1.393412947654724121e-01
5.950625038380508158e-03
5.094325542449951172e-02
-2.012788057327270508e-01
6.102527941251878474e-03
2.865457534790039062e-02
-2.146977186203002930e-01
4.985255638743524287e-03
1.601177453994750977e-02
-2.019122838973999023e-01
1.146682172787905074e-04
-1.019322872161865234e-02
-2.766360044479370117e-01
-2.698682963242049482e-03
-2.508103847503662109e-02
-3.148563802242279053e-01
-5.057911870395059850e-03
-3.593397140502929688e-02
-3.459875583648681641e-01
-7.339489662413711812e-03
-1.279336214065551758e-02
-1.934691667556762695e-01
-6.605739255761022832e-03
-3.800535202026367188e-02
-2.777687609195709229e-01
-1.013161895549785640e-02
-5.047827959060668945e-02
-3.256724178791046143e-01
-1.361636260277521160e-02
-5.897739529609680176e-02
-3.627198338508605957e-01
-1.640491747981798198e-02
-4.036062955856323242e-02
-1.720536351203918457e-01
-1.278556605554115322e-02
-6.305950880050659180e-02
-2.531382441520690918e-01
-1.688594186431657818e-02
-7.347211241722106934e-02
-3.047434389591217041e-01
-2.135268041617166546e-02
-8.075928688049316406e-02
-3.472856283187866211e-01
-2.463126370436441448e-02
-6.532722711563110352e-02
-1.412929892539978027e-01
-1.814817080027353313e-02
-8.313632011413574219e-02
-2.160513401031494141e-01
-2.213732899851095226e-02
-9.245756268501281738e-02
-2.579175233840942383e-01
-2.363717930144559887e-02
-9.922266006469726562e-02
-2.961218059062957764e-01
-2.437969671315443065e-02
