0.000000000000000000e+00
0.000000000000000000e+00
0.000000000000000000e+00
4.295253753662109375e-02
-4.868823289871215820e-02
-1.678419579215528756e-02
7.615953683853149414e-02
-1.122374534606933594e-01
-3.196305688865663797e-02
9.533894062042236328e-02
-1.604121923446655273e-01
-4.502767231710436135e-02
1.025749444961547852e-01
-1.838123798370361328e-01
-6.092221942193987161e-02
6.769138574600219727e-02
-8.488428592681884766e-02
-5.448407214529993325e-02
7.504874467849731445e-02
-1.749517917633056641e-01
-8.170715254195215493e-02
6.874924898147583008e-02
-2.370584607124328613e-01
-1.005504606331157902e-01
6.054109334945678711e-02
-2.725661993026733398e-01
-1.118802828753757694e-01
2.694249153137207031e-02
-7.937413454055786133e-02
-5.803459044940950662e-02
2.532833814620971680e-02
-1.668891310691833496e-01
-8.171917777903558999e-02
2.395969629287719727e-02
-2.272078990936279297e-01
-9.760600608237268716e-02
2.254909276962280273e-02
-2.509405016899108887e-01
-1.113752378190326908e-01
-1.468425989151000977e-02
-7.244217395782470703e-02
-6.126192491896631509e-02
-2.274793386459350586e-02
-1.428529620170593262e-01
-8.269255888112070352e-02
-2.456623315811157227e-02
-1.918575763702392578e-01
-9.631540906079294473e-02
-2.616328001022338867e-02
-2.074568271636962891e-01
-1.066793827379513004e-01
-5.614763498306274414e-02
-6.892615556716918945e-02
-6.472496223099710733e-02
-7.198575139045715332e-02
-1.328495144844055176e-01
-8.405927103407861978e-02
-7.593905925750732422e-02
-1.620274186134338379e-01
-9.310058039076807290e-02
-7.457387447357177734e-02
-1.649833321571350098e-01
-9.983217250950815469e-02
