0.000000000000000000e+00
0.000000000000000000e+00
0.000000000000000000e+00
4.694581031799316406e-02
-4.114556312561035156e-02
-3.165253053123251448e-02
7.052403688430786133e-02
-8.900451660156250000e-02
-6.685897881800428877e-02
7.157236337661743164e-02
-1.376592516899108887e-01
-9.927132899576918135e-02
6.168603897094726562e-02
-1.871649026870727539e-01
-1.339007558923412944e-01
8.874183893203735352e-02
4.055178165435791016e-02
-8.437454874331251631e-02
7.644432783126831055e-02
-8.312427997589111328e-02
-1.301219853263546611e-01
6.315261125564575195e-02
-1.668618917465209961e-01
-1.610066982608486796e-01
5.623000860214233398e-02
-2.341212630271911621e-01
-1.781129034858395244e-01
4.121184349060058594e-02
5.980807542800903320e-02
-9.102297748142973433e-02
2.727216482162475586e-02
-7.215273380279541016e-02
-1.341585310798336650e-01
1.979434490203857422e-02
-1.642765402793884277e-01
-1.526538523536373759e-01
1.773375272750854492e-02
-2.352879643440246582e-01
-1.636781635385204936e-01
-6.785929203033447266e-03
5.676090717315673828e-02
-9.789538557345167646e-02
-1.839768886566162109e-02
-6.543654203414916992e-02
-1.360483112435986186e-01
-1.827526092529296875e-02
-1.503245830535888672e-01
-1.414168419938732768e-01
-1.474291086196899414e-02
-2.157053947448730469e-01
-1.411416622501064921e-01
-4.648813605308532715e-02
3.636157512664794922e-02
-1.067973839741398479e-01
-6.027221679687500000e-02
-4.918015003204345703e-02
-1.307130994897534038e-01
-5.982801318168640137e-02
-1.065723896026611328e-01
-1.280580999952007915e-01
-5.521559715270996094e-02
-1.481414437294006348e-01
-1.236304881673504497e-01
