0.000000000000000000e+00
0.000000000000000000e+00
0.000000000000000000e+00
3.713136911392211914e-02
-6.851434707641601562e-02
6.264320377937337980e-03
5.487972497940063477e-02
-1.370571851730346680e-01
8.078854799947521315e-03
4.784071445465087891e-02
-1.994423866271972656e-01
8.463645622811100111e-03
2.870923280715942383e-02
-2.226139903068542480e-01
7.441311877897760496e-03
1.405459642410278320e-02
-2.029255628585815430e-01
1.087211807003996000e-03
-1.604533195495605469e-02
-2.780134379863739014e-01
-1.111013545909145250e-03
-3.268581628799438477e-02
-3.161483108997344971e-01
-2.598344777965166941e-03
-4.447010159492492676e-02
-3.467364907264709473e-01
-4.152106783607223406e-03
-1.411473751068115234e-02
-1.937918663024902344e-01
-6.121020029553392305e-03
-4.301628470420837402e-02
-2.786411643028259277e-01
-9.289284899153926744e-03
-5.758661031723022461e-02
-3.252317309379577637e-01
-1.220474179021380223e-02
-6.665581464767456055e-02
-3.604420721530914307e-01
-1.453449643335602559e-02
-4.177588224411010742e-02
-1.713376045227050781e-01
-1.270416724614165105e-02
-6.628981232643127441e-02
-2.546567320823669434e-01
-1.707559424571059026e-02
-7.851639389991760254e-02
-3.062835037708282471e-01
-2.168276320330164708e-02
-8.664575219154357910e-02
-3.484430015087127686e-01
-2.495572875372431554e-02
-6.771212816238403320e-02
-1.390051245689392090e-01
-1.819889965585730351e-02
-8.748316764831542969e-02
-2.157759070396423340e-01
-2.300186055830977239e-02
-9.804764389991760254e-02
-2.576091289520263672e-01
-2.498177225820086278e-02
-1.057789325714111328e-01
-2.967185676097869873e-01
-2.585591721467039861e-02
