0.000000000000000000e+00
0.000000000000000000e+00
0.000000000000000000e+00
4.846370220184326172e-02
-4.513716697692871094e-02
-1.893384172055334602e-02
8.880913257598876953e-02
-1.153132915496826172e-01
-4.300421825084299599e-02
9.448122978210449219e-02
-1.832958459854125977e-01
-6.148263043198198829e-02
7.215940952301025391e-02
-2.325068712234497070e-01
-8.183065778050035988e-02
6.388884782791137695e-02
-1.067365407943725586e-01
-8.711917674574465309e-02
5.019205808639526367e-02
-2.545540928840637207e-01
-1.198590097430667356e-01
3.853720426559448242e-02
-3.420584201812744141e-01
-1.343045381310901121e-01
2.869266271591186523e-02
-4.122496843338012695e-01
-1.419640479091128782e-01
1.837503910064697266e-02
-9.020584821701049805e-02
-9.104704833063692604e-02
7.200300693511962891e-03
-2.517462968826293945e-01
-1.237403226498088316e-01
-1.571059226989746094e-03
-3.515771627426147461e-01
-1.360026297572574094e-01
-8.660018444061279297e-03
-4.248850941658020020e-01
-1.446470317843875364e-01
-2.468115091323852539e-02
-9.001457691192626953e-02
-9.248015260729403053e-02
-3.748124837875366211e-02
-2.318904995918273926e-01
-1.178923917416057066e-01
-4.212963581085205078e-02
-3.249288797378540039e-01
-1.279118207696399168e-01
-4.430085420608520508e-02
-3.964895606040954590e-01
-1.343126890662631467e-01
-6.380754709243774414e-02
-1.018305420875549316e-01
-9.349846816095919166e-02
-7.258775830268859863e-02
-2.096739411354064941e-01
-1.132315618399104551e-01
-7.666572928428649902e-02
-2.724856138229370117e-01
-1.210810986760577634e-01
-7.867932319641113281e-02
-3.263764977455139160e-01
-1.263559607270678953e-01
