0.000000000000000000e+00
0.000000000000000000e+00
0.000000000000000000e+00
4.091286659240722656e-02
-5.830830335617065430e-02
-3.254007553053384072e-03
6.485062837600708008e-02
-1.332633495330810547e-01
-7.826972990599756486e-03
6.207084655761718750e-02
-2.082034349441528320e-01
-1.141507109191763902e-02
3.615838289260864258e-02
-2.339826822280883789e-01
-1.652272535052645708e-02
2.495014667510986328e-02
-1.914138197898864746e-01
-2.051904355671752000e-02
-2.038776874542236328e-03
-2.877499461174011230e-01
-2.950292197552073503e-02
-1.722532510757446289e-02
-3.385963439941406250e-01
-3.410884854879725481e-02
-2.854895591735839844e-02
-3.798821866512298584e-01
-3.699415294018137956e-02
-6.060481071472167969e-03
-1.824035644531250000e-01
-2.466637758102763200e-02
-3.200900554656982422e-02
-2.919810712337493896e-01
-3.464686987486231828e-02
-4.521346092224121094e-02
-3.578501045703887939e-01
-4.031065595832217241e-02
-5.394735932350158691e-02
-4.067495763301849365e-01
-4.408368957724917436e-02
-3.624737262725830078e-02
-1.656957268714904785e-01
-2.785241720762599016e-02
-5.834856629371643066e-02
-2.675740718841552734e-01
-3.646512073960650469e-02
-6.879734992980957031e-02
-3.346900343894958496e-01
-4.289529962029803301e-02
-7.526555657386779785e-02
-3.853972256183624268e-01
-4.697812838044512773e-02
-6.477871537208557129e-02
-1.432808637619018555e-01
-3.046889720049250627e-02
-8.075758814811706543e-02
-2.339960336685180664e-01
-3.810177860346186662e-02
-8.969852328300476074e-02
-2.862325310707092285e-01
-4.159489390936244035e-02
-9.578165411949157715e-02
-3.306222259998321533e-01
-4.340892402019846941e-02
