0.000000000000000000e+00
0.000000000000000000e+00
0.000000000000000000e+00
4.813373088836669922e-02
-5.345708131790161133e-02
-1.223534938185366627e-02
8.849811553955078125e-02
-1.229753494262695312e-01
-3.250285085528048512e-02
1.041117906570434570e-01
-1.902001500129699707e-01
-4.932726394622477528e-02
8.299660682678222656e-02
-2.448938488960266113e-01
-7.038467224924715993e-02
6.734287738800048828e-02
-1.321471929550170898e-01
-7.801360484450015065e-02
4.645001888275146484e-02
-2.838842272758483887e-01
-1.088114067563310527e-01
2.914947271347045898e-02
-3.755632042884826660e-01
-1.250613093027368450e-01
1.463752985000610352e-02
-4.445935785770416260e-01
-1.346944331774011516e-01
2.700525522232055664e-02
-1.124727129936218262e-01
-8.607873913138064381e-02
4.950046539306640625e-03
-2.816982269287109375e-01
-1.153672620305314922e-01
-1.110458374023437500e-02
-3.915723860263824463e-01
-1.286236405023828411e-01
-2.339738607406616211e-02
-4.669149518013000488e-01
-1.399527847418085003e-01
-1.408731937408447266e-02
-1.027778983116149902e-01
-9.113772806017550465e-02
-3.487753868103027344e-02
-2.561901211738586426e-01
-1.145658775815263652e-01
-4.583936929702758789e-02
-3.584043383598327637e-01
-1.240902080783143901e-01
-5.227518081665039062e-02
-4.304873943328857422e-01
-1.315586626180902385e-01
-5.292874574661254883e-02
-1.035103797912597656e-01
-9.532943215458544728e-02
-6.716814637184143066e-02
-2.239423990249633789e-01
-1.146693139919534588e-01
-7.594403624534606934e-02
-2.989206910133361816e-01
-1.210609435686365032e-01
-8.159959316253662109e-02
-3.577579259872436523e-01
-1.258950590738550090e-01
