0.000000000000000000e+00
0.000000000000000000e+00
0.000000000000000000e+00
3.824079036712646484e-02
-6.542313098907470703e-02
5.026941959187070097e-03
6.057268381118774414e-02
-1.365278959274291992e-01
5.878874872252026762e-03
5.010217428207397461e-02
-2.053266167640686035e-01
6.654083568975011076e-03
2.630227804183959961e-02
-2.207724452018737793e-01
6.377778321876803602e-03
2.354067564010620117e-02
-1.925305128097534180e-01
-4.371122616902312075e-03
-4.231095314025878906e-03
-2.743067741394042969e-01
-4.840608846023997103e-03
-1.940894126892089844e-02
-3.091010153293609619e-01
-2.972001136839708124e-03
-3.029578924179077148e-02
-3.318910300731658936e-01
-1.826917912438830172e-03
-6.122410297393798828e-03
-1.840068697929382324e-01
-9.616268027201613222e-03
-3.061354160308837891e-02
-2.753427028656005859e-01
-1.088792753554912451e-02
-4.254958033561706543e-02
-3.163651823997497559e-01
-1.058418878503175620e-02
-5.019071698188781738e-02
-3.416618108749389648e-01
-1.073098105527492407e-02
-3.368765115737915039e-02
-1.652887463569641113e-01
-1.377169151939483527e-02
-5.415219068527221680e-02
-2.562743425369262695e-01
-1.576949113197656516e-02
-6.354123353958129883e-02
-3.029447793960571289e-01
-1.742113956399293784e-02
-6.960663199424743652e-02
-3.352190554141998291e-01
-1.901080102808805350e-02
-5.890280008316040039e-02
-1.395909190177917480e-01
-1.681091652400823477e-02
-7.468935847282409668e-02
-2.233137488365173340e-01
-1.965388299115033988e-02
-8.251309394836425781e-02
-2.657970190048217773e-01
-2.026253395862909201e-02
-8.755564689636230469e-02
-3.027023673057556152e-01
-2.043101207502218131e-02
