0.000000000000000000e+00
0.000000000000000000e+00
0.000000000000000000e+00
3.896230459213256836e-02
-6.518423557281494141e-02
5.113522511173584917e-03
6.156837940216064453e-02
-1.294546127319335938e-01
5.100253958453038194e-03
5.712240934371948242e-02
-1.951003074645996094e-01
4.675831634749272325e-03
3.734678030014038086e-02
-2.240411043167114258e-01
3.216518311027982691e-03
2.494949102401733398e-02
-1.906954646110534668e-01
-5.883989866624972365e-03
-1.948177814483642578e-03
-2.762838602066040039e-01
-7.839909765671393416e-03
-1.810401678085327148e-02
-3.124397099018096924e-01
-7.062207918416163466e-03
-3.026276826858520508e-02
-3.348762691020965576e-01
-6.123147915850779555e-03
-4.652380943298339844e-03
-1.827858090400695801e-01
-1.139341109598746016e-02
-2.912712097167968750e-02
-2.777229845523834229e-01
-1.335376502181162550e-02
-4.232811927795410156e-02
-3.224672675132751465e-01
-1.339193714017739012e-02
-5.103924870491027832e-02
-3.503170013427734375e-01
-1.359739528204073622e-02
-3.274667263031005859e-02
-1.650125980377197266e-01
-1.578803920353522017e-02
-5.189463496208190918e-02
-2.586296200752258301e-01
-1.796550863588919356e-02
-6.211179494857788086e-02
-3.077185451984405518e-01
-1.917936653996576979e-02
-6.946387887001037598e-02
-3.406891226768493652e-01
-2.031176165844073012e-02
-5.862447619438171387e-02
-1.395460367202758789e-01
-1.908493788148035719e-02
-7.350847125053405762e-02
-2.243275046348571777e-01
-2.231733688319792464e-02
-8.171260356903076172e-02
-2.682141661643981934e-01
-2.245407180095781996e-02
-8.735570311546325684e-02
-3.049188852310180664e-01
-2.185589262450804426e-02
