0.000000000000000000e+00
0.000000000000000000e+00
0.000000000000000000e+00
5.432826280593872070e-02
-5.481636524200439453e-02
-4.311799335985710968e-02
8.827912807464599609e-02
-7.993251085281372070e-02
-8.110158968477776398e-02
9.290695190429687500e-02
-9.824466705322265625e-02
-1.145427532842688834e-01
8.293932676315307617e-02
-1.273676753044128418e-01
-1.484045319607787405e-01
1.184593439102172852e-01
6.466728448867797852e-02
-9.526552337914040436e-02
1.122134923934936523e-01
-1.020413637161254883e-02
-1.502787255099349295e-01
8.470660448074340820e-02
-8.326882123947143555e-02
-1.824048243811660086e-01
6.079196929931640625e-02
-1.612256765365600586e-01
-1.971785806468062674e-01
6.691831350326538086e-02
1.032419800758361816e-01
-9.891866225510170807e-02
4.284828901290893555e-02
-2.491331100463867188e-02
-1.562210403731398856e-01
2.322095632553100586e-02
-1.306270956993103027e-01
-1.763578884652190482e-01
9.522140026092529297e-03
-2.222613096237182617e-01
-1.841770939877562796e-01
1.123911142349243164e-02
1.084894537925720215e-01
-1.048782550147109305e-01
-7.818460464477539062e-03
-2.071738243103027344e-02
-1.568681381991439139e-01
-2.074348926544189453e-02
-1.156285405158996582e-01
-1.613660835078292166e-01
-2.920338511466979980e-02
-1.953415870666503906e-01
-1.561560266068511282e-01
-3.613790869712829590e-02
8.696788549423217773e-02
-1.135148264816336905e-01
-5.199083685874938965e-02
-5.433678627014160156e-03
-1.504855983307891165e-01
-5.798730254173278809e-02
-7.835394144058227539e-02
-1.495652579119735037e-01
-5.961969494819641113e-02
-1.349551677703857422e-01
-1.424743317416243826e-01
