0.000000000000000000e+00
0.000000000000000000e+00
0.000000000000000000e+00
5.051517486572265625e-02
-5.516201257705688477e-02
-1.512172757577445736e-02
9.033107757568359375e-02
-1.329205036163330078e-01
-3.807223061960485211e-02
1.048014760017395020e-01
-2.127023339271545410e-01
-5.636284346621778241e-02
7.792037725448608398e-02
-2.722376585006713867e-01
-7.799270222824361554e-02
6.105428934097290039e-02
-1.355772018432617188e-01
-8.620797316473272076e-02
3.999638557434082031e-02
-2.848129272460937500e-01
-1.185471362892940306e-01
2.302330732345581055e-02
-3.743012547492980957e-01
-1.333007387344196104e-01
9.257376194000244141e-03
-4.446249902248382568e-01
-1.413976422969653868e-01
1.720190048217773438e-02
-1.165646314620971680e-01
-9.297922472399022809e-02
-1.580834388732910156e-03
-2.850111722946166992e-01
-1.257745049421146177e-01
-1.669543981552124023e-02
-3.959167599678039551e-01
-1.403743944589450621e-01
-2.619844675064086914e-02
-4.752255976200103760e-01
-1.514167062465503477e-01
-2.473682165145874023e-02
-1.097041964530944824e-01
-9.634080748003270855e-02
-4.096254706382751465e-02
-2.670817971229553223e-01
-1.226328111712291502e-01
-5.053481459617614746e-02
-3.709918260574340820e-01
-1.353067628566577696e-01
-5.423927307128906250e-02
-4.473868012428283691e-01
-1.441510192577197813e-01
-6.246405839920043945e-02
-1.126333475112915039e-01
-9.858885626238134137e-02
-7.553061842918395996e-02
-2.321245670318603516e-01
-1.204260684077098631e-01
-8.265575766563415527e-02
-3.058560490608215332e-01
-1.302213988725497984e-01
-8.573958277702331543e-02
-3.663268089294433594e-01
-1.369527153198077940e-01
