0.000000000000000000e+00
0.000000000000000000e+00
0.000000000000000000e+00
3.150975704193115234e-02
-6.136286258697509766e-02
-3.093412455243083059e-02
3.820735216140747070e-02
-1.389464139938354492e-01
-6.135745842081519186e-02
3.077113628387451172e-02
-2.219626903533935547e-01
-8.691597852927657186e-02
1.890498399734497070e-02
-2.836836576461791992e-01
-1.163660523675105196e-01
4.144877195358276367e-02
-3.759419918060302734e-02
-9.375617776137801229e-02
3.057515621185302734e-02
-1.583243608474731445e-01
-1.280832079432627779e-01
2.401900291442871094e-02
-2.341861128807067871e-01
-1.462700751803538424e-01
1.891094446182250977e-02
-3.019316792488098145e-01
-1.567480352900645357e-01
1.578211784362792969e-03
-1.318949460983276367e-02
-9.796720121127577841e-02
-1.233279705047607422e-02
-1.516441702842712402e-01
-1.328306433938166720e-01
-1.738655567169189453e-02
-2.481926679611206055e-01
-1.449797687314173800e-01
-2.229231595993041992e-02
-3.248175978660583496e-01
-1.550180700801035982e-01
-3.550237417221069336e-02
-1.060724258422851562e-02
-1.006596324227473360e-01
-5.638957023620605469e-02
-1.456076502799987793e-01
-1.359473702691218477e-01
-5.882197618484497070e-02
-2.394658923149108887e-01
-1.413215783618113619e-01
-6.160211563110351562e-02
-3.105636239051818848e-01
-1.434767780087611300e-01
-6.684070825576782227e-02
-2.610856294631958008e-02
-1.045264986537119967e-01
-8.629131317138671875e-02
-1.347159147262573242e-01
-1.333771732829234224e-01
-8.750915527343750000e-02
-2.006425261497497559e-01
-1.342704382918498140e-01
-8.541432023048400879e-02
-2.560420632362365723e-01
-1.337245938561579806e-01
