0.000000000000000000e+00
0.000000000000000000e+00
0.000000000000000000e+00
3.047800064086914062e-02
-3.869873285293579102e-02
-2.160128499855495932e-02
4.967874288558959961e-02
-8.458429574966430664e-02
-3.957003835131622793e-02
5.527061223983764648e-02
-1.081146001815795898e-01
-5.554217952777840139e-02
5.173528194427490234e-02
-1.167618036270141602e-01
-7.055189568092323782e-02
2.332013845443725586e-02
-8.956402540206909180e-02
-4.116563606550194265e-02
3.164142370223999023e-02
-1.189169883728027344e-01
-6.724864352037407400e-02
3.558802604675292969e-02
-1.137834191322326660e-01
-8.335863161375023367e-02
3.992235660552978516e-02
-8.498084545135498047e-02
-8.978858697702385427e-02
-9.123980998992919922e-03
-6.665050983428955078e-02
-3.787637609531380178e-02
-1.093697547912597656e-02
-9.689188003540039062e-02
-5.958695072223640921e-02
-9.886384010314941406e-03
-9.440267086029052734e-02
-7.151066619445778372e-02
-2.085268497467041016e-03
-6.740403175354003906e-02
-7.910212236930824758e-02
-3.933376073837280273e-02
-3.916460275650024414e-02
-3.628895539333321096e-02
-4.703807830810546875e-02
-6.307917833328247070e-02
-5.502560842325188162e-02
-4.662424325942993164e-02
-5.908209085464477539e-02
-6.650322783281303884e-02
-3.893721103668212891e-02
-3.755736351013183594e-02
-7.274893033792473318e-02
-6.449192762374877930e-02
-8.353114128112792969e-03
-3.549512583305336477e-02
-8.085137605667114258e-02
-2.691262960433959961e-02
-4.677165407230354788e-02
-8.864712715148925781e-02
-2.700334787368774414e-02
-5.393715682913757803e-02
-8.829987049102783203e-02
-1.444655656814575195e-02
-5.914187911440826895e-02
