0.000000000000000000e+00
0.000000000000000000e+00
0.000000000000000000e+00
5.069476366043090820e-02
-4.872047901153564453e-02
-1.719317448367974066e-02
9.510791301727294922e-02
-1.194637417793273926e-01
-4.116377283861538672e-02
1.142020225524902344e-01
-1.907159090042114258e-01
-6.057238255669972204e-02
9.669333696365356445e-02
-2.488536238670349121e-01
-8.306853895118138098e-02
6.907945871353149414e-02
-1.263155937194824219e-01
-8.809993092944523596e-02
5.942797660827636719e-02
-2.726032137870788574e-01
-1.218048152797450712e-01
5.222111940383911133e-02
-3.623524904251098633e-01
-1.372149852388133695e-01
4.540169239044189453e-02
-4.336503446102142334e-01
-1.460216162078609159e-01
2.487152814865112305e-02
-1.146891713142395020e-01
-9.485368107488056921e-02
1.749384403228759766e-02
-2.729186415672302246e-01
-1.299408790939082792e-01
1.480937004089355469e-02
-3.745936155319213867e-01
-1.445041266553630521e-01
1.317209005355834961e-02
-4.502807259559631348e-01
-1.552242455356349637e-01
-1.894283294677734375e-02
-1.110857725143432617e-01
-9.894052569796940588e-02
-2.624499797821044922e-02
-2.468120455741882324e-01
-1.279036221378078153e-01
-2.405536174774169922e-02
-3.400315046310424805e-01
-1.410314557426204374e-01
-2.005189657211303711e-02
-4.142228364944458008e-01
-1.497936365478267362e-01
-5.909493565559387207e-02
-1.151591539382934570e-01
-1.022543874852885892e-01
-6.335282325744628906e-02
-2.200758457183837891e-01
-1.259738323562373807e-01
-6.585857272148132324e-02
-2.848639488220214844e-01
-1.368045923583736112e-01
-6.734365224838256836e-02
-3.420703411102294922e-01
-1.444249418847789457e-01
