0.000000000000000000e+00
0.000000000000000000e+00
0.000000000000000000e+00
3.839725255966186523e-02
-6.349176168441772461e-02
4.959763427272889658e-03
6.004232168197631836e-02
-1.324811577796936035e-01
5.642007970259044214e-03
4.944700002670288086e-02
-1.996658444404602051e-01
6.200099297807071252e-03
2.619463205337524414e-02
-2.191028594970703125e-01
5.747106791481826349e-03
2.274590730667114258e-02
-1.909034252166748047e-01
-4.894723250522758917e-03
-5.181014537811279297e-03
-2.732319235801696777e-01
-5.608902378931190924e-03
-2.074289321899414062e-02
-3.087754249572753906e-01
-3.492544005617048697e-03
-3.174966573715209961e-02
-3.309138715267181396e-01
-1.979272413059618430e-03
-6.895601749420166016e-03
-1.827260255813598633e-01
-9.985215096726562933e-03
-3.134036064147949219e-02
-2.746252417564392090e-01
-1.159207063819422956e-02
-4.311668872833251953e-02
-3.144022524356842041e-01
-1.088788739497914548e-02
-5.026033520698547363e-02
-3.383651971817016602e-01
-1.044087025429263349e-02
-3.440654277801513672e-02
-1.642969846725463867e-01
-1.399253315384640928e-02
-5.506354570388793945e-02
-2.546963095664978027e-01
-1.609824976976170774e-02
-6.408721208572387695e-02
-3.012185692787170410e-01
-1.727886690850510831e-02
-6.959661841392517090e-02
-3.332721889019012451e-01
-1.836586005146756406e-02
-5.959776043891906738e-02
-1.383992433547973633e-01
-1.687905571515813108e-02
-7.527971267700195312e-02
-2.216174602508544922e-01
-1.967470354492917295e-02
-8.291137218475341797e-02
-2.637488245964050293e-01
-2.000781900341763730e-02
-8.758494257926940918e-02
-3.003177046775817871e-01
-1.983451104815259214e-02
