0.000000000000000000e+00
0.000000000000000000e+00
0.000000000000000000e+00
4.144871234893798828e-02
-6.236690282821655273e-02
-5.102414863472404249e-03
7.654988765716552734e-02
-1.376463174819946289e-01
-1.748508470348042465e-02
8.721065521240234375e-02
-2.197569608688354492e-01
-2.714175613812130905e-02
6.184828281402587891e-02
-2.725157737731933594e-01
-3.935417788318318344e-02
4.644119739532470703e-02
-1.690219044685363770e-01
-5.238794045737904526e-02
2.211678028106689453e-02
-3.114522099494934082e-01
-7.152962940028828598e-02
4.034399986267089844e-03
-3.806651234626770020e-01
-7.817224668553990341e-02
-1.163208484649658203e-02
-4.301793277263641357e-01
-8.039666967681569076e-02
9.271144866943359375e-03
-1.527109146118164062e-01
-5.831281723669690109e-02
-1.396948099136352539e-02
-3.062744140625000000e-01
-7.863623904279393173e-02
-2.964216470718383789e-02
-3.907497823238372803e-01
-8.548864977649373031e-02
-4.163444042205810547e-02
-4.466221332550048828e-01
-8.967454986861866928e-02
-2.880156040191650391e-02
-1.395165324211120605e-01
-6.168923409870785690e-02
-4.670786857604980469e-02
-2.855613231658935547e-01
-7.782542215875309921e-02
-5.801495909690856934e-02
-3.724881112575531006e-01
-8.446910487703007675e-02
-6.659904122352600098e-02
-4.329524636268615723e-01
-8.804719405463856674e-02
-6.548354029655456543e-02
-1.286104321479797363e-01
-6.366618978074711777e-02
-7.525923848152160645e-02
-2.568066120147705078e-01
-7.647454994014424301e-02
-8.093294501304626465e-02
-3.238763213157653809e-01
-8.062554406217259384e-02
-8.626669645309448242e-02
-3.757048547267913818e-01
-8.244319515517872787e-02
