0.000000000000000000e+00
0.000000000000000000e+00
0.000000000000000000e+00
2.287709712982177734e-02
-1.000638008117675781e-01
1.018033930779949081e-02
3.351503610610961914e-02
-1.852504611015319824e-01
5.395168063506039502e-03
1.178681850433349609e-02
-2.553917169570922852e-01
-1.332929267272797702e-03
-2.164918184280395508e-02
-2.767226099967956543e-01
-1.138620442031368363e-02
1.165932416915893555e-02
-2.365236282348632812e-01
-1.942982794968828308e-02
-4.946190118789672852e-02
-3.260758519172668457e-01
-3.042975152163251984e-02
-8.561298251152038574e-02
-3.619523942470550537e-01
-3.466376373796209442e-02
-1.110534667968750000e-01
-3.859341740608215332e-01
-3.657093728213056671e-02
-1.832294464111328125e-02
-2.145122289657592773e-01
-3.203631276516660797e-02
-7.723015546798706055e-02
-3.267760872840881348e-01
-4.107851991681799042e-02
-1.102254986763000488e-01
-3.776487410068511963e-01
-4.228242198257192719e-02
-1.345949470996856689e-01
-4.116550683975219727e-01
-4.335421407847150910e-02
-4.946368932723999023e-02
-1.802465319633483887e-01
-4.237757334737524140e-02
-1.014977097511291504e-01
-2.935470342636108398e-01
-4.970734277991994965e-02
-1.309024095535278320e-01
-3.479104638099670410e-01
-4.974802667526945221e-02
-1.515768170356750488e-01
-3.883566856384277344e-01
-5.020760456351980316e-02
-8.081743121147155762e-02
-1.352391242980957031e-01
-5.097675780086263764e-02
-1.201883554458618164e-01
-2.362635135650634766e-01
-5.886738831429227936e-02
-1.414090096950531006e-01
-2.887442708015441895e-01
-5.838840166358694184e-02
-1.588027775287628174e-01
-3.338827490806579590e-01
-5.715254033236250031e-02
