0.000000000000000000e+00
0.000000000000000000e+00
0.000000000000000000e+00
3.661274909973144531e-02
-7.090395689010620117e-02
7.931064742173532522e-03
5.157059431076049805e-02
-1.453678011894226074e-01
9.421206938590387381e-03
3.587788343429565430e-02
-2.074194550514221191e-01
9.781027140583375967e-03
9.343683719635009766e-03
-2.236887812614440918e-01
8.296376022066453970e-03
2.641987800598144531e-02
-1.857370734214782715e-01
-4.395986513678451502e-03
-9.889602661132812500e-04
-2.706530094146728516e-01
-8.018311185274740183e-03
-1.715379953384399414e-02
-3.093305230140686035e-01
-8.786153120432516062e-03
-2.910029888153076172e-02
-3.347106873989105225e-01
-8.882699606452604257e-03
-4.144370555877685547e-03
-1.788572072982788086e-01
-1.148353803667845341e-02
-2.826368808746337891e-02
-2.739603817462921143e-01
-1.467570949110807987e-02
-4.034167528152465820e-02
-3.187605440616607666e-01
-1.493355918440641972e-02
-4.858535528182983398e-02
-3.461323380470275879e-01
-1.495887066933931919e-02
-3.299546241760253906e-02
-1.628322601318359375e-01
-1.736939240011992069e-02
-5.255207419395446777e-02
-2.550749182701110840e-01
-2.010183881733240696e-02
-6.163474917411804199e-02
-3.041604757308959961e-01
-2.135626327011408421e-02
-6.756457686424255371e-02
-3.387885987758636475e-01
-2.230374242875399204e-02
-5.923837423324584961e-02
-1.399224996566772461e-01
-2.192173439774336430e-02
-7.373455166816711426e-02
-2.235582470893859863e-01
-2.462886746737780186e-02
-8.074703812599182129e-02
-2.682152390480041504e-01
-2.423376131567778202e-02
-8.560091257095336914e-02
-3.062069714069366455e-01
-2.347647312793554875e-02
