0.000000000000000000e+00
0.000000000000000000e+00
0.000000000000000000e+00
3.562921285629272461e-02
-7.484525442123413086e-02
7.706009838219785024e-03
5.455893278121948242e-02
-1.526235938072204590e-01
9.187390151854657461e-03
4.547941684722900391e-02
-2.260636687278747559e-01
9.665776099499368001e-03
1.890951395034790039e-02
-2.395529747009277344e-01
8.056785966690682699e-03
1.196229457855224609e-02
-2.122285962104797363e-01
-4.250022993002033900e-03
-2.663779258728027344e-02
-2.945715487003326416e-01
-6.664328221742010783e-03
-4.847580194473266602e-02
-3.304433524608612061e-01
-7.493913583967781733e-03
-6.354632973670959473e-02
-3.563284575939178467e-01
-8.575828690592146586e-03
-1.712679862976074219e-02
-1.985793709754943848e-01
-1.212953677451977796e-02
-5.490446090698242188e-02
-2.906778752803802490e-01
-1.461528888023266859e-02
-7.489269971847534180e-02
-3.385716080665588379e-01
-1.653990982151398725e-02
-8.883360028266906738e-02
-3.723112642765045166e-01
-1.900359144485364027e-02
-4.557907581329345703e-02
-1.721345782279968262e-01
-1.871647400832543440e-02
-7.740700244903564453e-02
-2.625044584274291992e-01
-2.210798015869031019e-02
-9.439018368721008301e-02
-3.174340426921844482e-01
-2.620660973763833113e-02
-1.070195436477661133e-01
-3.597754836082458496e-01
-3.004780685580143995e-02
-7.248321175575256348e-02
-1.366666555404663086e-01
-2.394211379862198896e-02
-9.797304868698120117e-02
-2.215409874916076660e-01
-2.865941910124192304e-02
-1.116563379764556885e-01
-2.680933475494384766e-01
-3.077765828049550123e-02
-1.223318576812744141e-01
-3.102182447910308838e-01
-3.237156657553086347e-02
