0.000000000000000000e+00
0.000000000000000000e+00
0.000000000000000000e+00
4.950600862503051758e-02
-5.182182788848876953e-02
-1.427912634775907463e-02
9.083908796310424805e-02
-1.183933019638061523e-01
-3.644649048314363426e-02
1.031452417373657227e-01
-1.881943941116333008e-01
-5.451643203363687462e-02
8.344179391860961914e-02
-2.489187717437744141e-01
-7.683673237428934044e-02
6.508785486221313477e-02
-1.001510620117187500e-01
-8.570806418524057335e-02
4.691624641418457031e-02
-2.462099790573120117e-01
-1.206956181393650240e-01
3.243994712829589844e-02
-3.445971012115478516e-01
-1.397074509130504794e-01
1.938766241073608398e-02
-4.208735525608062744e-01
-1.509336281286266512e-01
2.112203836441040039e-02
-7.683223485946655273e-02
-9.465070550308496422e-02
3.468632698059082031e-03
-2.445673942565917969e-01
-1.290180433259990878e-01
-1.169067621231079102e-02
-3.603895306587219238e-01
-1.459316659437206454e-01
-2.302873134613037109e-02
-4.398115277290344238e-01
-1.594247717128780550e-01
-1.988869905471801758e-02
-6.916874647140502930e-02
-1.003159705267933077e-01
-3.794398903846740723e-02
-2.216489911079406738e-01
-1.283232766853359408e-01
-4.956695437431335449e-02
-3.292472362518310547e-01
-1.409813809858349032e-01
-5.680772662162780762e-02
-4.061805605888366699e-01
-1.500721621976879305e-01
-5.768793821334838867e-02
-7.602161169052124023e-02
-1.049688804613140292e-01
-7.234022021293640137e-02
-1.910533308982849121e-01
-1.276560026870754427e-01
-8.053582906723022461e-02
-2.659199237823486328e-01
-1.356499690280941195e-01
-8.506649732589721680e-02
-3.259885311126708984e-01
-1.414042312370327181e-01
