0.000000000000000000e+00
0.000000000000000000e+00
0.000000000000000000e+00
4.096609354019165039e-02
-5.587881803512573242e-02
2.061520892056023513e-04
7.127290964126586914e-02
-1.267254352569580078e-01
-5.896818784847823736e-03
7.750493288040161133e-02
-2.072572708129882812e-01
-1.103608911655840075e-02
5.091369152069091797e-02
-2.450563907623291016e-01
-1.837346279792484438e-02
4.179573059082031250e-02
-1.809304356575012207e-01
-2.706533619932827150e-02
1.617997884750366211e-02
-2.966851294040679932e-01
-3.806414777211841738e-02
-1.892983913421630859e-03
-3.491562902927398682e-01
-4.216771149806675112e-02
-1.574575901031494141e-02
-3.833506107330322266e-01
-4.364703172616657412e-02
9.624361991882324219e-03
-1.720382571220397949e-01
-3.347218358688053286e-02
-1.558041572570800781e-02
-2.999553680419921875e-01
-4.529996538333591616e-02
-3.148102760314941406e-02
-3.650284707546234131e-01
-4.984529638461765444e-02
-4.388183355331420898e-02
-4.056612253189086914e-01
-5.257422799043354189e-02
-2.405667304992675781e-02
-1.579411029815673828e-01
-3.811469623617824709e-02
-4.395696520805358887e-02
-2.813331484794616699e-01
-4.764604890517887270e-02
-5.486118793487548828e-02
-3.503160178661346436e-01
-5.181645178966221010e-02
-6.363120675086975098e-02
-3.968536257743835449e-01
-5.424758741430935061e-02
-5.731391906738281250e-02
-1.400408148765563965e-01
-4.152937182955440676e-02
-6.981471180915832520e-02
-2.507076263427734375e-01
-4.935754040054973757e-02
-7.550022006034851074e-02
-3.082503974437713623e-01
-5.126850256495174563e-02
-7.981342077255249023e-02
-3.535308241844177246e-01
-5.187923410706218874e-02
