0.000000000000000000e+00
0.000000000000000000e+00
0.000000000000000000e+00
4.506015777587890625e-02
-5.669277906417846680e-02
-1.027268878590348322e-02
8.397346735000610352e-02
-1.355397701263427734e-01
-2.943006772022727091e-02
9.805184602737426758e-02
-2.087889313697814941e-01
-4.499154593270304758e-02
7.478076219558715820e-02
-2.608792781829833984e-01
-6.444110404174807627e-02
6.371301412582397461e-02
-1.473230719566345215e-01
-7.790467570941927988e-02
4.021602869033813477e-02
-2.999162077903747559e-01
-1.070819986931610401e-01
2.454876899719238281e-02
-3.893678188323974609e-01
-1.207531137339401539e-01
1.182353496551513672e-02
-4.590992033481597900e-01
-1.286349488369751271e-01
2.221900224685668945e-02
-1.243870854377746582e-01
-8.666169326227191050e-02
1.623630523681640625e-03
-2.923408746719360352e-01
-1.168599916569519337e-01
-1.377230882644653320e-02
-4.024732112884521484e-01
-1.298452360503006275e-01
-2.412724494934082031e-02
-4.823282659053802490e-01
-1.399119539133835133e-01
-1.913344860076904297e-02
-1.127589941024780273e-01
-9.199228565614703257e-02
-3.712457418441772461e-02
-2.666985392570495605e-01
-1.167089981905746754e-01
-4.858064651489257812e-02
-3.696122169494628906e-01
-1.271226597897339161e-01
-5.385738611221313477e-02
-4.447822570800781250e-01
-1.341753793827820118e-01
-5.868434906005859375e-02
-1.114442348480224609e-01
-9.603625963848116953e-02
-7.035630941390991211e-02
-2.361718416213989258e-01
-1.165733305684852894e-01
-7.791924476623535156e-02
-3.112015128135681152e-01
-1.242762325279045399e-01
-8.142820000648498535e-02
-3.721017837524414062e-01
-1.293497277371216114e-01
