0.000000000000000000e+00
0.000000000000000000e+00
0.000000000000000000e+00
4.172050952911376953e-02
-5.639308691024780273e-02
-1.800677274445661169e-03
7.408201694488525391e-02
-1.234592795372009277e-01
-9.837040678689845663e-03
8.113223314285278320e-02
-2.027541995048522949e-01
-1.627584546906746255e-02
5.426508188247680664e-02
-2.449522018432617188e-01
-2.478934824569023476e-02
4.249030351638793945e-02
-1.728922724723815918e-01
-3.358042799038685189e-02
1.736038923263549805e-02
-2.939966022968292236e-01
-4.643461667103565560e-02
-7.307529449462890625e-04
-3.492137193679809570e-01
-5.102419294519222603e-02
-1.537626981735229492e-02
-3.859561979770660400e-01
-5.254092998904980050e-02
8.319437503814697266e-03
-1.642839312553405762e-01
-3.906494565410412179e-02
-1.479917764663696289e-02
-2.956970334053039551e-01
-5.264819599790371285e-02
-3.054153919219970703e-02
-3.642116189002990723e-01
-5.797504447502888070e-02
-4.303601384162902832e-02
-4.077518880367279053e-01
-6.143300421638286934e-02
-2.604222297668457031e-02
-1.512587070465087891e-01
-4.254161007804668770e-02
-4.414600133895874023e-02
-2.754362225532531738e-01
-5.331611819667614327e-02
-5.530810356140136719e-02
-3.474942743778228760e-01
-5.822616256875789986e-02
-6.446453928947448730e-02
-3.967937827110290527e-01
-6.126582436365879403e-02
-5.905994772911071777e-02
-1.349746584892272949e-01
-4.480212740702427254e-02
-6.985485553741455078e-02
-2.478722333908081055e-01
-5.343214981360233651e-02
-7.567963004112243652e-02
-3.052786886692047119e-01
-5.561175011200703011e-02
-8.059537410736083984e-02
-3.501454889774322510e-01
-5.644684098763264046e-02
