0.000000000000000000e+00
0.000000000000000000e+00
0.000000000000000000e+00
5.148339271545410156e-02
-4.695910215377807617e-02
-1.613158236448697380e-02
9.245455265045166016e-02
-1.098250150680541992e-01
-4.015066909794740013e-02
1.045116186141967773e-01
-1.773785948753356934e-01
-5.924961033468179039e-02
8.536183834075927734e-02
-2.374927401542663574e-01
-8.286242249612740807e-02
8.085584640502929688e-02
-1.009715199470520020e-01
-9.257540169362954430e-02
6.324994564056396484e-02
-2.503731250762939453e-01
-1.270496627986901217e-01
4.663866758346557617e-02
-3.437034487724304199e-01
-1.444038382471077853e-01
3.064501285552978516e-02
-4.099332988262176514e-01
-1.541374555528634005e-01
3.950124979019165039e-02
-7.631748914718627930e-02
-9.881290110950402550e-02
1.804906129837036133e-02
-2.567086219787597656e-01
-1.308941325843804293e-01
1.682341098785400391e-03
-3.666548728942871094e-01
-1.431644490659707003e-01
-1.209104061126708984e-02
-4.349480569362640381e-01
-1.542242399156563692e-01
-1.480758190155029297e-03
-6.696546077728271484e-02
-1.014147332609169894e-01
-2.495253086090087891e-02
-2.336819171905517578e-01
-1.273066333234780245e-01
-3.645920753479003906e-02
-3.375952839851379395e-01
-1.338094553649895602e-01
-4.466685652732849121e-02
-4.046855866909027100e-01
-1.393749645650856905e-01
-4.028755426406860352e-02
-7.465332746505737305e-02
-1.031749180257790499e-01
-5.631151795387268066e-02
-1.960260272026062012e-01
-1.243299177587502413e-01
-6.374606490135192871e-02
-2.753862142562866211e-01
-1.286349973381035738e-01
-6.890386343002319336e-02
-3.347380757331848145e-01
-1.318730941713326388e-01
