0.000000000000000000e+00
0.000000000000000000e+00
0.000000000000000000e+00
3.838860988616943359e-02
-6.348949670791625977e-02
2.042188969440417168e-03
6.249731779098510742e-02
-1.397753357887268066e-01
-5.074356831613613394e-04
5.839586257934570312e-02
-2.128815650939941406e-01
-2.716185330413622978e-03
3.074759244918823242e-02
-2.257099747657775879e-01
-6.889103950001640442e-03
2.794903516769409180e-02
-1.894789338111877441e-01
-1.552072124648873341e-02
2.013802528381347656e-03
-2.855392098426818848e-01
-2.207842053938691151e-02
-1.475620269775390625e-02
-3.302932381629943848e-01
-2.556347617972676289e-02
-2.762746810913085938e-02
-3.626490235328674316e-01
-2.791323470044915211e-02
-2.708137035369873047e-03
-1.810566782951354980e-01
-2.167732412088696492e-02
-2.874249219894409180e-02
-2.874445617198944092e-01
-2.810092227626626027e-02
-4.398036003112792969e-02
-3.437075316905975342e-01
-3.200763607490841878e-02
-5.559286475181579590e-02
-3.827114999294281006e-01
-3.512765983212773335e-02
-3.297609090805053711e-02
-1.652514338493347168e-01
-2.631693476904217732e-02
-5.523625016212463379e-02
-2.692506909370422363e-01
-3.204833487141911519e-02
-6.619140505790710449e-02
-3.285694420337677002e-01
-3.623334834445302022e-02
-7.431033253669738770e-02
-3.713417947292327881e-01
-3.935840496886555684e-02
-6.163951754570007324e-02
-1.429015398025512695e-01
-2.988472351897542012e-02
-7.733100652694702148e-02
-2.363434433937072754e-01
-3.472469890583340657e-02
-8.463793992996215820e-02
-2.837354540824890137e-01
-3.541150460112874043e-02
-8.966523408889770508e-02
-3.226583003997802734e-01
-3.563298428524319661e-02
