0.000000000000000000e+00
0.000000000000000000e+00
0.000000000000000000e+00
7.880288362503051758e-02
6.579029560089111328e-02
-4.645924347551044775e-02
1.470861434936523438e-01
1.376699805259704590e-01
-9.629789817245182348e-02
1.868023276329040527e-01
2.085200548171997070e-01
-1.422218762627380784e-01
2.100365161895751953e-01
2.446602582931518555e-01
-1.931809120169418748e-01
1.180201172828674316e-01
1.023557782173156738e-01
-1.224383794060486252e-01
1.289130449295043945e-01
1.916846632957458496e-01
-1.773649536362427170e-01
1.179949045181274414e-01
2.681721448898315430e-01
-2.162305347910660203e-01
9.481859207153320312e-02
3.180078864097595215e-01
-2.398589931717651780e-01
6.735533475875854492e-02
8.266031742095947266e-02
-1.201322831502693589e-01
5.190634727478027344e-02
1.473994255065917969e-01
-1.595269672861832078e-01
2.755892276763916016e-02
2.259353399276733398e-01
-1.812820367804306443e-01
2.634704113006591797e-03
2.849001288414001465e-01
-2.032332353583115037e-01
1.583248376846313477e-02
6.669336557388305664e-02
-1.170104004731911118e-01
-4.124104976654052734e-03
1.145440340042114258e-01
-1.535021744957703049e-01
-3.180509805679321289e-02
1.783004403114318848e-01
-1.688094817391174729e-01
-5.704435706138610840e-02
2.396197319030761719e-01
-1.817347340574997361e-01
-3.293374180793762207e-02
5.881935358047485352e-02
-1.154942594757812913e-01
-6.084316968917846680e-02
1.204187870025634766e-01
-1.401072077742355759e-01
-7.923072576522827148e-02
1.703785061836242676e-01
-1.445045553437012131e-01
-9.489199519157409668e-02
2.214459180831909180e-01
-1.506176375141876633e-01
