0.000000000000000000e+00
0.000000000000000000e+00
0.000000000000000000e+00
4.196840524673461914e-02
-6.419521570205688477e-02
-1.860474722505500722e-03
6.191235780715942383e-02
-1.522984504699707031e-01
-6.295889403716614652e-03
4.620659351348876953e-02
-2.267863154411315918e-01
-9.090161670044949460e-03
1.634085178375244141e-02
-2.441783547401428223e-01
-1.387334593762545865e-02
3.478491306304931641e-02
-1.788613796234130859e-01
-2.996149544794945996e-02
9.094059467315673828e-03
-2.863019704818725586e-01
-4.115411152322678845e-02
-5.736470222473144531e-03
-3.412273824214935303e-01
-4.428234209497361462e-02
-1.704335212707519531e-02
-3.828894197940826416e-01
-4.534775276859193127e-02
1.096725463867187500e-03
-1.674537658691406250e-01
-3.469749798257737439e-02
-2.241766452789306641e-02
-2.902288436889648438e-01
-4.746666436274438183e-02
-3.428483009338378906e-02
-3.587256371974945068e-01
-5.157185604055314343e-02
-4.161363840103149414e-02
-4.049481749534606934e-01
-5.349466090281396191e-02
-3.088653087615966797e-02
-1.537712812423706055e-01
-3.782654066760926526e-02
-5.056026577949523926e-02
-2.713987827301025391e-01
-4.899209995944886487e-02
-5.963736772537231445e-02
-3.419161438941955566e-01
-5.584466715534119885e-02
-6.492522358894348145e-02
-3.918999731540679932e-01
-5.940938626606850903e-02
-6.007525324821472168e-02
-1.374016404151916504e-01
-3.976294656474976819e-02
-7.305493950843811035e-02
-2.422542572021484375e-01
-4.864708964903741162e-02
-7.959160208702087402e-02
-2.981256842613220215e-01
-5.297559012849717419e-02
-8.382913470268249512e-02
-3.430813550949096680e-01
-5.526424830038934033e-02
