0.000000000000000000e+00
0.000000000000000000e+00
0.000000000000000000e+00
5.211097002029418945e-02
-4.557585716247558594e-02
-1.921569048072058195e-02
8.749270439147949219e-02
-1.139900684356689453e-01
-4.610781049932199949e-02
9.323424100875854492e-02
-1.847878098487854004e-01
-6.759466654266077512e-02
7.634019851684570312e-02
-2.433935999870300293e-01
-9.404937601293283933e-02
7.912486791610717773e-02
-9.194731712341308594e-02
-9.850620156730371946e-02
5.997884273529052734e-02
-2.323682308197021484e-01
-1.358581823727007531e-01
4.607790708541870117e-02
-3.273527026176452637e-01
-1.567591173073168420e-01
3.209346532821655273e-02
-4.001846015453338623e-01
-1.692898315807696008e-01
3.497421741485595703e-02
-6.339925527572631836e-02
-1.045530480762835168e-01
1.510918140411376953e-02
-2.409157156944274902e-01
-1.409502220770235681e-01
3.454685211181640625e-04
-3.550347089767456055e-01
-1.574944151064272546e-01
-1.345539093017578125e-02
-4.308563172817230225e-01
-1.712599141022081994e-01
-6.822288036346435547e-03
-5.407750606536865234e-02
-1.066361782571192407e-01
-2.895706892013549805e-02
-2.187424898147583008e-01
-1.358317179104204797e-01
-3.963506221771240234e-02
-3.266215920448303223e-01
-1.449492616077776574e-01
-4.921150207519531250e-02
-3.998430967330932617e-01
-1.517498833557482385e-01
-4.636466503143310547e-02
-6.544387340545654297e-02
-1.078695622702952051e-01
-6.073629856109619141e-02
-1.830306053161621094e-01
-1.302660895010347986e-01
-6.793099641799926758e-02
-2.632776498794555664e-01
-1.352004898210878991e-01
-7.431542873382568359e-02
-3.246851563453674316e-01
-1.390158427378054284e-01
