0.000000000000000000e+00
0.000000000000000000e+00
0.000000000000000000e+00
4.125559329986572266e-02
-6.133866310119628906e-02
-1.756866889849106883e-03
7.156306505203247070e-02
-1.287949681282043457e-01
-1.132469690296034059e-02
7.431226968765258789e-02
-1.959260702133178711e-01
-1.950859716984609804e-02
4.942309856414794922e-02
-2.228438854217529297e-01
-3.046204960796217165e-02
4.069101810455322266e-02
-1.808010339736938477e-01
-3.934132746312002382e-02
1.253789663314819336e-02
-3.068387210369110107e-01
-5.397433481070379457e-02
-4.185855388641357422e-03
-3.687537312507629395e-01
-5.961410394760946474e-02
-1.893752813339233398e-02
-4.166278839111328125e-01
-6.223009220215658388e-02
5.574941635131835938e-03
-1.635793447494506836e-01
-4.647268420907835207e-02
-1.901972293853759766e-02
-3.033975958824157715e-01
-6.208015671822408876e-02
-3.265959024429321289e-02
-3.787744939327239990e-01
-6.877011499258856020e-02
-4.277652502059936523e-02
-4.292737841606140137e-01
-7.319760016056875429e-02
-2.959990501403808594e-02
-1.462927460670471191e-01
-5.123823947164396486e-02
-4.980528354644775391e-02
-2.819916009902954102e-01
-6.421184233280996523e-02
-6.124940514564514160e-02
-3.611686527729034424e-01
-7.131684264990667543e-02
-6.906929612159729004e-02
-4.158148169517517090e-01
-7.557627252194265566e-02
-6.281760334968566895e-02
-1.279355287551879883e-01
-5.459607831093649111e-02
-7.528778910636901855e-02
-2.483037114143371582e-01
-6.551512769314626894e-02
-8.195754885673522949e-02
-3.092986047267913818e-01
-6.919172844740728578e-02
-8.733850717544555664e-02
-3.582800030708312988e-01
-7.092922619435171327e-02
