0.000000000000000000e+00
0.000000000000000000e+00
0.000000000000000000e+00
4.864454269409179688e-02
-4.402965307235717773e-02
-3.593956354765737160e-02
7.716238498687744141e-02
-8.088558912277221680e-02
-6.794501144199216469e-02
8.913886547088623047e-02
-1.173048615455627441e-01
-9.576164979247892006e-02
8.910757303237915039e-02
-1.614329814910888672e-01
-1.249891002824767838e-01
9.343713521957397461e-02
2.424722909927368164e-02
-8.407985467223966225e-02
8.479118347167968750e-02
-9.460026025772094727e-02
-1.263563339760764848e-01
6.916958093643188477e-02
-1.759780645370483398e-01
-1.505110417654975663e-01
5.799764394760131836e-02
-2.437213659286499023e-01
-1.626430754712089310e-01
4.775702953338623047e-02
4.683846235275268555e-02
-8.789457428960645302e-02
3.306502103805541992e-02
-8.968341350555419922e-02
-1.321020429184898148e-01
2.461284399032592773e-02
-1.841195225715637207e-01
-1.488445555022224198e-01
1.966172456741333008e-02
-2.604330182075500488e-01
-1.573379193594917069e-01
5.991458892822265625e-04
4.974287748336791992e-02
-9.252509522943341835e-02
-1.640653610229492188e-02
-8.098679780960083008e-02
-1.341537390997871171e-01
-1.953178644180297852e-02
-1.720537543296813965e-01
-1.399551038792594682e-01
-2.001845836639404297e-02
-2.435018420219421387e-01
-1.386283789923652421e-01
-3.939971327781677246e-02
3.443896770477294922e-02
-9.924807447700345620e-02
-5.553394556045532227e-02
-5.810028314590454102e-02
-1.275408272793754350e-01
-5.784773826599121094e-02
-1.247432231903076172e-01
-1.266314094117149125e-01
-5.568590760231018066e-02
-1.765711903572082520e-01
-1.225112234404548417e-01
