0.000000000000000000e+00
0.000000000000000000e+00
0.000000000000000000e+00
3.877633810043334961e-02
-6.159478425979614258e-02
5.049821704531609612e-03
6.010353565216064453e-02
-1.287234425544738770e-01
5.165844939554631310e-03
5.468142032623291016e-02
-1.981862783432006836e-01
4.835041955018937188e-03
3.402549028396606445e-02
-2.240961194038391113e-01
3.191036188880502777e-03
2.586358785629272461e-02
-1.888341903686523438e-01
-7.231057837699950142e-03
-2.632915973663330078e-03
-2.763116359710693359e-01
-9.651805490349829597e-03
-1.854127645492553711e-02
-3.149567842483520508e-01
-8.786577016209662361e-03
-2.989357709884643555e-02
-3.406419157981872559e-01
-8.039641410206854744e-03
-3.374278545379638672e-03
-1.821583509445190430e-01
-1.313915870348125736e-02
-2.805846929550170898e-02
-2.784198522567749023e-01
-1.594144965717703144e-02
-4.104283452033996582e-02
-3.227479159832000732e-01
-1.613518710443884174e-02
-4.931861162185668945e-02
-3.509856760501861572e-01
-1.643463152656465809e-02
-3.176897764205932617e-02
-1.649157404899597168e-01
-1.792445148537069599e-02
-5.197298526763916016e-02
-2.602931857109069824e-01
-2.118310447046667377e-02
-6.215870380401611328e-02
-3.096121847629547119e-01
-2.301735731968790333e-02
-6.886348128318786621e-02
-3.442308902740478516e-01
-2.453811767706781666e-02
-5.838713049888610840e-02
-1.401041746139526367e-01
-2.157355587193876545e-02
-7.337614893913269043e-02
-2.271439433097839355e-01
-2.585149671146780292e-02
-8.165204524993896484e-02
-2.715596556663513184e-01
-2.684602442393213551e-02
-8.725047111511230469e-02
-3.097258210182189941e-01
-2.699426303813368122e-02
