0.000000000000000000e+00
0.000000000000000000e+00
0.000000000000000000e+00
4.493033885955810547e-02
-5.115503072738647461e-02
-4.489679797245571535e-02
7.600808143615722656e-02
-9.258031845092773438e-02
-8.673425553990909975e-02
7.825523614883422852e-02
-1.264626383781433105e-01
-1.223951482648999445e-01
6.501138210296630859e-02
-1.600533723831176758e-01
-1.587223315115124933e-01
1.172207593917846680e-01
4.400587081909179688e-02
-1.074202486748845331e-01
1.107524037361145020e-01
-2.604597806930541992e-02
-1.654620075102002374e-01
8.760517835617065430e-02
-9.751164913177490234e-02
-1.999141776437909357e-01
6.553173065185546875e-02
-1.777299642562866211e-01
-2.174944782133252374e-01
7.818526029586791992e-02
8.834713697433471680e-02
-1.108733245606572382e-01
5.758744478225708008e-02
-2.122819423675537109e-02
-1.705238574619443170e-01
3.925979137420654297e-02
-1.115300059318542480e-01
-1.942465060825497858e-01
2.243220806121826172e-02
-1.858094334602355957e-01
-2.059600704784543268e-01
3.066706657409667969e-02
1.034740209579467773e-01
-1.160318904991299860e-01
6.238043308258056641e-03
-7.656872272491455078e-03
-1.696904653186948053e-01
-7.870078086853027344e-03
-9.663230180740356445e-02
-1.786717826004178278e-01
-1.960986852645874023e-02
-1.697430610656738281e-01
-1.781833076353223078e-01
-1.462441682815551758e-02
9.121143817901611328e-02
-1.238044926400334589e-01
-3.749868273735046387e-02
1.068729162216186523e-02
-1.645336502666623346e-01
-4.909282922744750977e-02
-5.422013998031616211e-02
-1.687049770231396906e-01
-5.510073900222778320e-02
-1.049284338951110840e-01
-1.664435768003613703e-01
