0.000000000000000000e+00
0.000000000000000000e+00
0.000000000000000000e+00
4.049372673034667969e-02
-6.096714735031127930e-02
-6.124792514157206824e-04
6.703847646713256836e-02
-1.370062232017517090e-01
-5.834773032532325487e-03
6.192314624786376953e-02
-2.110705971717834473e-01
-1.027544060589491437e-02
3.314268589019775391e-02
-2.291055917739868164e-01
-1.709807230027138303e-02
3.297311067581176758e-02
-1.854158639907836914e-01
-2.402707127721726010e-02
5.203783512115478516e-03
-2.908886075019836426e-01
-3.510313605757175992e-02
-1.274800300598144531e-02
-3.410933911800384521e-01
-4.082074513526379178e-02
-2.647012472152709961e-02
-3.757141828536987305e-01
-4.389111449809490750e-02
4.101395606994628906e-04
-1.745271086692810059e-01
-3.014840496571480344e-02
-2.635818719863891602e-02
-2.920577526092529297e-01
-4.118561869354664395e-02
-4.191023111343383789e-02
-3.572717010974884033e-01
-4.729399582238613675e-02
-5.321693420410156250e-02
-4.015201628208160400e-01
-5.143861597271381925e-02
-3.153216838836669922e-02
-1.582330465316772461e-01
-3.473079329224049161e-02
-5.402606725692749023e-02
-2.733043432235717773e-01
-4.452262570949017118e-02
-6.557041406631469727e-02
-3.405106365680694580e-01
-5.074288448186337064e-02
-7.355117797851562500e-02
-3.876568377017974854e-01
-5.454107871146618436e-02
-6.173083186149597168e-02
-1.368625164031982422e-01
-3.820818787308155606e-02
-7.627421617507934570e-02
-2.419918775558471680e-01
-4.641545316071926663e-02
-8.349379897117614746e-02
-2.951097190380096436e-01
-4.891329383345066617e-02
-8.885350823402404785e-02
-3.384938538074493408e-01
-4.997846981378017972e-02
