0.000000000000000000e+00
0.000000000000000000e+00
0.000000000000000000e+00
4.114800691604614258e-02
-9.062933921813964844e-02
-4.231893753058102448e-02
6.895619630813598633e-02
-1.465620398521423340e-01
-8.012269919163372833e-02
7.169485092163085938e-02
-1.725085973739624023e-01
-1.128199670220055850e-01
6.499111652374267578e-02
-1.951702237129211426e-01
-1.488203454518952640e-01
5.257141590118408203e-02
-5.995392799377441406e-02
-1.149584103131928714e-01
4.279297590255737305e-02
-1.602334976196289062e-01
-1.681024331355729373e-01
1.540637016296386719e-02
-2.451277375221252441e-01
-1.977721500898041995e-01
-9.413063526153564453e-03
-3.133530020713806152e-01
-2.144219029451051028e-01
4.754245281219482422e-03
-1.541286706924438477e-02
-1.212780598307290347e-01
-1.225078105926513672e-02
-1.182048916816711426e-01
-1.798720109964051517e-01
-3.986835479736328125e-02
-2.296730279922485352e-01
-2.021293688321748050e-01
-6.091046333312988281e-02
-3.064247965812683105e-01
-2.153494704270997318e-01
-3.969639539718627930e-02
1.087480783462524414e-02
-1.274847585464158328e-01
-6.305313110351562500e-02
-8.898317813873291016e-02
-1.860938120389619144e-01
-8.522301912307739258e-02
-1.988941431045532227e-01
-1.967545646930375369e-01
-1.016691029071807861e-01
-2.748144268989562988e-01
-1.983228970075288089e-01
-7.869422435760498047e-02
1.945108175277709961e-02
-1.350342679525056155e-01
-1.060373783111572266e-01
-5.832463502883911133e-02
-1.806837219501176151e-01
-1.232412755489349365e-01
-1.357840895652770996e-01
-1.855525273585953983e-01
-1.332336068153381348e-01
-1.941671967506408691e-01
-1.858629185462632449e-01
