0.000000000000000000e+00
0.000000000000000000e+00
0.000000000000000000e+00
-7.431894540786743164e-02
-6.804668903350830078e-02
-2.780669154446968605e-03
-1.255509257316589355e-01
-1.610745191574096680e-01
-1.351654903947974162e-02
-1.655859649181365967e-01
-2.171674966812133789e-01
-2.726311424731875377e-02
-2.020892798900604248e-01
-2.559463977813720703e-01
-4.191106373428965526e-02
-7.098919153213500977e-02
-3.435532450675964355e-01
-1.697455162167216258e-02
-1.554005742073059082e-01
-3.648430109024047852e-01
-4.982441479324961620e-02
-2.073833644390106201e-01
-3.154804706573486328e-01
-7.709432953953410106e-02
-2.335659265518188477e-01
-2.583180069923400879e-01
-9.187208676695490794e-02
-4.239273071289062500e-02
-3.119429945945739746e-01
-3.220470065235758739e-02
-1.268959045410156250e-01
-3.494991660118103027e-01
-5.774509349822665172e-02
-1.818738877773284912e-01
-2.974244356155395508e-01
-7.278848255037928539e-02
-2.095285356044769287e-01
-2.381525039672851562e-01
-8.109721356987620311e-02
-2.078676223754882812e-02
-2.460445761680603027e-01
-4.928482884525919872e-02
-8.879721164703369141e-02
-2.841094136238098145e-01
-7.470931673407221751e-02
-1.435992717742919922e-01
-2.444605827331542969e-01
-8.223604971527720409e-02
-1.742754280567169189e-01
-1.998555660247802734e-01
-8.383999580502177196e-02
-9.862124919891357422e-03
-1.564712524414062500e-01
-6.625058317541743236e-02
-6.442695856094360352e-02
-1.857442259788513184e-01
-8.696210945009852367e-02
-1.097147464752197266e-01
-1.672619581222534180e-01
-8.912598157286311107e-02
-1.409748196601867676e-01
-1.382433176040649414e-01
-8.658693546414042430e-02
