0.000000000000000000e+00
0.000000000000000000e+00
0.000000000000000000e+00
3.689312934875488281e-02
-6.867426633834838867e-02
7.465252277825129568e-03
5.466705560684204102e-02
-1.383085846900939941e-01
9.515048095408928930e-03
4.035818576812744141e-02
-2.030845880508422852e-01
1.086490982902432734e-02
1.690822839736938477e-02
-2.289035320281982422e-01
1.095664882791425043e-02
2.421098947525024414e-02
-1.907981634140014648e-01
-3.083452258806573809e-03
-4.556715488433837891e-03
-2.737559676170349121e-01
-4.318497984286295832e-03
-2.084612846374511719e-02
-3.086806833744049072e-01
-2.838268319692360819e-03
-3.247016668319702148e-02
-3.308317065238952637e-01
-1.498134716030108393e-03
-5.542635917663574219e-03
-1.830250620841979980e-01
-9.186987674411284388e-03
-3.062188625335693359e-02
-2.746285796165466309e-01
-1.066874051707600302e-02
-4.362994432449340820e-02
-3.160595297813415527e-01
-9.982000014360892237e-03
-5.190238356590270996e-02
-3.421738743782043457e-01
-9.473979382391917170e-03
-3.348720073699951172e-02
-1.651634573936462402e-01
-1.408836329596852011e-02
-5.438083410263061523e-02
-2.546114325523376465e-01
-1.601021914052580541e-02
-6.465613842010498047e-02
-3.000703155994415283e-01
-1.670455551015948004e-02
-7.143312692642211914e-02
-3.321243524551391602e-01
-1.733686952161406225e-02
-5.921494960784912109e-02
-1.396340727806091309e-01
-1.765716066825007147e-02
-7.450133562088012695e-02
-2.223422527313232422e-01
-2.061738437282656378e-02
-8.239415287971496582e-02
-2.641266584396362305e-01
-2.046953877675150579e-02
-8.774420619010925293e-02
-3.004077970981597900e-01
-1.962148947882269567e-02
