0.000000000000000000e+00
0.000000000000000000e+00
0.000000000000000000e+00
-5.249440670013427734e-03
-1.098632812500000000e-01
-7.350227018292798675e-03
-2.637064456939697266e-02
-2.198877334594726562e-01
-2.375132652505840269e-02
-6.108790636062622070e-02
-2.975906133651733398e-01
-3.923622953280414549e-02
-9.360092878341674805e-02
-3.348486423492431641e-01
-5.749712946399654356e-02
1.663744449615478516e-03
-2.740797996520996094e-01
-6.089599865063632933e-02
-7.716643810272216797e-02
-3.628510236740112305e-01
-9.488565164193119017e-02
-1.389744281768798828e-01
-3.728818893432617188e-01
-1.138801692663093945e-01
-1.821922659873962402e-01
-3.610094785690307617e-01
-1.246452151475807568e-01
-1.372337341308593750e-03
-2.118864655494689941e-01
-7.288086103781665770e-02
-8.159983158111572266e-02
-3.048391342163085938e-01
-1.026048182187935254e-01
-1.496857106685638428e-01
-3.167871236801147461e-01
-1.115682839094063183e-01
-1.953529417514801025e-01
-3.105575442314147949e-01
-1.191887153921982190e-01
-1.674586534500122070e-02
-1.341307759284973145e-01
-8.378957646473850218e-02
-8.631312847137451172e-02
-2.161057591438293457e-01
-1.116230009733101269e-01
-1.497797667980194092e-01
-2.387948036193847656e-01
-1.155784322558304211e-01
-1.897751688957214355e-01
-2.429953813552856445e-01
-1.180060996352096936e-01
-4.116946458816528320e-02
-5.577826499938964844e-02
-9.385489361866916624e-02
-9.946966171264648438e-02
-1.216420531272888184e-01
-1.204481987892052075e-01
-1.471717953681945801e-01
-1.568599939346313477e-01
-1.265950842438599011e-01
-1.817273795604705811e-01
-1.783583760261535645e-01
-1.292838348685165784e-01
