0.000000000000000000e+00
0.000000000000000000e+00
0.000000000000000000e+00
3.996336460113525391e-02
-6.727129220962524414e-02
5.849857638573041640e-03
5.945658683776855469e-02
-1.410189270973205566e-01
8.241274218057981216e-03
5.096119642257690430e-02
-2.042126059532165527e-01
9.633627544140210830e-03
2.847754955291748047e-02
-2.058891057968139648e-01
9.458030397986760818e-03
1.453894376754760742e-02
-2.011319994926452637e-01
2.390260037330449450e-04
-1.249706745147705078e-02
-2.761426270008087158e-01
-1.311397239582845486e-03
-2.726209163665771484e-02
-3.139455020427703857e-01
-2.369726019928464211e-03
-3.741991519927978516e-02
-3.429430723190307617e-01
-3.881129379401215829e-03
-1.408267021179199219e-02
-1.915815472602844238e-01
-6.464945794100174226e-03
-4.045298695564270020e-02
-2.752754092216491699e-01
-9.142418568039545335e-03
-5.295503139495849609e-02
-3.226239383220672607e-01
-1.191667578091681889e-02
-6.053516268730163574e-02
-3.577201068401336670e-01
-1.428782491853297643e-02
-4.071390628814697266e-02
-1.687340140342712402e-01
-1.234692352732480458e-02
-6.408789753913879395e-02
-2.500618100166320801e-01
-1.595278940072120122e-02
-7.439333200454711914e-02
-3.019668757915496826e-01
-2.071614860465587071e-02
-8.111622929573059082e-02
-3.442867994308471680e-01
-2.434822282662452153e-02
-6.409698724746704102e-02
-1.360592246055603027e-01
-1.718378550281585149e-02
-8.369740843772888184e-02
-2.102744579315185547e-01
-2.062498702576220921e-02
-9.354978799819946289e-02
-2.506665587425231934e-01
-2.218235767355025700e-02
-1.004908382892608643e-01
-2.881568372249603271e-01
-2.326196542849601201e-02
