0.000000000000000000e+00
0.000000000000000000e+00
0.000000000000000000e+00
4.505616426467895508e-02
-5.042600631713867188e-02
-1.335746913755997411e-02
7.963734865188598633e-02
-1.223077178001403809e-01
-3.106350011731251470e-02
8.690148591995239258e-02
-1.939095854759216309e-01
-4.475297711397274725e-02
6.406223773956298828e-02
-2.370783090591430664e-01
-6.026399813200100652e-02
4.855251312255859375e-02
-1.532761454582214355e-01
-6.800817258263691656e-02
3.062236309051513672e-02
-2.977268099784851074e-01
-9.324308789874180547e-02
1.817202568054199219e-02
-3.761470019817352295e-01
-1.025044874062643885e-01
7.729828357696533203e-03
-4.395175576210021973e-01
-1.066107035389052271e-01
7.997155189514160156e-03
-1.405941843986511230e-01
-7.191300697232350103e-02
-8.213996887207031250e-03
-3.002543449401855469e-01
-9.984625435973271124e-02
-1.731759309768676758e-02
-3.957858681678771973e-01
-1.107594103326903223e-01
-2.214699983596801758e-02
-4.671007990837097168e-01
-1.172605261912451624e-01
-3.017646074295043945e-02
-1.333460211753845215e-01
-7.321078635359867803e-02
-4.340147972106933594e-02
-2.763171792030334473e-01
-9.485058791543110601e-02
-4.933604598045349121e-02
-3.695675134658813477e-01
-1.054673895945654749e-01
-5.181685090065002441e-02
-4.389076530933380127e-01
-1.111638576498137354e-01
-6.295457482337951660e-02
-1.299126744270324707e-01
-7.374172962809666387e-02
-6.925913691520690918e-02
-2.457625269889831543e-01
-9.031752056981190435e-02
-7.390221953392028809e-02
-3.147095441818237305e-01
-9.830532528067692510e-02
-7.786333560943603516e-02
-3.708263933658599854e-01
-1.028229103198157190e-01
