0.000000000000000000e+00
0.000000000000000000e+00
0.000000000000000000e+00
4.119116067886352539e-02
-6.394344568252563477e-02
-4.124889012999233273e-03
7.702338695526123047e-02
-1.360976696014404297e-01
-1.818987387476056483e-02
8.371126651763916016e-02
-2.074732184410095215e-01
-2.946159835217088130e-02
5.577975511550903320e-02
-2.453616261482238770e-01
-4.402614976523011592e-02
5.279618501663208008e-02
-1.647349596023559570e-01
-5.986202354786485103e-02
2.547729015350341797e-02
-3.107697069644927979e-01
-8.084459449408143428e-02
7.299900054931640625e-03
-3.846969008445739746e-01
-8.863005633709519770e-02
-7.530450820922851562e-03
-4.413104057312011719e-01
-9.210719759819596675e-02
1.484173536300659180e-02
-1.417743563652038574e-01
-6.801536525843232539e-02
-1.057112216949462891e-02
-3.042800426483154297e-01
-9.046880747435182002e-02
-2.642500400543212891e-02
-3.970738053321838379e-01
-9.898693706152528193e-02
-3.823906183242797852e-02
-4.620122313499450684e-01
-1.048758461630114880e-01
-2.400881052017211914e-02
-1.258949637413024902e-01
-7.279374297020524409e-02
-4.300630092620849609e-02
-2.772285938262939453e-01
-9.071742589829057124e-02
-5.412805080413818359e-02
-3.703974485397338867e-01
-9.863038952705949214e-02
-6.137487292289733887e-02
-4.376017749309539795e-01
-1.034217088973292675e-01
-6.156203150749206543e-02
-1.146880984306335449e-01
-7.588206823227494624e-02
-7.357797026634216309e-02
-2.450973391532897949e-01
-9.014366413710206416e-02
-7.965570688247680664e-02
-3.127631545066833496e-01
-9.443899090645402339e-02
-8.424344658851623535e-02
-3.673501908779144287e-01
-9.673153455612748530e-02
