0.000000000000000000e+00
0.000000000000000000e+00
0.000000000000000000e+00
3.751575946807861328e-02
-6.762611865997314453e-02
8.058037515802141115e-03
5.678969621658325195e-02
-1.385771036148071289e-01
1.040147701285576431e-02
4.441660642623901367e-02
-2.047752737998962402e-01
1.207562247298454849e-02
1.955646276473999023e-02
-2.224509716033935547e-01
1.243526944897865860e-02
2.456980943679809570e-02
-1.920653581619262695e-01
-2.396900998355988577e-03
-3.782749176025390625e-03
-2.740661501884460449e-01
-2.530707372280005529e-03
-1.973545551300048828e-02
-3.090619444847106934e-01
-4.229305835181662587e-04
-3.133612871170043945e-02
-3.315307497978210449e-01
1.063811266867276117e-03
-5.142390727996826172e-03
-1.845735311508178711e-01
-8.628021087424997404e-03
-3.002017736434936523e-02
-2.753004431724548340e-01
-9.320186544137243345e-03
-4.253941774368286133e-02
-3.157629370689392090e-01
-8.312690164821390226e-03
-5.077704787254333496e-02
-3.404770195484161377e-01
-7.749157585131172254e-03
-3.300976753234863281e-02
-1.668044924736022949e-01
-1.348038120188022049e-02
-5.390256643295288086e-02
-2.565200924873352051e-01
-1.452851770438456924e-02
-6.343635916709899902e-02
-3.012485504150390625e-01
-1.493554012842679413e-02
-6.979843974113464355e-02
-3.322256803512573242e-01
-1.555948434390330704e-02
-5.839574337005615234e-02
-1.412920951843261719e-01
-1.697508441277051361e-02
-7.428434491157531738e-02
-2.242112755775451660e-01
-1.882258066900277527e-02
-8.186691999435424805e-02
-2.659723758697509766e-01
-1.817974830039048584e-02
-8.672666549682617188e-02
-3.019790053367614746e-01
-1.727731348939443023e-02
