0.000000000000000000e+00
0.000000000000000000e+00
0.000000000000000000e+00
4.016834497451782227e-02
-6.086391210556030273e-02
1.211246565233636829e-03
6.443881988525390625e-02
-1.355391144752502441e-01
-4.106573154984971552e-04
5.553257465362548828e-02
-2.054554224014282227e-01
-1.557140987117122677e-03
2.750849723815917969e-02
-2.124644517898559570e-01
-4.284400403250288036e-03
2.907460927963256836e-02
-1.852307319641113281e-01
-1.330404300590259936e-02
2.990841865539550781e-03
-2.788862586021423340e-01
-1.879752837469084170e-02
-1.272761821746826172e-02
-3.234513401985168457e-01
-2.049524002124769595e-02
-2.427250146865844727e-02
-3.561018407344818115e-01
-2.147045955409510043e-02
-1.975774765014648438e-03
-1.780843734741210938e-01
-1.855857521643144992e-02
-2.632004022598266602e-02
-2.835878729820251465e-01
-2.467837781061632541e-02
-3.886824846267700195e-02
-3.393831253051757812e-01
-2.743015848447782901e-02
-4.720240831375122070e-02
-3.767606616020202637e-01
-2.932449467827780154e-02
-3.209447860717773438e-02
-1.624370217323303223e-01
-2.276728339840872195e-02
-5.374029278755187988e-02
-2.638550996780395508e-01
-2.884661816408140567e-02
-6.336015462875366211e-02
-3.221752643585205078e-01
-3.370999396194918063e-02
-6.950333714485168457e-02
-3.638096451759338379e-01
-3.682892620911104586e-02
-6.023943424224853516e-02
-1.407822370529174805e-01
-2.603344284345610049e-02
-7.537621259689331055e-02
-2.342954277992248535e-01
-3.128577992667658236e-02
-8.324053883552551270e-02
-2.835175991058349609e-01
-3.343994394292337802e-02
-8.818438649177551270e-02
-3.246298134326934814e-01
-3.466708436955912020e-02
