0.000000000000000000e+00
0.000000000000000000e+00
0.000000000000000000e+00
3.808641433715820312e-02
-6.905007362365722656e-02
4.501311796758500350e-03
5.707561969757080078e-02
-1.415499448776245117e-01
5.496984104667035353e-03
4.977601766586303711e-02
-2.060393095016479492e-01
5.367979164276448500e-03
2.612990140914916992e-02
-2.163112759590148926e-01
3.608527583111253989e-03
1.345264911651611328e-02
-2.017708420753479004e-01
-1.620367761660190808e-03
-1.798468828201293945e-02
-2.762373685836791992e-01
-4.430079610045822847e-03
-3.569978475570678711e-02
-3.150576055049896240e-01
-6.617564019705923783e-03
-4.901495575904846191e-02
-3.469896614551544189e-01
-8.931251485790880906e-03
-1.550960540771484375e-02
-1.910018920898437500e-01
-8.639670220162543046e-03
-4.482677578926086426e-02
-2.766383886337280273e-01
-1.259030332877841829e-02
-5.990722775459289551e-02
-3.261722922325134277e-01
-1.620996488347259401e-02
-7.071349024772644043e-02
-3.629763722419738770e-01
-1.926781354561057924e-02
-4.345282912254333496e-02
-1.679896116256713867e-01
-1.505177026703563570e-02
-6.844154000282287598e-02
-2.514138221740722656e-01
-1.986355265691486238e-02
-8.107647299766540527e-02
-3.048670887947082520e-01
-2.511102078571525453e-02
-9.077778458595275879e-02
-3.476486504077911377e-01
-2.900460293605533479e-02
-6.941011548042297363e-02
-1.359201073646545410e-01
-2.056173725142684816e-02
-8.955457806587219238e-02
-2.128348350524902344e-01
-2.552044881596771120e-02
-1.007314622402191162e-01
-2.563042640686035156e-01
-2.786217188551631807e-02
-1.093935072422027588e-01
-2.954286336898803711e-01
-2.932042745962348818e-02
