0.000000000000000000e+00
0.000000000000000000e+00
0.000000000000000000e+00
4.217809438705444336e-02
-6.149625778198242188e-02
-9.668190935258280660e-03
7.737690210342407227e-02
-1.367916464805603027e-01
-2.946561478972853365e-02
8.977669477462768555e-02
-2.056161761283874512e-01
-4.576355309188784304e-02
6.808966398239135742e-02
-2.563246488571166992e-01
-6.570694685876787844e-02
5.551743507385253906e-02
-1.485202908515930176e-01
-7.616012633741320315e-02
3.272122144699096680e-02
-3.016807436943054199e-01
-1.040980824917596692e-01
1.684296131134033203e-02
-3.870765268802642822e-01
-1.160591775268358106e-01
3.677248954772949219e-03
-4.550411105155944824e-01
-1.222338238447946424e-01
1.520109176635742188e-02
-1.246609091758728027e-01
-8.396064580381334963e-02
-6.096005439758300781e-03
-2.954782247543334961e-01
-1.131744244784158582e-01
-2.074593305587768555e-02
-4.023067653179168701e-01
-1.252821841925424451e-01
-3.003817796707153320e-02
-4.804832339286804199e-01
-1.340942838877481336e-01
-2.561146020889282227e-02
-1.141362786293029785e-01
-8.822450132072390261e-02
-4.306268692016601562e-02
-2.733007669448852539e-01
-1.112772384375375623e-01
-5.291038751602172852e-02
-3.768919706344604492e-01
-1.212129527419847363e-01
-5.690538883209228516e-02
-4.512301981449127197e-01
-1.274327048748773450e-01
-6.368339061737060547e-02
-1.145128607749938965e-01
-9.107413233220995608e-02
-7.472357153892517090e-02
-2.443540096282958984e-01
-1.088939020127099866e-01
-7.927086949348449707e-02
-3.184512853622436523e-01
-1.153715038389009351e-01
-8.061909675598144531e-02
-3.763319253921508789e-01
-1.193651416987222547e-01
