0.000000000000000000e+00
0.000000000000000000e+00
0.000000000000000000e+00
1.810979843139648438e-02
-9.359729290008544922e-02
4.715485537765573554e-03
1.847523450851440430e-02
-1.982700228691101074e-01
-2.617027105422664590e-03
1.007616519927978516e-03
-2.724015116691589355e-01
-1.044053207862560839e-02
-2.830570936203002930e-02
-2.961416840553283691e-01
-2.265485558438484759e-02
-5.791187286376953125e-03
-2.512764334678649902e-01
-3.555482808280174822e-02
-7.069003582000732422e-02
-3.385730981826782227e-01
-5.292895991134827227e-02
-1.101402640342712402e-01
-3.816691637039184570e-01
-6.211042213964645953e-02
-1.407648324966430664e-01
-4.139463007450103760e-01
-6.745345700311844439e-02
-2.761071920394897461e-02
-2.098885774612426758e-01
-4.847072247195427508e-02
-9.711897373199462891e-02
-3.176766037940979004e-01
-6.462447155046646685e-02
-1.408592462539672852e-01
-3.776164054870605469e-01
-7.170679975080673785e-02
-1.737452447414398193e-01
-4.188255667686462402e-01
-7.723707515526001544e-02
-5.466073751449584961e-02
-1.585440039634704590e-01
-5.875585410523598284e-02
-1.171232759952545166e-01
-2.710627913475036621e-01
-7.397226054001038165e-02
-1.578780710697174072e-01
-3.343534469604492188e-01
-8.003090131807510943e-02
-1.880225837230682373e-01
-3.782349824905395508e-01
-8.381413478183930010e-02
-8.491235971450805664e-02
-1.000696420669555664e-01
-6.708519715595429034e-02
-1.341291666030883789e-01
-2.030053734779357910e-01
-8.270855802822296710e-02
-1.636755764484405518e-01
-2.591884732246398926e-01
-8.695260990190689654e-02
-1.875019371509552002e-01
-3.064929842948913574e-01
-8.834933299350922198e-02
