0.000000000000000000e+00
0.000000000000000000e+00
0.000000000000000000e+00
4.083991050720214844e-02
-5.949270725250244141e-02
-5.179295622014024048e-03
6.637692451477050781e-02
-1.371320486068725586e-01
-1.122020867487094620e-02
6.191283464431762695e-02
-2.156718373298645020e-01
-1.584345319142244080e-02
3.240936994552612305e-02
-2.414366602897644043e-01
-2.225338698198697784e-02
2.660185098648071289e-02
-1.911181211471557617e-01
-2.567146935334108093e-02
4.863739013671875000e-04
-2.944479584693908691e-01
-3.712483153512380341e-02
-1.535356044769287109e-02
-3.499172329902648926e-01
-4.300881952812574127e-02
-2.765291929244995117e-02
-3.944444060325622559e-01
-4.652867124249837616e-02
-4.791617393493652344e-03
-1.806190609931945801e-01
-2.968573600819013336e-02
-3.077936172485351562e-02
-2.977899610996246338e-01
-4.230929941704175690e-02
-4.435163736343383789e-02
-3.696298599243164062e-01
-4.913266033699414947e-02
-5.315938591957092285e-02
-4.227015078067779541e-01
-5.357465923597715118e-02
-3.553986549377441406e-02
-1.633695363998413086e-01
-3.267107561995885590e-02
-5.893331766128540039e-02
-2.723112702369689941e-01
-4.379051954319379547e-02
-6.952762603759765625e-02
-3.443880379199981689e-01
-5.086559460332296112e-02
-7.583996653556823730e-02
-3.984867036342620850e-01
-5.505928800275228241e-02
-6.525355577468872070e-02
-1.407352089881896973e-01
-3.513774678876302460e-02
-8.134493231773376465e-02
-2.378000617027282715e-01
-4.482941360046766022e-02
-8.983170986175537109e-02
-2.931138575077056885e-01
-4.902708188464544037e-02
-9.539592266082763672e-02
-3.396734297275543213e-01
-5.114323303868673065e-02
