0.000000000000000000e+00
0.000000000000000000e+00
0.000000000000000000e+00
4.808497428894042969e-02
-5.436754226684570312e-02
-1.612563246371223613e-02
8.158147335052490234e-02
-1.103586554527282715e-01
-3.818527796747162029e-02
8.800637722015380859e-02
-1.698971390724182129e-01
-5.714427494885399028e-02
8.109575510025024414e-02
-2.104669809341430664e-01
-7.983045095087959453e-02
6.836891174316406250e-02
-6.924545764923095703e-02
-7.454448753478004619e-02
5.396384000778198242e-02
-2.075309157371520996e-01
-1.045133974540419786e-01
4.248505830764770508e-02
-2.956740260124206543e-01
-1.213631760466284959e-01
3.197586536407470703e-02
-3.599220514297485352e-01
-1.313842367518134324e-01
1.896238327026367188e-02
-4.393208026885986328e-02
-8.045942896487190410e-02
5.639791488647460938e-04
-2.062569260597229004e-01
-1.082049738753028123e-01
-8.762598037719726562e-03
-3.118366599082946777e-01
-1.221852135050482957e-01
-1.642876863479614258e-02
-3.800301551818847656e-01
-1.349149178850836961e-01
-2.581113576889038086e-02
-4.034745693206787109e-02
-8.428365552308036968e-02
-4.777246713638305664e-02
-1.886147856712341309e-01
-1.088349577176757066e-01
-5.313906073570251465e-02
-2.817142605781555176e-01
-1.190677862751670091e-01
-5.778124928474426270e-02
-3.391569852828979492e-01
-1.266806405174918382e-01
-6.255725026130676270e-02
-5.558711290359497070e-02
-8.765308374049141094e-02
-7.835298776626586914e-02
-1.682026982307434082e-01
-1.084069740164466111e-01
-8.320513367652893066e-02
-2.299146652221679688e-01
-1.146787013995833604e-01
-8.667638897895812988e-02
-2.719736695289611816e-01
-1.191787179696746080e-01
