0.000000000000000000e+00
0.000000000000000000e+00
0.000000000000000000e+00
3.545540571212768555e-02
-6.827735900878906250e-02
7.277644525267135123e-03
5.360966920852661133e-02
-1.385560035705566406e-01
8.585291734881650427e-03
4.214692115783691406e-02
-2.029393315315246582e-01
9.214422485776196936e-03
1.975023746490478516e-02
-2.262819409370422363e-01
8.512211783774148444e-03
2.350884675979614258e-02
-1.899440288543701172e-01
-4.822511405699003717e-03
-6.046175956726074219e-03
-2.738773822784423828e-01
-6.528902512989986917e-03
-2.199578285217285156e-02
-3.094576001167297363e-01
-5.346502822838772317e-03
-3.322583436965942383e-02
-3.328050673007965088e-01
-4.339948941968430063e-03
-5.378186702728271484e-03
-1.811317205429077148e-01
-1.122972107773279049e-02
-3.067445755004882812e-02
-2.745107412338256836e-01
-1.286740432774280407e-02
-4.312473535537719727e-02
-3.148768544197082520e-01
-1.224272623007749417e-02
-5.073875188827514648e-02
-3.392193913459777832e-01
-1.203009690438960888e-02
-3.286749124526977539e-02
-1.626329421997070312e-01
-1.639436110203718044e-02
-5.343362689018249512e-02
-2.553222179412841797e-01
-1.834811381345247128e-02
-6.317061185836791992e-02
-3.008604943752288818e-01
-1.939267776256059506e-02
-6.902590394020080566e-02
-3.320564329624176025e-01
-2.054546139483903744e-02
-5.849009752273559570e-02
-1.372835636138916016e-01
-2.023884765153383114e-02
-7.389512658119201660e-02
-2.203887104988098145e-01
-2.330435178523515560e-02
-8.176964521408081055e-02
-2.628429532051086426e-01
-2.369469329064344265e-02
-8.700764179229736328e-02
-2.996100187301635742e-01
-2.353140264099096157e-02
