0.000000000000000000e+00
0.000000000000000000e+00
0.000000000000000000e+00
5.229115486145019531e-02
-5.212908983230590820e-02
-1.391266414876213275e-02
9.280014038085937500e-02
-1.266077160835266113e-01
-3.327018989230623447e-02
1.054193973541259766e-01
-1.990774869918823242e-01
-4.870238004232874118e-02
9.198826551437377930e-02
-2.401084303855895996e-01
-6.800149230267038547e-02
7.786238193511962891e-02
-9.523487091064453125e-02
-7.538167236353388034e-02
7.243233919143676758e-02
-2.247671484947204590e-01
-1.058958381226204892e-01
6.622254848480224609e-02
-3.108181357383728027e-01
-1.231909453680657407e-01
5.807435512542724609e-02
-3.699560165405273438e-01
-1.327827632239007016e-01
3.342193365097045898e-02
-7.873117923736572266e-02
-8.175229130293359958e-02
2.669990062713623047e-02
-2.260003089904785156e-01
-1.085791051199578305e-01
2.454310655593872070e-02
-3.268495202064514160e-01
-1.216779112627648374e-01
2.192300558090209961e-02
-3.818958401679992676e-01
-1.332153439333580991e-01
-1.186305284500122070e-02
-7.418453693389892578e-02
-8.570956287886133396e-02
-2.289485931396484375e-02
-2.103998661041259766e-01
-1.087770297935151120e-01
-2.086687088012695312e-02
-2.949032187461853027e-01
-1.191507488300942441e-01
-1.762050390243530273e-02
-3.351383209228515625e-01
-1.267997383883141538e-01
-5.521863698959350586e-02
-8.297038078308105469e-02
-8.902584610487451755e-02
-6.827005743980407715e-02
-1.984898447990417480e-01
-1.097138881495141050e-01
-6.637519598007202148e-02
-2.527511715888977051e-01
-1.170516371538781186e-01
-5.915057659149169922e-02
-2.722130417823791504e-01
-1.221471860816620847e-01
