0.000000000000000000e+00
0.000000000000000000e+00
0.000000000000000000e+00
4.852092266082763672e-02
-5.082333087921142578e-02
-1.477390489820606945e-02
8.950889110565185547e-02
-1.257097721099853516e-01
-3.575025833491451976e-02
1.029552817344665527e-01
-2.032213211059570312e-01
-5.250616333727009533e-02
7.924598455429077148e-02
-2.654294371604919434e-01
-7.293120733741886852e-02
6.182932853698730469e-02
-1.162123084068298340e-01
-8.242633155826695202e-02
4.203903675079345703e-02
-2.672506570816040039e-01
-1.141878884220517421e-01
2.679651975631713867e-02
-3.628943562507629395e-01
-1.301552127981580043e-01
1.518642902374267578e-02
-4.369133710861206055e-01
-1.396860551023877406e-01
1.751279830932617188e-02
-9.937465190887451172e-02
-8.960224650148518322e-02
6.294846534729003906e-04
-2.652801871299743652e-01
-1.209809999847806239e-01
-1.409578323364257812e-02
-3.772879242897033691e-01
-1.364770155334866786e-01
-2.432954311370849609e-02
-4.561553001403808594e-01
-1.492038290882504725e-01
-2.337586879730224609e-02
-9.570437669754028320e-02
-9.362504593376286266e-02
-4.308348894119262695e-02
-2.467216849327087402e-01
-1.190587129378712916e-01
-5.435991287231445312e-02
-3.502576351165771484e-01
-1.318367939377225184e-01
-5.984511971473693848e-02
-4.253289997577667236e-01
-1.416684310818112635e-01
-6.028625369071960449e-02
-1.049058437347412109e-01
-9.681630841735966442e-02
-7.417723536491394043e-02
-2.209567427635192871e-01
-1.181496079945958400e-01
-8.293640613555908203e-02
-2.925962209701538086e-01
-1.274267803812421107e-01
-8.698332309722900391e-02
-3.508864641189575195e-01
-1.345804702425397181e-01
