0.000000000000000000e+00
0.000000000000000000e+00
0.000000000000000000e+00
3.658318519592285156e-02
-7.472401857376098633e-02
8.666780144896080174e-03
5.112516880035400391e-02
-1.570248007774353027e-01
9.049434513773491062e-03
3.037321567535400391e-02
-2.307433485984802246e-01
8.968822025682499088e-03
1.074492931365966797e-03
-2.571863532066345215e-01
6.632332057680656590e-03
3.361779451370239258e-02
-1.913717389106750488e-01
-1.278425723222298416e-02
1.293420791625976562e-03
-2.890946567058563232e-01
-1.768955930975479873e-02
-1.719069480895996094e-02
-3.297810852527618408e-01
-1.763834401873154434e-02
-3.068780899047851562e-02
-3.554927110671997070e-01
-1.688564166334671768e-02
1.683712005615234375e-03
-1.830300092697143555e-01
-2.052172057238621505e-02
-2.627140283584594727e-02
-2.941427528858184814e-01
-2.520819723514122757e-02
-4.075390100479125977e-02
-3.447882533073425293e-01
-2.478999987152619155e-02
-5.091136693954467773e-02
-3.753161728382110596e-01
-2.436470769253773483e-02
-2.934485673904418945e-02
-1.678451299667358398e-01
-2.626196078864140304e-02
-5.016273260116577148e-02
-2.780174911022186279e-01
-3.047646179703278335e-02
-6.095919013023376465e-02
-3.331983983516693115e-01
-3.120567619708580764e-02
-6.841504573822021484e-02
-3.710828125476837158e-01
-3.169269271102947982e-02
-5.917367339134216309e-02
-1.451227664947509766e-01
-3.015661768523258957e-02
-7.337477803230285645e-02
-2.438217997550964355e-01
-3.428540535179180893e-02
-7.939001917839050293e-02
-2.919528186321258545e-01
-3.358788572159809860e-02
-8.326596021652221680e-02
-3.321680724620819092e-01
-3.240899898019833358e-02
