0.000000000000000000e+00
0.000000000000000000e+00
0.000000000000000000e+00
3.833717107772827148e-02
-6.409913301467895508e-02
5.317727567941687994e-03
6.120610237121582031e-02
-1.315711736679077148e-01
5.794213617534182958e-03
5.361044406890869141e-02
-1.992682218551635742e-01
6.006110923678420477e-03
3.291255235671997070e-02
-2.208642959594726562e-01
5.217870230168841772e-03
2.369391918182373047e-02
-1.917490363121032715e-01
-4.966474139749266214e-03
-4.328787326812744141e-03
-2.743555903434753418e-01
-5.850296934752918787e-03
-1.998281478881835938e-02
-3.096725940704345703e-01
-3.938135226874805994e-03
-3.118097782135009766e-02
-3.322026729583740234e-01
-2.577703913360096522e-03
-5.762159824371337891e-03
-1.837435364723205566e-01
-1.045964099621699006e-02
-3.066849708557128906e-02
-2.764255404472351074e-01
-1.200102549201176316e-02
-4.298648238182067871e-02
-3.162853717803955078e-01
-1.131565869009421021e-02
-5.040335655212402344e-02
-3.401796221733093262e-01
-1.100779697453901917e-02
-3.350138664245605469e-02
-1.653819084167480469e-01
-1.484059170043394715e-02
-5.417770147323608398e-02
-2.567330002784729004e-01
-1.682562381184027345e-02
-6.350293755531311035e-02
-3.028291165828704834e-01
-1.779164746558592469e-02
-6.907987594604492188e-02
-3.343978822231292725e-01
-1.884226873671934754e-02
-5.905532836914062500e-02
-1.396853923797607422e-01
-1.810127124345228822e-02
-7.461041212081909180e-02
-2.231540679931640625e-01
-2.094513364291117341e-02
-8.224606513977050781e-02
-2.650444507598876953e-01
-2.112910524165556581e-02
-8.699887990951538086e-02
-3.016731739044189453e-01
-2.085898071682379395e-02
