0.000000000000000000e+00
0.000000000000000000e+00
0.000000000000000000e+00
3.971159458160400391e-02
-6.756043434143066406e-02
4.407863608719253534e-03
5.924332141876220703e-02
-1.435704231262207031e-01
6.407687450916910166e-03
4.762732982635498047e-02
-2.069606184959411621e-01
7.789666774840497965e-03
2.242016792297363281e-02
-2.064949870109558105e-01
7.537764507503652567e-03
1.408964395523071289e-02
-2.005285620689392090e-01
-8.374716167622864305e-04
-1.267033815383911133e-02
-2.764748632907867432e-01
-2.485115536330795294e-03
-2.757853269577026367e-02
-3.146048784255981445e-01
-3.766308295382714277e-03
-3.794556856155395508e-02
-3.446394801139831543e-01
-5.569686171440935141e-03
-1.510989665985107422e-02
-1.902214288711547852e-01
-6.975713641224956518e-03
-4.003518819808959961e-02
-2.760208845138549805e-01
-9.878009081660366064e-03
-5.230680108070373535e-02
-3.253031671047210693e-01
-1.327548221576080323e-02
-6.050416827201843262e-02
-3.616854846477508545e-01
-1.621862173902854920e-02
-4.190444946289062500e-02
-1.669654846191406250e-01
-1.234549888300762177e-02
-6.454759836196899414e-02
-2.501157522201538086e-01
-1.639391341137752534e-02
-7.487466931343078613e-02
-3.038554191589355469e-01
-2.209283457028732300e-02
-8.228006958961486816e-02
-3.469109535217285156e-01
-2.643781573402748108e-02
-6.538319587707519531e-02
-1.343591809272766113e-01
-1.671323225724563599e-02
-8.404374122619628906e-02
-2.102140188217163086e-01
-2.075987541007862092e-02
-9.344732761383056641e-02
-2.521491050720214844e-01
-2.307318196523056031e-02
-1.004038155078887939e-01
-2.899422943592071533e-01
-2.477553532349929810e-02
