0.000000000000000000e+00
0.000000000000000000e+00
0.000000000000000000e+00
3.785014152526855469e-02
-6.417912244796752930e-02
6.377525176482379266e-03
5.430394411087036133e-02
-1.325778365135192871e-01
7.412386141346871682e-03
4.419285058975219727e-02
-1.941672563552856445e-01
7.701040725784480401e-03
2.137196063995361328e-02
-2.153087854385375977e-01
6.581831737982213326e-03
2.460706233978271484e-02
-1.866695284843444824e-01
-5.010260254515230827e-03
-1.675963401794433594e-03
-2.704225778579711914e-01
-8.004784569514811210e-03
-1.717412471771240234e-02
-3.061531186103820801e-01
-8.426251806689322166e-03
-2.902591228485107422e-02
-3.287902474403381348e-01
-8.332407087458193473e-03
-5.614995956420898438e-03
-1.797928214073181152e-01
-1.098723428733450191e-02
-2.875643968582153320e-02
-2.719070017337799072e-01
-1.408013048060041683e-02
-4.090270400047302246e-02
-3.147059082984924316e-01
-1.477464845813614147e-02
-4.979431629180908203e-02
-3.410983383655548096e-01
-1.517813092507225292e-02
-3.407090902328491211e-02
-1.628229022026062012e-01
-1.582287436760765331e-02
-5.342563986778259277e-02
-2.523044943809509277e-01
-1.866522429920536297e-02
-6.245467066764831543e-02
-2.994530498981475830e-01
-2.034379726685386913e-02
-6.898951530456542969e-02
-3.320209681987762451e-01
-2.152186444438797253e-02
-5.937489867210388184e-02
-1.392996311187744141e-01
-1.939615419544082897e-02
-7.351300120353698730e-02
-2.226504087448120117e-01
-2.251835352219444530e-02
-8.094933629035949707e-02
-2.663819193840026855e-01
-2.266274018622738140e-02
-8.598825335502624512e-02
-3.030538260936737061e-01
-2.215367740429741161e-02
