0.000000000000000000e+00
0.000000000000000000e+00
0.000000000000000000e+00
3.107565641403198242e-02
-8.565127849578857422e-02
-1.377118573313396155e-02
5.045735836029052734e-02
-1.936134099960327148e-01
-2.882953368848006903e-02
5.816406011581420898e-02
-2.662565112113952637e-01
-4.169894949322383582e-02
5.271464586257934570e-02
-3.071354627609252930e-01
-5.780857250815074622e-02
5.574876070022583008e-02
-1.652674078941345215e-01
-6.045506716495196997e-02
1.474726200103759766e-02
-2.984200119972229004e-01
-8.869341582780521094e-02
-2.151292562484741211e-02
-3.733981251716613770e-01
-1.059213411880080002e-01
-5.184912681579589844e-02
-4.234941601753234863e-01
-1.170396041942183274e-01
2.296495437622070312e-02
-1.174240112304687500e-01
-6.816767723088901221e-02
-2.120751142501831055e-02
-2.495400905609130859e-01
-9.245032639032046973e-02
-6.155133247375488281e-02
-3.373305797576904297e-01
-1.040821057630125779e-01
-9.437498450279235840e-02
-3.959456682205200195e-01
-1.156653148007933396e-01
-1.822942495346069336e-02
-7.288944721221923828e-02
-7.518933535342853247e-02
-5.804163217544555664e-02
-1.821950078010559082e-01
-9.838005722289722144e-02
-9.167599678039550781e-02
-2.667502760887145996e-01
-1.079286840630118149e-01
-1.175277829170227051e-01
-3.263752460479736328e-01
-1.156307366562430161e-01
-6.423109769821166992e-02
-4.198813438415527344e-02
-8.178192198997180640e-02
-9.671381115913391113e-02
-1.278368234634399414e-01
-1.044257190895621079e-01
-1.232055425643920898e-01
-1.939615011215209961e-01
-1.122401562405173081e-01
-1.459998190402984619e-01
-2.449969053268432617e-01
-1.177677494359556931e-01
