0.000000000000000000e+00
0.000000000000000000e+00
0.000000000000000000e+00
4.174375534057617188e-02
-6.400924921035766602e-02
-2.152526841953772418e-03
7.493561506271362305e-02
-1.381804347038269043e-01
-1.202443623681404006e-02
7.742667198181152344e-02
-2.127486467361450195e-01
-2.005605594952442061e-02
4.679024219512939453e-02
-2.363786101341247559e-01
-3.119757594306804549e-02
4.305255413055419922e-02
-1.775277853012084961e-01
-4.246676163513996016e-02
1.683551073074340820e-02
-3.064647316932678223e-01
-5.744121791560985457e-02
-5.441904067993164062e-05
-3.711625635623931885e-01
-6.301817865808345687e-02
-1.395165920257568359e-02
-4.207906126976013184e-01
-6.575181158025600325e-02
7.039308547973632812e-03
-1.605408191680908203e-01
-4.967534364898540389e-02
-1.686358451843261719e-02
-3.040751814842224121e-01
-6.583235235650874984e-02
-3.066253662109375000e-02
-3.835632205009460449e-01
-7.273805709321834456e-02
-4.034978151321411133e-02
-4.385462403297424316e-01
-7.763948859413005721e-02
-2.833348512649536133e-02
-1.439769864082336426e-01
-5.414326311786510360e-02
-4.787403345108032227e-02
-2.816213965415954590e-01
-6.724505694349147689e-02
-5.893224477767944336e-02
-3.645268082618713379e-01
-7.417271109063960921e-02
-6.621322035789489746e-02
-4.231702089309692383e-01
-7.869284422834255111e-02
-6.154558062553405762e-02
-1.270563006401062012e-01
-5.719885797937251937e-02
-7.370471954345703125e-02
-2.485813498497009277e-01
-6.799159021814205062e-02
-7.918775081634521484e-02
-3.105223476886749268e-01
-7.145114065845348250e-02
-8.349263668060302734e-02
-3.605513870716094971e-01
-7.344246478517391097e-02
