0.000000000000000000e+00
0.000000000000000000e+00
0.000000000000000000e+00
3.760880231857299805e-02
-4.305362701416015625e-02
-3.315558882076174996e-02
5.686968564987182617e-02
-9.357941150665283203e-02
-7.374241428095729134e-02
5.319952964782714844e-02
-1.340718865394592285e-01
-1.108597390504542091e-01
3.943091630935668945e-02
-1.762679219245910645e-01
-1.498581789584818580e-01
1.053676605224609375e-01
3.868103027343750000e-02
-1.009233988972368934e-01
9.741705656051635742e-02
-1.853907108306884766e-02
-1.528838895412150123e-01
8.021903038024902344e-02
-8.224141597747802734e-02
-1.846955292077723243e-01
6.953966617584228516e-02
-1.562343835830688477e-01
-2.017344258876505592e-01
6.742596626281738281e-02
7.653284072875976562e-02
-1.090079791994753577e-01
4.873627424240112305e-02
-3.288811445236206055e-02
-1.614999942632380225e-01
3.384673595428466797e-02
-1.284814476966857910e-01
-1.808884464355173805e-01
2.435505390167236328e-02
-2.125365138053894043e-01
-1.904115103336039283e-01
2.075070142745971680e-02
8.653867244720458984e-02
-1.167930312605562904e-01
1.265406608581542969e-04
-2.710860967636108398e-02
-1.658405535073939063e-01
-1.415121555328369141e-02
-1.195333003997802734e-01
-1.697201453300181129e-01
-2.161920070648193359e-02
-1.938092112541198730e-01
-1.659789852948847511e-01
-2.247673273086547852e-02
7.341396808624267578e-02
-1.261760763974848487e-01
-4.714310169219970703e-02
-7.326662540435791016e-03
-1.640905164333048560e-01
-6.063589453697204590e-02
-8.009767532348632812e-02
-1.632778518052759864e-01
-6.821003556251525879e-02
-1.328321099281311035e-01
-1.568109117599192359e-01
