0.000000000000000000e+00
0.000000000000000000e+00
0.000000000000000000e+00
3.630214929580688477e-02
-7.324242591857910156e-02
5.631324428136963434e-03
5.501669645309448242e-02
-1.441186666488647461e-01
6.486482976939100809e-03
4.707092046737670898e-02
-2.084500193595886230e-01
5.986979755576271600e-03
2.427512407302856445e-02
-2.250450253486633301e-01
3.871647932569999284e-03
1.373296976089477539e-02
-2.037223577499389648e-01
6.169472955264154734e-05
-1.962119340896606445e-02
-2.795583903789520264e-01
-2.473564294163566046e-03
-3.813993930816650391e-02
-3.183378875255584717e-01
-4.381578822616916113e-03
-5.154415965080261230e-02
-3.497901260852813721e-01
-6.251937651072125846e-03
-1.460570096969604492e-02
-1.929910182952880859e-01
-7.167516683225017005e-03
-4.585161805152893066e-02
-2.785839438438415527e-01
-1.031124679091988128e-02
-6.214585900306701660e-02
-3.270081877708435059e-01
-1.346878422144470733e-02
-7.320630550384521484e-02
-3.635122478008270264e-01
-1.628075254801331084e-02
-4.270803928375244141e-02
-1.705924868583679199e-01
-1.376551011297522109e-02
-6.793159246444702148e-02
-2.550235390663146973e-01
-1.762630691472111266e-02
-8.119833469390869141e-02
-3.086571097373962402e-01
-2.196662401500759643e-02
-9.077218174934387207e-02
-3.519122004508972168e-01
-2.543464017752228301e-02
-6.956210732460021973e-02
-1.397780179977416992e-01
-1.938431238475857299e-02
-9.071630239486694336e-02
-2.177750468254089355e-01
-2.369591867271481078e-02
-1.017383635044097900e-01
-2.615171074867248535e-01
-2.526067470851955932e-02
-1.099495291709899902e-01
-3.017754256725311279e-01
-2.613383246306000274e-02
