0.000000000000000000e+00
0.000000000000000000e+00
0.000000000000000000e+00
4.315537214279174805e-02
-5.238795280456542969e-02
-6.401661706703976051e-03
7.660579681396484375e-02
-1.235066652297973633e-01
-1.680039653329856719e-02
7.957732677459716797e-02
-2.025861144065856934e-01
-2.461438478677280273e-02
5.156981945037841797e-02
-2.364065051078796387e-01
-3.467499503641136016e-02
4.279738664627075195e-02
-1.729119420051574707e-01
-4.140654617695815887e-02
1.767748594284057617e-02
-2.908021807670593262e-01
-5.634841361789710845e-02
1.154303550720214844e-03
-3.499735295772552490e-01
-6.233933234362609710e-02
-1.102608442306518555e-02
-3.951882719993591309e-01
-6.530436167268760528e-02
7.073521614074707031e-03
-1.603347659111022949e-01
-4.568668493776328887e-02
-1.725411415100097656e-02
-2.934642732143402100e-01
-6.194245481638915862e-02
-3.040581941604614258e-02
-3.675098717212677002e-01
-6.892278084306724395e-02
-3.811484575271606445e-02
-4.196524024009704590e-01
-7.339699605255134429e-02
-2.763175964355468750e-02
-1.463561654090881348e-01
-4.786964172272689666e-02
-4.844567179679870605e-02
-2.726212441921234131e-01
-6.134945565609939422e-02
-5.902618169784545898e-02
-3.483039438724517822e-01
-6.807820537834174957e-02
-6.491112709045410156e-02
-4.023415744304656982e-01
-7.190621683149345245e-02
-5.949461460113525391e-02
-1.298734545707702637e-01
-4.910516032724387969e-02
-7.074418663978576660e-02
-2.410386800765991211e-01
-6.005295032410629119e-02
-7.678425312042236328e-02
-2.980349659919738770e-01
-6.363074520378120269e-02
-8.121365308761596680e-02
-3.430410623550415039e-01
-6.515493282823570098e-02
