0.000000000000000000e+00
0.000000000000000000e+00
0.000000000000000000e+00
4.744434356689453125e-02
-5.286633968353271484e-02
-2.311150042811505045e-02
8.432704210281372070e-02
-1.255380511283874512e-01
-5.192297569016091074e-02
8.561044931411743164e-02
-1.925361156463623047e-01
-7.426495349506012644e-02
6.513816118240356445e-02
-2.423949241638183594e-01
-9.898162877658478465e-02
5.576866865158081055e-02
-1.116719841957092285e-01
-1.039155150065766975e-01
3.852558135986328125e-02
-2.630484104156494141e-01
-1.434368962655412361e-01
2.602702379226684570e-02
-3.523781895637512207e-01
-1.606093222508775398e-01
1.603412628173828125e-02
-4.238849878311157227e-01
-1.701194817433702156e-01
9.388267993927001953e-03
-9.178066253662109375e-02
-1.082618708024369880e-01
-4.395544528961181641e-03
-2.553719878196716309e-01
-1.512232447276460334e-01
-1.359587907791137695e-02
-3.625215291976928711e-01
-1.672767574200975105e-01
-1.889199018478393555e-02
-4.411010742187500000e-01
-1.778677577386247322e-01
-3.379756212234497070e-02
-8.940601348876953125e-02
-1.100042337785112068e-01
-4.864686727523803711e-02
-2.347941994667053223e-01
-1.455061609158860847e-01
-5.235260725021362305e-02
-3.355636596679687500e-01
-1.596252793679582282e-01
-5.201333761215209961e-02
-4.112082123756408691e-01
-1.675302708754884407e-01
-7.212820649147033691e-02
-1.004716753959655762e-01
-1.110577756772386238e-01
-8.200633525848388672e-02
-2.126865983009338379e-01
-1.394341612468110725e-01
-8.569201827049255371e-02
-2.819812297821044922e-01
-1.521604830632554695e-01
-8.666762709617614746e-02
-3.386892080307006836e-01
-1.602702463279115364e-01
