0.000000000000000000e+00
0.000000000000000000e+00
0.000000000000000000e+00
4.379624128341674805e-02
-5.902469158172607422e-02
-1.131399256937015707e-02
8.405417203903198242e-02
-1.362399458885192871e-01
-2.999692970715273077e-02
9.720784425735473633e-02
-2.179469466209411621e-01
-4.457806052468527014e-02
7.272386550903320312e-02
-2.795457839965820312e-01
-6.199212373994100744e-02
5.722784996032714844e-02
-1.535928845405578613e-01
-7.266246156595457251e-02
3.449726104736328125e-02
-3.024146556854248047e-01
-9.970446305177915747e-02
1.608431339263916016e-02
-3.830485045909881592e-01
-1.110248305072616404e-01
-7.798075675964355469e-04
-4.443480074405670166e-01
-1.162882261147331064e-01
1.622289419174194336e-02
-1.340495347976684570e-01
-7.827839629553068335e-02
-4.527926445007324219e-03
-2.997502088546752930e-01
-1.068080179562400644e-01
-2.158504724502563477e-02
-3.995108008384704590e-01
-1.182594262232612436e-01
-3.447824716567993164e-02
-4.689024388790130615e-01
-1.260641701688598459e-01
-2.380836009979248047e-02
-1.254513263702392578e-01
-8.083317803047407324e-02
-4.060018062591552734e-02
-2.787778377532958984e-01
-1.026211418380569285e-01
-5.252861976623535156e-02
-3.765336275100708008e-01
-1.121946238150428599e-01
-5.998358130455017090e-02
-4.453532993793487549e-01
-1.179799176921676462e-01
-6.137794256210327148e-02
-1.256163716316223145e-01
-8.226338403127897436e-02
-7.151359319686889648e-02
-2.546322941780090332e-01
-9.921329842708814795e-02
-7.756131887435913086e-02
-3.289372920989990234e-01
-1.063621975650619333e-01
-8.131918311119079590e-02
-3.874602615833282471e-01
-1.105620227923225229e-01
