0.000000000000000000e+00
0.000000000000000000e+00
0.000000000000000000e+00
4.052865505218505859e-02
-6.313019990921020508e-02
5.614635363350828356e-03
6.874936819076538086e-02
-1.397068500518798828e-01
3.283962436150034137e-03
6.851202249526977539e-02
-2.170566320419311523e-01
1.292418400886674590e-03
4.101657867431640625e-02
-2.415265440940856934e-01
-3.015914171804467969e-03
4.229801893234252930e-02
-1.855514049530029297e-01
-2.024516899498252087e-02
1.498913764953613281e-02
-2.976310849189758301e-01
-2.737226959677485638e-02
-2.502143383026123047e-03
-3.461694419384002686e-01
-2.880156662674693280e-02
-1.582485437393188477e-02
-3.784900605678558350e-01
-2.883660484464911633e-02
9.722471237182617188e-03
-1.767004728317260742e-01
-2.790708531053809338e-02
-1.574224233627319336e-02
-3.011179268360137939e-01
-3.609530691417006665e-02
-3.091251850128173828e-02
-3.620879352092742920e-01
-3.821212862046508008e-02
-4.285666346549987793e-02
-3.999244272708892822e-01
-3.940163616450576001e-02
-2.385956048965454102e-02
-1.632750034332275391e-01
-3.337567363293914013e-02
-4.299601912498474121e-02
-2.847521901130676270e-01
-4.029251698764113598e-02
-5.323222279548645020e-02
-3.491895794868469238e-01
-4.311984096081999951e-02
-6.154742836952209473e-02
-3.922417759895324707e-01
-4.480751667531279736e-02
-5.699664354324340820e-02
-1.454848647117614746e-01
-3.714233700545577221e-02
-6.932222843170166016e-02
-2.549918889999389648e-01
-4.259691823633460217e-02
-7.453697919845581055e-02
-3.077696561813354492e-01
-4.271949146302489453e-02
-7.805493474006652832e-02
-3.494774699211120605e-01
-4.227304522307662182e-02
