0.000000000000000000e+00
0.000000000000000000e+00
0.000000000000000000e+00
3.258675336837768555e-02
-1.803380250930786133e-02
-2.778580830945998059e-02
5.556291341781616211e-02
-4.651045799255371094e-02
-5.988843971445589887e-02
6.333118677139282227e-02
-8.343011140823364258e-02
-8.949652546598940717e-02
6.651294231414794922e-02
-1.310460567474365234e-01
-1.192191787953618132e-01
9.883034229278564453e-02
8.856439590454101562e-02
-7.730558747007876264e-02
9.163254499435424805e-02
-1.838803291320800781e-03
-1.250408240552189909e-01
7.221961021423339844e-02
-8.292627334594726562e-02
-1.533215292687657438e-01
6.028926372528076172e-02
-1.574835181236267090e-01
-1.662800707812550627e-01
6.543338298797607422e-02
1.127637028694152832e-01
-8.426596456720858441e-02
5.106949806213378906e-02
-1.058453321456909180e-02
-1.287919678683522307e-01
3.723007440567016602e-02
-1.119862198829650879e-01
-1.442295708651784025e-01
2.881932258605957031e-02
-1.887688636779785156e-01
-1.505545177455189787e-01
2.621358633041381836e-02
1.107400059700012207e-01
-9.209797018721133099e-02
8.862495422363281250e-03
-1.590901613235473633e-02
-1.342268236871007048e-01
1.453399658203125000e-03
-1.133770346641540527e-01
-1.372370072598698698e-01
-1.671910285949707031e-04
-1.875369548797607422e-01
-1.329793431754353605e-01
-1.075798273086547852e-02
8.542543649673461914e-02
-1.014885031576397978e-01
-3.169533610343933105e-02
-5.395770072937011719e-03
-1.299928971524479948e-01
-3.963100910186767578e-02
-7.777494192123413086e-02
-1.267818459267857634e-01
-4.079282283782958984e-02
-1.297951340675354004e-01
-1.195923783774617277e-01
