0.000000000000000000e+00
0.000000000000000000e+00
0.000000000000000000e+00
4.243659973144531250e-02
-6.041491031646728516e-02
-7.224218138745186479e-03
7.926928997039794922e-02
-1.345327496528625488e-01
-2.174606515212929025e-02
9.077918529510498047e-02
-2.129118442535400391e-01
-3.314883230372345224e-02
7.120680809020996094e-02
-2.727763652801513672e-01
-4.727134449525749460e-02
5.102509260177612305e-02
-1.679786443710327148e-01
-5.849534986658966318e-02
2.693575620651245117e-02
-3.125206828117370605e-01
-7.966579837842857614e-02
8.988499641418457031e-03
-3.845039606094360352e-01
-8.804382724805748239e-02
-7.135748863220214844e-03
-4.382849037647247314e-01
-9.154135329767143503e-02
1.241254806518554688e-02
-1.502929329872131348e-01
-6.422452969594871774e-02
-9.733617305755615234e-03
-3.057429790496826172e-01
-8.619207484765922800e-02
-2.616846561431884766e-02
-3.938296139240264893e-01
-9.478250486894523874e-02
-3.909677267074584961e-02
-4.542471468448638916e-01
-1.006495614175406672e-01
-2.625465393066406250e-02
-1.371924281120300293e-01
-6.725566430135643259e-02
-4.384508728981018066e-02
-2.829676866531372070e-01
-8.437598092599785105e-02
-5.509519577026367188e-02
-3.734151124954223633e-01
-9.249002827449714914e-02
-6.354433298110961914e-02
-4.368343353271484375e-01
-9.750551326318657175e-02
-6.275776028633117676e-02
-1.281354427337646484e-01
-6.895917995019829050e-02
-7.278054952621459961e-02
-2.560080885887145996e-01
-8.269454879804527536e-02
-7.862842082977294922e-02
-3.238722681999206543e-01
-8.760480923696434274e-02
-8.376243710517883301e-02
-3.765093982219696045e-01
-9.010897917791282907e-02
