0.000000000000000000e+00
0.000000000000000000e+00
0.000000000000000000e+00
5.330651998519897461e-02
-6.137102842330932617e-02
-1.577863460457251676e-02
7.904428243637084961e-02
-1.270983219146728516e-01
-4.690631097233222135e-02
7.762628793716430664e-02
-1.861791014671325684e-01
-7.381845256364272245e-02
5.284965038299560547e-02
-2.028821706771850586e-01
-1.053152530459158243e-01
6.558638811111450195e-02
-2.149760723114013672e-02
-1.004313900140516580e-01
5.585730075836181641e-02
-1.786541342735290527e-01
-1.301576568750135721e-01
5.300104618072509766e-02
-2.544369697570800781e-01
-1.389381512073271097e-01
4.924893379211425781e-02
-2.857615351676940918e-01
-1.430534346965544046e-01
1.837223768234252930e-02
1.154124736785888672e-02
-1.092704533604376138e-01
2.381801605224609375e-03
-2.019736766815185547e-01
-1.347921713260404886e-01
6.203949451446533203e-03
-2.682933807373046875e-01
-1.321801616815321267e-01
9.646594524383544922e-03
-2.712099552154541016e-01
-1.328601016668073953e-01
-2.801996469497680664e-02
1.649576425552368164e-02
-1.144583224323980630e-01
-4.254674911499023438e-02
-1.916115283966064453e-01
-1.391784175304167093e-01
-3.427481651306152344e-02
-2.340789437294006348e-01
-1.311819924978010476e-01
-2.689903974533081055e-02
-2.145382761955261230e-01
-1.256020738748304666e-01
-7.039797306060791016e-02
-4.759073257446289062e-03
-1.192085518506758035e-01
-8.937910199165344238e-02
-1.494287252426147461e-01
-1.445009632972471536e-01
-7.964938879013061523e-02
-1.869423389434814453e-01
-1.445580794481031717e-01
-6.898450851440429688e-02
-1.748332977294921875e-01
-1.436431332496397317e-01
