0.000000000000000000e+00
0.000000000000000000e+00
0.000000000000000000e+00
3.891420364379882812e-02
-6.323850154876708984e-02
5.111644523459801803e-03
6.042253971099853516e-02
-1.319788098335266113e-01
5.944422925132641922e-03
5.008608102798461914e-02
-1.974619030952453613e-01
6.482068462538848053e-03
2.837878465652465820e-02
-2.143992781639099121e-01
5.930491270738968979e-03
2.250349521636962891e-02
-1.904740333557128906e-01
-3.758443739023675789e-03
-5.133032798767089844e-03
-2.731526494026184082e-01
-4.560770453643669953e-03
-2.064120769500732422e-02
-3.084550797939300537e-01
-2.959865830597152581e-03
-3.194910287857055664e-02
-3.307733237743377686e-01
-1.797807506044080128e-03
-7.109045982360839844e-03
-1.814105510711669922e-01
-9.057089673113694062e-03
-3.110033273696899414e-02
-2.731509208679199219e-01
-1.059111392660128104e-02
-4.333281517028808594e-02
-3.119737505912780762e-01
-1.022738216979490744e-02
-5.140054225921630859e-02
-3.352399766445159912e-01
-9.974395842981209626e-03
-3.446215391159057617e-02
-1.625486612319946289e-01
-1.334323080791222083e-02
-5.472028255462646484e-02
-2.532978653907775879e-01
-1.556166446371065604e-02
-6.410551071166992188e-02
-2.994234263896942139e-01
-1.696626561297165381e-02
-7.038179039955139160e-02
-3.308074474334716797e-01
-1.803791055990444647e-02
-5.938878655433654785e-02
-1.367694735527038574e-01
-1.649502570344196783e-02
-7.548564672470092773e-02
-2.212713956832885742e-01
-1.910586001886116492e-02
-8.322396874427795410e-02
-2.633258700370788574e-01
-1.911032291663872229e-02
-8.827939629554748535e-02
-2.987278699874877930e-01
-1.863621267093407141e-02
