0.000000000000000000e+00
0.000000000000000000e+00
0.000000000000000000e+00
4.997253417968750000e-02
-4.943567514419555664e-02
-8.678791299484789334e-03
8.799242973327636719e-02
-1.076450943946838379e-01
-2.377531230451923605e-02
1.035357713699340820e-01
-1.698415875434875488e-01
-3.706489428880077597e-02
9.621506929397583008e-02
-2.223578095436096191e-01
-5.398954004051548239e-02
7.514667510986328125e-02
-7.524985074996948242e-02
-5.958869233729702231e-02
6.445783376693725586e-02
-2.076810598373413086e-01
-8.646472096445423361e-02
5.237823724746704102e-02
-2.954443097114562988e-01
-1.032127693295703530e-01
3.986817598342895508e-02
-3.651607036590576172e-01
-1.140508756041751504e-01
3.022503852844238281e-02
-5.721670389175415039e-02
-6.863470673563343283e-02
1.672250032424926758e-02
-2.120782732963562012e-01
-9.314408451320987936e-02
7.210075855255126953e-03
-3.156081438064575195e-01
-1.085876852274165749e-01
-9.773969650268554688e-04
-3.919317126274108887e-01
-1.224359154701457619e-01
-1.271212100982666016e-02
-5.125570297241210938e-02
-7.534041553737980124e-02
-2.927839756011962891e-02
-1.934871673583984375e-01
-9.681736230852466818e-02
-3.543967008590698242e-02
-2.839046716690063477e-01
-1.083949387073741555e-01
-3.988203406333923340e-02
-3.501510024070739746e-01
-1.176817893982158303e-01
-4.957798123359680176e-02
-6.023210287094116211e-02
-8.113012760879856344e-02
-6.459778547286987305e-02
-1.603878736495971680e-01
-1.007959574461207986e-01
-7.251554727554321289e-02
-2.266803979873657227e-01
-1.084569275379405617e-01
-7.667520642280578613e-02
-2.815145254135131836e-01
-1.142126500606761574e-01
