0.000000000000000000e+00
0.000000000000000000e+00
0.000000000000000000e+00
4.020750522613525391e-02
-6.589573621749877930e-02
-1.718684633317479893e-03
7.413154840469360352e-02
-1.402415633201599121e-01
-1.355651307204652767e-02
7.713055610656738281e-02
-2.127461433410644531e-01
-2.313923190632749538e-02
4.682087898254394531e-02
-2.381777763366699219e-01
-3.622876393893648128e-02
4.527068138122558594e-02
-1.716572642326354980e-01
-5.227403256395746212e-02
1.854640245437622070e-02
-3.102778792381286621e-01
-7.072245243290353756e-02
2.189695835113525391e-03
-3.806418180465698242e-01
-7.735921356180597286e-02
-1.118505001068115234e-02
-4.349657297134399414e-01
-8.025641653040338497e-02
9.471416473388671875e-03
-1.500033736228942871e-01
-6.080300274589944820e-02
-1.539510488510131836e-02
-3.081981837749481201e-01
-7.991368237236429195e-02
-2.977770566940307617e-02
-3.948748111724853516e-01
-8.694267186621118526e-02
-3.940212726593017578e-02
-4.540191888809204102e-01
-9.175079229572702388e-02
-2.672767639160156250e-02
-1.330418586730957031e-01
-6.597775134542871456e-02
-4.616755247116088867e-02
-2.833952307701110840e-01
-8.123846265772272091e-02
-5.816370248794555664e-02
-3.720827698707580566e-01
-8.777213755348611812e-02
-6.543639302253723145e-02
-4.337586760520935059e-01
-9.162782046297479610e-02
-6.173297762870788574e-02
-1.180363297462463379e-01
-6.946484658220697384e-02
-7.369741797447204590e-02
-2.482117414474487305e-01
-8.150597575405527095e-02
-7.971870899200439453e-02
-3.125621676445007324e-01
-8.427434328297067623e-02
-8.458593487739562988e-02
-3.629100322723388672e-01
-8.547455731132913570e-02
