0.000000000000000000e+00
0.000000000000000000e+00
0.000000000000000000e+00
4.267877340316772461e-02
-5.627477169036865234e-02
-6.478040245042393508e-03
7.499957084655761719e-02
-1.267502903938293457e-01
-1.811577915088946611e-02
8.105677366256713867e-02
-2.053227424621582031e-01
-2.717042132155711442e-02
5.236142873764038086e-02
-2.408569455146789551e-01
-3.847148059742266923e-02
4.157251119613647461e-02
-1.685937643051147461e-01
-4.465659498112017900e-02
1.766937971115112305e-02
-2.941987514495849609e-01
-6.119701801674182207e-02
1.458883285522460938e-03
-3.578973710536956787e-01
-6.763128726618106157e-02
-1.020282506942749023e-02
-4.060321152210235596e-01
-7.048839866058642656e-02
5.801439285278320312e-03
-1.552701592445373535e-01
-4.922663210766131670e-02
-1.834315061569213867e-02
-2.966491281986236572e-01
-6.738585024015719682e-02
-3.131252527236938477e-02
-3.754432797431945801e-01
-7.477550743953997880e-02
-3.802955150604248047e-02
-4.305713474750518799e-01
-7.914551137821490556e-02
-2.902150154113769531e-02
-1.420817375183105469e-01
-5.149085610048587114e-02
-4.944637417793273926e-02
-2.750657796859741211e-01
-6.576656340496356279e-02
-5.970302224159240723e-02
-3.546476066112518311e-01
-7.223713188307101518e-02
-6.462138891220092773e-02
-4.116339385509490967e-01
-7.564408122436816484e-02
-6.010657548904418945e-02
-1.284890770912170410e-01
-5.277586518661792070e-02
-7.212454080581665039e-02
-2.429633140563964844e-01
-6.375347613231951982e-02
-7.791146636009216309e-02
-3.025865852832794189e-01
-6.702627031938845903e-02
-8.179897069931030273e-02
-3.498992323875427246e-01
-6.821943609850222856e-02
