0.000000000000000000e+00
0.000000000000000000e+00
0.000000000000000000e+00
3.926551342010498047e-02
-6.287366151809692383e-02
3.124851633927505645e-03
6.241345405578613281e-02
-1.369997262954711914e-01
2.397070772147458229e-03
5.440306663513183594e-02
-2.066798210144042969e-01
1.843484717554133567e-03
2.860409021377563477e-02
-2.154998779296875000e-01
-5.234603797532599856e-05
2.136963605880737305e-02
-1.904221773147583008e-01
-8.546955051699001160e-03
-6.443798542022705078e-03
-2.741878926753997803e-01
-1.225875886795790848e-02
-2.163189649581909180e-02
-3.104034960269927979e-01
-1.348342104522259888e-02
-3.232777118682861328e-02
-3.337810933589935303e-01
-1.411484284965069946e-02
-9.381890296936035156e-03
-1.813014745712280273e-01
-1.357946368572982010e-02
-3.399425745010375977e-02
-2.772086560726165771e-01
-1.645822646734984573e-02
-4.574298858642578125e-02
-3.253253698348999023e-01
-1.734358454761775192e-02
-5.327031016349792480e-02
-3.558628559112548828e-01
-1.840278329966338333e-02
-3.782850503921508789e-02
-1.625498533248901367e-01
-1.756839277861388382e-02
-5.874928832054138184e-02
-2.557206153869628906e-01
-2.021493213889868912e-02
-6.763702630996704102e-02
-3.072920739650726318e-01
-2.196938926992686447e-02
-7.318887114524841309e-02
-3.430153727531433105e-01
-2.364421273288996872e-02
-6.349390745162963867e-02
-1.361083984375000000e-01
-2.066881964621813950e-02
-8.001103997230529785e-02
-2.212036848068237305e-01
-2.309959391770632919e-02
-8.753040432929992676e-02
-2.651792466640472412e-01
-2.263802858708174881e-02
-9.246605634689331055e-02
-3.021984100341796875e-01
-2.219290109989913162e-02
