0.000000000000000000e+00
0.000000000000000000e+00
0.000000000000000000e+00
4.543197154998779297e-02
-5.299496650695800781e-02
-8.734348536648894878e-03
7.746797800064086914e-02
-1.262587308883666992e-01
-2.319243301562323722e-02
8.337998390197753906e-02
-1.990661621093750000e-01
-3.401287582627787742e-02
5.570179224014282227e-02
-2.291982173919677734e-01
-4.693051365129008445e-02
4.750365018844604492e-02
-1.578407883644104004e-01
-6.163141441456332359e-02
2.553516626358032227e-02
-2.970437407493591309e-01
-8.383269918076052818e-02
1.033878326416015625e-02
-3.715018033981323242e-01
-9.176097375265612754e-02
-2.908349037170410156e-03
-4.296181499958038330e-01
-9.509471368900790367e-02
8.805990219116210938e-03
-1.427429318428039551e-01
-6.602115494123950157e-02
-1.086348295211791992e-02
-2.966901659965515137e-01
-9.242634040228381309e-02
-2.196496725082397461e-02
-3.880366086959838867e-01
-1.024467752586986080e-01
-2.925843000411987305e-02
-4.529973864555358887e-01
-1.079830185782100216e-01
-2.804714441299438477e-02
-1.332585811614990234e-01
-6.725392800680651817e-02
-4.425531625747680664e-02
-2.735674381256103516e-01
-8.746207070461764488e-02
-5.224302411079406738e-02
-3.637316226959228516e-01
-9.640842241159930381e-02
-5.675908923149108887e-02
-4.285813570022583008e-01
-1.004952819358493343e-01
-5.986976623535156250e-02
-1.275235414505004883e-01
-6.727008086554064903e-02
-6.896767020225524902e-02
-2.475774884223937988e-01
-8.172793251387133751e-02
-7.407954335212707520e-02
-3.134552240371704102e-01
-8.722497832886233482e-02
-7.845476269721984863e-02
-3.645000159740447998e-01
-8.973799955955996666e-02
