0.000000000000000000e+00
0.000000000000000000e+00
0.000000000000000000e+00
4.067158699035644531e-02
-6.308668851852416992e-02
-1.044461352464054471e-03
6.302386522293090820e-02
-1.411536931991577148e-01
-2.985764958609138375e-03
5.279254913330078125e-02
-2.096139192581176758e-01
-4.622716421906147843e-03
2.703565359115600586e-02
-2.246941328048706055e-01
-7.616020704332981950e-03
2.222442626953125000e-02
-1.940289139747619629e-01
-1.195730917406478966e-02
-5.132973194122314453e-03
-2.798964679241180420e-01
-1.903621383262077416e-02
-1.928436756134033203e-02
-3.257309496402740479e-01
-2.301882483315864647e-02
-2.837365865707397461e-02
-3.623457849025726318e-01
-2.558140918863216484e-02
-8.926868438720703125e-03
-1.857649683952331543e-01
-1.665535100055137718e-02
-3.449958562850952148e-02
-2.854502499103546143e-01
-2.381710611534515465e-02
-4.721197485923767090e-02
-3.458555936813354492e-01
-2.833366856229702080e-02
-5.488160252571105957e-02
-3.911963403224945068e-01
-3.141191132617393578e-02
-3.827702999114990234e-02
-1.689117550849914551e-01
-2.082019388926426018e-02
-6.025961041450500488e-02
-2.614817619323730469e-01
-2.736071773124137962e-02
-7.043743133544921875e-02
-3.222373127937316895e-01
-3.282690696669021690e-02
-7.623013854026794434e-02
-3.691949248313903809e-01
-3.636465870094696129e-02
-6.576931476593017578e-02
-1.446453928947448730e-01
-2.450702429068485344e-02
-8.182227611541748047e-02
-2.286342382431030273e-01
-3.022663571191230858e-02
-9.068736433982849121e-02
-2.768961787223815918e-01
-3.270576797676483238e-02
-9.653949737548828125e-02
-3.190613090991973877e-01
-3.397816322994628990e-02
