0.000000000000000000e+00
0.000000000000000000e+00
0.000000000000000000e+00
4.585659503936767578e-02
-2.880090475082397461e-02
-2.650608867367054700e-02
7.268452644348144531e-02
-6.791752576828002930e-02
-5.643183924217964886e-02
7.685780525207519531e-02
-1.225051879882812500e-01
-8.496463485022331952e-02
7.027125358581542969e-02
-1.704601049423217773e-01
-1.156137604262426066e-01
9.498435258865356445e-02
7.273691892623901367e-02
-6.497252173681999921e-02
8.514904975891113281e-02
-4.717099666595458984e-02
-1.038804445411756205e-01
6.984078884124755859e-02
-1.317570805549621582e-01
-1.316593829538419413e-01
6.088644266128540039e-02
-2.016627788543701172e-01
-1.461656186725690532e-01
4.572790861129760742e-02
9.128886461257934570e-02
-7.142593897839333295e-02
3.645128011703491211e-02
-3.616136312484741211e-02
-1.061482001092031169e-01
2.900177240371704102e-02
-1.307953000068664551e-01
-1.223223228003575969e-01
2.589362859725952148e-02
-2.090367674827575684e-01
-1.311339829113080668e-01
-3.120064735412597656e-03
8.384692668914794922e-02
-7.849314995070244549e-02
-9.828090667724609375e-03
-3.411251306533813477e-02
-1.091108713295056987e-01
-1.098275184631347656e-02
-1.168156266212463379e-01
-1.130069140340879130e-01
-8.949220180511474609e-03
-1.852728724479675293e-01
-1.115121860053136515e-01
-4.397821426391601562e-02
5.784124135971069336e-02
-8.732149936219002484e-02
-5.382165312767028809e-02
-1.984500885009765625e-02
-1.055558044459417033e-01
-5.376040935516357422e-02
-7.550537586212158203e-02
-1.003488320853307414e-01
-4.948753118515014648e-02
-1.206414103507995605e-01
-9.372153319378639935e-02
