0.000000000000000000e+00
0.000000000000000000e+00
0.000000000000000000e+00
3.593897819519042969e-02
-6.716567277908325195e-02
6.790516271053093078e-03
5.640679597854614258e-02
-1.335022449493408203e-01
7.652852057276504638e-03
4.781502485275268555e-02
-1.972280144691467285e-01
7.994848142175214889e-03
2.733719348907470703e-02
-2.226148843765258789e-01
7.168099588511722686e-03
2.430289983749389648e-02
-1.884834170341491699e-01
-5.079996002109510300e-03
-4.784107208251953125e-03
-2.723741531372070312e-01
-6.422800638915759919e-03
-2.078878879547119141e-02
-3.082605600357055664e-01
-4.825523284466726182e-03
-3.216189146041870117e-02
-3.321739733219146729e-01
-3.563125546293122170e-03
-5.108594894409179688e-03
-1.805192828178405762e-01
-1.122516502925918758e-02
-3.040814399719238281e-02
-2.731771469116210938e-01
-1.304929440209434688e-02
-4.320394992828369141e-02
-3.144575655460357666e-01
-1.270373368004129588e-02
-5.081614851951599121e-02
-3.400744795799255371e-01
-1.265713868031070888e-02
-3.309088945388793945e-02
-1.626387834548950195e-01
-1.609111593404577434e-02
-5.353131890296936035e-02
-2.538555264472961426e-01
-1.821379752198026836e-02
-6.326097249984741211e-02
-3.010466396808624268e-01
-1.952300609389112651e-02
-6.893765926361083984e-02
-3.341672718524932861e-01
-2.081530743578241527e-02
-5.878242850303649902e-02
-1.380558013916015625e-01
-1.963898928204343974e-02
-7.379877567291259766e-02
-2.216826677322387695e-01
-2.258076162377165019e-02
-8.141276240348815918e-02
-2.639845609664916992e-01
-2.274863810578153789e-02
-8.616241812705993652e-02
-3.010032773017883301e-01
-2.238824979701803386e-02
