0.000000000000000000e+00
0.000000000000000000e+00
0.000000000000000000e+00
4.873883724212646484e-02
-4.982888698577880859e-02
-1.778590393999479602e-02
9.332758188247680664e-02
-1.175920963287353516e-01
-4.225828213432691882e-02
1.104316711425781250e-01
-1.847127676010131836e-01
-6.159068358877561877e-02
9.474849700927734375e-02
-2.375386357307434082e-01
-8.419584197739027331e-02
7.074195146560668945e-02
-1.033072471618652344e-01
-9.327721310594938586e-02
6.279456615447998047e-02
-2.452056407928466797e-01
-1.274465741012420494e-01
5.538511276245117188e-02
-3.357756733894348145e-01
-1.434705973956909020e-01
4.873776435852050781e-02
-4.086748957633972168e-01
-1.530420453641738732e-01
2.470153570175170898e-02
-8.784759044647216797e-02
-9.961513889768980334e-02
1.794803142547607422e-02
-2.371413707733154297e-01
-1.360917211864318688e-01
1.527529954910278320e-02
-3.424126505851745605e-01
-1.507195801828231652e-01
1.345646381378173828e-02
-4.201264083385467529e-01
-1.621074797008361656e-01
-2.027720212936401367e-02
-8.619546890258789062e-02
-1.030431957338180382e-01
-2.947884798049926758e-02
-2.160364389419555664e-01
-1.329660834167327721e-01
-2.679634094238281250e-02
-3.113712668418884277e-01
-1.458744378183212120e-01
-2.208602428436279297e-02
-3.841199278831481934e-01
-1.547671676967468102e-01
-6.175670027732849121e-02
-9.646701812744140625e-02
-1.057176114414062340e-01
-6.912410259246826172e-02
-2.003327608108520508e-01
-1.302593172881927330e-01
-7.034301757812500000e-02
-2.658026814460754395e-01
-1.413283170554961998e-01
-6.863424181938171387e-02
-3.205658197402954102e-01
-1.494132698867645104e-01
