0.000000000000000000e+00
0.000000000000000000e+00
0.000000000000000000e+00
4.267156124114990234e-02
-5.552160739898681641e-02
-7.198325916647263512e-03
7.214862108230590820e-02
-1.270179748535156250e-01
-1.907814955291087244e-02
7.420521974563598633e-02
-1.957190632820129395e-01
-2.861267244395548914e-02
4.844021797180175781e-02
-2.178238034248352051e-01
-4.018089463886553858e-02
4.095411300659179688e-02
-1.630715131759643555e-01
-4.699296047863299464e-02
1.689106225967407227e-02
-2.841647863388061523e-01
-6.473958780941302393e-02
3.396093845367431641e-03
-3.455955982208251953e-01
-7.149320384439761256e-02
-7.537305355072021484e-03
-3.937219977378845215e-01
-7.433314910110766505e-02
5.957424640655517578e-03
-1.488485336303710938e-01
-5.158860152539546107e-02
-1.641803979873657227e-02
-2.845990061759948730e-01
-7.038666596588427637e-02
-2.664786577224731445e-02
-3.624151349067687988e-01
-7.736339708742434595e-02
-3.249651193618774414e-02
-4.169599413871765137e-01
-8.138583889183337305e-02
-2.771353721618652344e-02
-1.371215581893920898e-01
-5.423827758011157130e-02
-4.628467559814453125e-02
-2.641298174858093262e-01
-6.921284934458071803e-02
-5.380767583847045898e-02
-3.435059189796447754e-01
-7.732149502214724635e-02
-5.733594298362731934e-02
-3.995360732078552246e-01
-8.163383146700198267e-02
-5.769723653793334961e-02
-1.268833279609680176e-01
-5.608142828521067713e-02
-6.927418708801269531e-02
-2.374026775360107422e-01
-6.730047156986529444e-02
-7.507982850074768066e-02
-2.986574769020080566e-01
-7.240776261267001246e-02
-7.872027158737182617e-02
-3.459970653057098389e-01
-7.521214624819094752e-02
