0.000000000000000000e+00
0.000000000000000000e+00
0.000000000000000000e+00
4.003798961639404297e-02
-6.608843803405761719e-02
5.336935127857600492e-03
6.037390232086181641e-02
-1.412975192070007324e-01
8.037081881198560041e-03
5.027252435684204102e-02
-2.049895524978637695e-01
9.976672901544247907e-03
2.689778804779052734e-02
-2.077935934066772461e-01
1.053466364625421647e-02
1.510310173034667969e-02
-2.005268931388854980e-01
1.223774239193176072e-03
-1.177191734313964844e-02
-2.770223021507263184e-01
1.817281206655252390e-04
-2.633774280548095703e-02
-3.151315748691558838e-01
-4.728738369834672994e-04
-3.591287136077880859e-02
-3.446348607540130615e-01
-1.758727516275371272e-03
-1.389688253402709961e-02
-1.908137798309326172e-01
-4.934577775415505130e-03
-3.953966498374938965e-02
-2.759423553943634033e-01
-7.401325778332079608e-03
-5.136108398437500000e-02
-3.232198357582092285e-01
-1.007255543139251586e-02
-5.835896730422973633e-02
-3.581469058990478516e-01
-1.230102222528728362e-02
-4.077780246734619141e-02
-1.684486269950866699e-01
-1.038514454033645507e-02
-6.409469246864318848e-02
-2.510176897048950195e-01
-1.410864390548738356e-02
-7.418394088745117188e-02
-3.032201528549194336e-01
-1.888015870120796080e-02
-8.062839508056640625e-02
-3.454799950122833252e-01
-2.238969322409900542e-02
-6.449341773986816406e-02
-1.367297172546386719e-01
-1.482561420765193816e-02
-8.361724019050598145e-02
-2.119475007057189941e-01
-1.839080084231170531e-02
-9.312242269515991211e-02
-2.530400156974792480e-01
-2.008114945259364958e-02
-9.965530037879943848e-02
-2.907775938510894775e-01
-2.118902657296928282e-02
