0.000000000000000000e+00
0.000000000000000000e+00
0.000000000000000000e+00
4.044514894485473633e-02
-6.038898229598999023e-02
-9.247351088646382777e-03
7.572513818740844727e-02
-1.342665553092956543e-01
-2.763771417093607852e-02
8.880811929702758789e-02
-2.027553319931030273e-01
-4.275775479626986453e-02
6.666523218154907227e-02
-2.500744462013244629e-01
-6.105350481820437381e-02
5.272907018661499023e-02
-1.589370369911193848e-01
-7.192443835091921756e-02
2.870768308639526367e-02
-3.104505538940429688e-01
-9.846036660027834841e-02
1.167762279510498047e-02
-3.934995830059051514e-01
-1.096496410901579566e-01
-3.372371196746826172e-03
-4.609268903732299805e-01
-1.153302617604765601e-01
1.293516159057617188e-02
-1.352371573448181152e-01
-7.985390501571032473e-02
-7.823169231414794922e-03
-3.037168383598327637e-01
-1.096102275188002295e-01
-2.446329593658447266e-02
-4.102527797222137451e-01
-1.231276892359289832e-01
-3.682953119277954102e-02
-4.890716671943664551e-01
-1.324251197512182898e-01
-2.828252315521240234e-02
-1.211351752281188965e-01
-8.412096428227755496e-02
-4.274481534957885742e-02
-2.757620215415954590e-01
-1.076759226853880591e-01
-5.285209417343139648e-02
-3.774430751800537109e-01
-1.190322391922506995e-01
-5.864596366882324219e-02
-4.509798288345336914e-01
-1.256753556664023108e-01
-6.832921504974365234e-02
-1.157974004745483398e-01
-8.690565603328082034e-02
-7.548382878303527832e-02
-2.432634830474853516e-01
-1.050261311466726966e-01
-8.013388514518737793e-02
-3.153096437454223633e-01
-1.118653767044577307e-01
-8.348727226257324219e-02
-3.723105192184448242e-01
-1.157365866239103980e-01
