0.000000000000000000e+00
0.000000000000000000e+00
0.000000000000000000e+00
2.037721872329711914e-02
-1.032173633575439453e-01
1.011869444771384963e-02
3.037947416305541992e-02
-1.970972418785095215e-01
5.363868486869094454e-03
1.023072004318237305e-02
-2.689789533615112305e-01
-1.028409639571847833e-03
-2.253705263137817383e-02
-2.832802534103393555e-01
-1.101615332738781206e-02
5.909323692321777344e-03
-2.465735077857971191e-01
-2.310774993823194734e-02
-5.763316154479980469e-02
-3.376027941703796387e-01
-3.489885625169897310e-02
-9.533113241195678711e-02
-3.699263036251068115e-01
-3.911579918788099519e-02
-1.218914091587066650e-01
-3.892611861228942871e-01
-4.100531113074445955e-02
-2.234619855880737305e-02
-2.186346054077148438e-01
-3.651400428937101594e-02
-8.385950326919555664e-02
-3.327187299728393555e-01
-4.694945883677625886e-02
-1.195729374885559082e-01
-3.833363354206085205e-01
-4.926964041517400972e-02
-1.467591524124145508e-01
-4.142927825450897217e-01
-5.135038268492841951e-02
-5.222779512405395508e-02
-1.784669756889343262e-01
-4.734846723006391755e-02
-1.069943606853485107e-01
-2.956790328025817871e-01
-5.596216913984441987e-02
-1.389639079570770264e-01
-3.513513207435607910e-01
-5.714490410612249605e-02
-1.621295213699340820e-01
-3.899217247962951660e-01
-5.847849470303678743e-02
-8.248290419578552246e-02
-1.279976367950439453e-01
-5.629265454338217012e-02
-1.244554519653320312e-01
-2.337701916694641113e-01
-6.518037763164663545e-02
-1.468528807163238525e-01
-2.879912853240966797e-01
-6.538061943576956025e-02
-1.656402349472045898e-01
-3.326003551483154297e-01
-6.484868523405218355e-02
