0.000000000000000000e+00
0.000000000000000000e+00
0.000000000000000000e+00
3.437495231628417969e-02
-6.705999374389648438e-02
7.131477191265389592e-03
5.211788415908813477e-02
-1.396418213844299316e-01
6.270382858033940465e-03
4.987233877182006836e-02
-2.055784463882446289e-01
4.597518432106539876e-03
2.858930826187133789e-02
-2.222567200660705566e-01
8.680079618130775998e-04
2.824479341506958008e-02
-1.844735741615295410e-01
-1.135945615622802052e-02
2.835750579833984375e-03
-2.778690457344055176e-01
-1.774881982508702549e-02
-1.394635438919067383e-02
-3.222275972366333008e-01
-2.037157879475159916e-02
-2.760356664657592773e-02
-3.533724844455718994e-01
-2.160248362723393711e-02
-1.238822937011718750e-03
-1.770276427268981934e-01
-1.938224972489877018e-02
-2.710253000259399414e-02
-2.834593057632446289e-01
-2.543830515149636540e-02
-4.147124290466308594e-02
-3.378093540668487549e-01
-2.715023809376759800e-02
-5.165132880210876465e-02
-3.736380636692047119e-01
-2.813504838648839268e-02
-3.134751319885253906e-02
-1.616294384002685547e-01
-2.575171196166081700e-02
-5.358082056045532227e-02
-2.661366760730743408e-01
-3.036169723871751103e-02
-6.478393077850341797e-02
-3.226385116577148438e-01
-3.173520804647012028e-02
-7.242971658706665039e-02
-3.631120026111602783e-01
-3.265996665957970890e-02
-5.958017706871032715e-02
-1.390188932418823242e-01
-3.078118355277581486e-02
-7.537528872489929199e-02
-2.318176627159118652e-01
-3.398306311372323307e-02
-8.203032612800598145e-02
-2.768812477588653564e-01
-3.238631801012559208e-02
-8.577477931976318359e-02
-3.141366243362426758e-01
-3.078718685809178623e-02
