0.000000000000000000e+00
0.000000000000000000e+00
0.000000000000000000e+00
4.289501905441284180e-02
-5.672359466552734375e-02
-1.095149094970793158e-02
7.707673311233520508e-02
-1.323134899139404297e-01
-2.758384669931501776e-02
8.124047517776489258e-02
-2.126253843307495117e-01
-4.050326148779959112e-02
5.249202251434326172e-02
-2.560879588127136230e-01
-5.605974967392057806e-02
4.557991027832031250e-02
-1.635704040527343750e-01
-6.297025630982489020e-02
2.057635784149169922e-02
-3.022275865077972412e-01
-8.563157717497915655e-02
4.485547542572021484e-03
-3.750709295272827148e-01
-9.472325245650381476e-02
-8.228302001953125000e-03
-4.319126009941101074e-01
-9.906866202862829596e-02
6.319284439086914062e-03
-1.469252705574035645e-01
-6.758450518162817389e-02
-1.577657461166381836e-02
-3.010669350624084473e-01
-9.187314460785955816e-02
-2.837866544723510742e-02
-3.901089429855346680e-01
-1.017139683178243104e-01
-3.572654724121093750e-02
-4.528591930866241455e-01
-1.081127579024609986e-01
-3.037315607070922852e-02
-1.344196200370788574e-01
-6.942073802264303595e-02
-4.726541042327880859e-02
-2.774949669837951660e-01
-8.792923937352270514e-02
-5.661183595657348633e-02
-3.673135042190551758e-01
-9.667420933755010992e-02
-6.166943907737731934e-02
-4.308047890663146973e-01
-1.018344665578183594e-01
-6.223914027214050293e-02
-1.252300143241882324e-01
-7.034465472014517218e-02
-7.144489884376525879e-02
-2.468229532241821289e-01
-8.507036964209646612e-02
-7.651153206825256348e-02
-3.136010169982910156e-01
-9.106933872016043097e-02
-8.095324039459228516e-02
-3.661930859088897705e-01
-9.438791672499746710e-02
