0.000000000000000000e+00
0.000000000000000000e+00
0.000000000000000000e+00
4.487663507461547852e-02
-5.802690982818603516e-02
-1.087028734647788042e-02
8.204889297485351562e-02
-1.390182375907897949e-01
-2.883154075854577059e-02
8.801668882369995117e-02
-2.149533629417419434e-01
-4.299616735690392488e-02
6.031483411788940430e-02
-2.568840980529785156e-01
-5.978742908948220247e-02
5.423718690872192383e-02
-1.609199047088623047e-01
-7.005030211323060030e-02
3.261482715606689453e-02
-3.123695254325866699e-01
-9.619043316953934664e-02
1.842701435089111328e-02
-3.957358002662658691e-01
-1.059958964239910983e-01
7.317662239074707031e-03
-4.615247547626495361e-01
-1.104422464620427036e-01
1.322919130325317383e-02
-1.436996459960937500e-01
-7.659757431858338350e-02
-6.984710693359375000e-03
-3.157519102096557617e-01
-1.051116838704899692e-01
-1.739221811294555664e-02
-4.150705039501190186e-01
-1.154885992061451816e-01
-2.355486154556274414e-02
-4.882380068302154541e-01
-1.214815631162480258e-01
-2.723115682601928711e-02
-1.352024674415588379e-01
-8.003435578459061617e-02
-4.364287853240966797e-02
-2.924236655235290527e-01
-1.024246543299511814e-01
-5.012965202331542969e-02
-3.910060822963714600e-01
-1.103314041745022678e-01
-5.295151472091674805e-02
-4.644767343997955322e-01
-1.140421881925419711e-01
-6.595140695571899414e-02
-1.320662498474121094e-01
-8.241599347704209322e-02
-7.605832815170288086e-02
-2.619910240173339844e-01
-9.916205253713883394e-02
-7.913485169410705566e-02
-3.317829370498657227e-01
-1.037261515509442233e-01
-8.046290278434753418e-02
-3.878429234027862549e-01
-1.056108653199032688e-01
