0.000000000000000000e+00
0.000000000000000000e+00
0.000000000000000000e+00
4.079568386077880859e-02
-1.900875568389892578e-02
-2.246899844857352946e-02
6.271457672119140625e-02
-6.468933820724487305e-02
-4.983963386865752909e-02
6.694114208221435547e-02
-1.228324174880981445e-01
-7.188618497701781962e-02
6.838858127593994141e-02
-1.605603098869323730e-01
-9.906409250351089213e-02
4.984986782073974609e-02
-3.445154428482055664e-02
-9.571051167102950785e-02
4.472362995147705078e-02
-1.200486421585083008e-01
-1.361714707479109165e-01
4.213988780975341797e-02
-1.915668249130249023e-01
-1.610753791198362705e-01
3.593444824218750000e-02
-2.369006872177124023e-01
-1.765729890927900669e-01
1.584768295288085938e-02
-2.470415830612182617e-02
-1.010097743734945652e-01
2.493143081665039062e-03
-1.381523609161376953e-01
-1.402766065463652012e-01
1.113235950469970703e-03
-2.124727368354797363e-01
-1.589830772742857334e-01
-2.137124538421630859e-03
-2.496294379234313965e-01
-1.741260694131483433e-01
-1.749569177627563477e-02
-2.010148763656616211e-02
-1.042091803416838047e-01
-3.717106580734252930e-02
-1.219871640205383301e-01
-1.410332577094663975e-01
-3.917837142944335938e-02
-1.808550953865051270e-01
-1.557538913354505894e-01
-4.273611307144165039e-02
-2.073767185211181641e-01
-1.651713209018339512e-01
-5.117660760879516602e-02
-2.402967214584350586e-02
-1.064917402133573887e-01
-7.527750730514526367e-02
-9.609800577163696289e-02
-1.378576116428007481e-01
-8.194091916084289551e-02
-1.381461620330810547e-01
-1.492409663066496250e-01
-8.476066589355468750e-02
-1.599439382553100586e-01
-1.569913433656324742e-01
