0.000000000000000000e+00
0.000000000000000000e+00
0.000000000000000000e+00
3.541243076324462891e-02
-7.719999551773071289e-02
8.124588818283484670e-03
5.495601892471313477e-02
-1.545842289924621582e-01
9.596911088557646963e-03
4.531466960906982422e-02
-2.239742875099182129e-01
1.004534011426727602e-02
1.910781860351562500e-02
-2.364160418510437012e-01
8.415196851821349355e-03
1.245594024658203125e-02
-2.107293605804443359e-01
-4.296552094636751917e-03
-2.512526512145996094e-02
-2.915361523628234863e-01
-6.505145861773087290e-03
-4.543414711952209473e-02
-3.294064700603485107e-01
-6.741562097339226511e-03
-5.962446331977844238e-02
-3.582900464534759521e-01
-7.261482237844063548e-03
-1.681506633758544922e-02
-1.970956921577453613e-01
-1.244425138738591841e-02
-5.296468734741210938e-02
-2.884249687194824219e-01
-1.525572983828027418e-02
-7.204669713973999023e-02
-3.365515470504760742e-01
-1.692533975747068098e-02
-8.500880002975463867e-02
-3.710674047470092773e-01
-1.880273891892869642e-02
-4.536622762680053711e-02
-1.713221073150634766e-01
-1.919114141073663404e-02
-7.511234283447265625e-02
-2.608867883682250977e-01
-2.261214999762017897e-02
-9.097602963447570801e-02
-3.153342902660369873e-01
-2.619841618743379286e-02
-1.023952066898345947e-01
-3.580122590065002441e-01
-2.928464411106546095e-02
-7.268410921096801758e-02
-1.362813711166381836e-01
-2.452239690628488233e-02
-9.606355428695678711e-02
-2.223677039146423340e-01
-2.873215748277146986e-02
-1.082926690578460693e-01
-2.690087556838989258e-01
-3.009480161872346571e-02
-1.177278757095336914e-01
-3.115777373313903809e-01
-3.089439979103048017e-02
