0.000000000000000000e+00
0.000000000000000000e+00
0.000000000000000000e+00
3.846639394760131836e-02
-6.336140632629394531e-02
5.413639870084807626e-03
6.010031700134277344e-02
-1.344879269599914551e-01
5.850512579627320520e-03
5.102545022964477539e-02
-2.036218047142028809e-01
5.833448887415215722e-03
2.505528926849365234e-02
-2.169007658958435059e-01
4.285076212681815377e-03
2.464109659194946289e-02
-1.873584985733032227e-01
-6.515656087003662833e-03
-3.339588642120361328e-03
-2.763577103614807129e-01
-9.283405683390810736e-03
-1.889127492904663086e-02
-3.176205158233642578e-01
-8.902070067279055365e-03
-2.980256080627441406e-02
-3.452746272087097168e-01
-8.442407428674414405e-03
-5.191266536712646484e-03
-1.803268790245056152e-01
-1.263949270492048527e-02
-2.998822927474975586e-02
-2.796067297458648682e-01
-1.563275228386373783e-02
-4.270794987678527832e-02
-3.266684114933013916e-01
-1.564660105054827000e-02
-5.076158046722412109e-02
-3.568501770496368408e-01
-1.566104213839025761e-02
-3.356355428695678711e-02
-1.631035804748535156e-01
-1.764863538687677647e-02
-5.402010679244995117e-02
-2.599810957908630371e-01
-2.102128784304113651e-02
-6.377065181732177734e-02
-3.109604418277740479e-01
-2.281479719226808811e-02
-6.989049911499023438e-02
-3.462734818458557129e-01
-2.410498629456014896e-02
-6.019443273544311523e-02
-1.383677721023559570e-01
-2.150295670276136661e-02
-7.544606924057006836e-02
-2.266934514045715332e-01
-2.503314237242193485e-02
-8.337962627410888672e-02
-2.725749015808105469e-01
-2.548581543510408665e-02
-8.846375346183776855e-02
-3.114935755729675293e-01
-2.537648375277967716e-02
