0.000000000000000000e+00
0.000000000000000000e+00
0.000000000000000000e+00
2.767097949981689453e-02
-9.189653396606445312e-02
1.037755438565213240e-02
4.453045129776000977e-02
-1.769152283668518066e-01
7.185689802010841731e-03
2.776503562927246094e-02
-2.505686879158020020e-01
2.516169729371853236e-03
-3.503859043121337891e-03
-2.739867568016052246e-01
-5.367097282121591206e-03
1.471215486526489258e-02
-2.373946905136108398e-01
-1.842850430429976427e-02
-4.395914077758789062e-02
-3.257071375846862793e-01
-2.701819858075182879e-02
-7.806351780891418457e-02
-3.591119647026062012e-01
-2.961598320425551378e-02
-1.018321216106414795e-01
-3.810923695564270020e-01
-3.086196614922087633e-02
-1.512694358825683594e-02
-2.169600725173950195e-01
-3.017114831627409899e-02
-7.055044174194335938e-02
-3.266146183013916016e-01
-3.774484603227179491e-02
-1.017601788043975830e-01
-3.781279623508453369e-01
-3.889436631024878466e-02
-1.249431073665618896e-01
-4.117346704006195068e-01
-4.039463384569685900e-02
-4.601222276687622070e-02
-1.841408014297485352e-01
-3.947925551355879747e-02
-9.485796093940734863e-02
-2.939193844795227051e-01
-4.596387951196234667e-02
-1.226016581058502197e-01
-3.488348424434661865e-01
-4.685448093832533800e-02
-1.423413455486297607e-01
-3.887689113616943359e-01
-4.825936614097159350e-02
-7.697021961212158203e-02
-1.405804157257080078e-01
-4.694722949088614428e-02
-1.139544248580932617e-01
-2.395960092544555664e-01
-5.434073864043753588e-02
-1.334510743618011475e-01
-2.907963991165161133e-01
-5.462161062778037035e-02
-1.494277119636535645e-01
-3.358778357505798340e-01
-5.427630974472563707e-02
