0.000000000000000000e+00
0.000000000000000000e+00
0.000000000000000000e+00
4.150360822677612305e-02
-6.793469190597534180e-02
6.055982779628266144e-03
6.833183765411376953e-02
-1.445901989936828613e-01
5.402933802372444916e-03
6.115043163299560547e-02
-2.179316878318786621e-01
4.763029977596033859e-03
3.265547752380371094e-02
-2.331767678260803223e-01
1.912770439787436771e-03
3.540003299713134766e-02
-1.931002736091613770e-01
-1.377296680965400810e-02
7.342100143432617188e-03
-2.935847640037536621e-01
-1.886131009467817421e-02
-1.029819250106811523e-02
-3.373096585273742676e-01
-1.952431304761148567e-02
-2.334856986999511719e-02
-3.648320138454437256e-01
-1.948596863456941719e-02
3.579497337341308594e-03
-1.858048439025878906e-01
-2.080650581427789803e-02
-2.214521169662475586e-02
-2.984916567802429199e-01
-2.644209890075899239e-02
-3.596532344818115234e-02
-3.512964546680450439e-01
-2.762159286447740669e-02
-4.639130830764770508e-02
-3.829637765884399414e-01
-2.838974586137510414e-02
-2.743792533874511719e-02
-1.701668500900268555e-01
-2.599450899668909187e-02
-4.661691188812255859e-02
-2.808674573898315430e-01
-3.099461412438131447e-02
-5.693513154983520508e-02
-3.400449454784393311e-01
-3.328033117958284492e-02
-6.537759304046630859e-02
-3.803454637527465820e-01
-3.496430768080927010e-02
-5.719006061553955078e-02
-1.468112468719482422e-01
-2.961223898836351509e-02
-7.062223553657531738e-02
-2.465425729751586914e-01
-3.397472529121614571e-02
-7.660120725631713867e-02
-2.956379055976867676e-01
-3.381090937563158150e-02
-8.102217316627502441e-02
-3.358483314514160156e-01
-3.333229152866579170e-02
