0.000000000000000000e+00
0.000000000000000000e+00
0.000000000000000000e+00
4.602938890457153320e-02
-5.431699752807617188e-02
-1.929671599000926108e-02
8.446013927459716797e-02
-1.318585872650146484e-01
-4.381149916380877585e-02
9.547853469848632812e-02
-2.113183736801147461e-01
-6.255162043899531454e-02
6.971222162246704102e-02
-2.708230614662170410e-01
-8.337045742601389975e-02
5.176025629043579102e-02
-1.335408091545104980e-01
-9.263669981092448324e-02
3.347218036651611328e-02
-2.919473052024841309e-01
-1.264112098369025716e-01
2.023708820343017578e-02
-3.823264241218566895e-01
-1.393216802033805379e-01
9.171068668365478516e-03
-4.537283778190612793e-01
-1.452569617185019979e-01
8.353948593139648438e-03
-1.189644336700439453e-01
-9.589774443239207358e-02
-7.159709930419921875e-03
-2.922611236572265625e-01
-1.331701530370139608e-01
-1.773703098297119141e-02
-3.999937176704406738e-01
-1.470566345605277547e-01
-2.401912212371826172e-02
-4.787943065166473389e-01
-1.556234909448050985e-01
-3.226006031036376953e-02
-1.164779663085937500e-01
-9.586067779392237753e-02
-4.495400190353393555e-02
-2.736049890518188477e-01
-1.244968353065871725e-01
-5.171486735343933105e-02
-3.772832751274108887e-01
-1.359751327189826497e-01
-5.441984534263610840e-02
-4.535494148731231689e-01
-1.420281632098578939e-01
-6.792429089546203613e-02
-1.241526007652282715e-01
-9.505982233613963217e-02
-7.405719161033630371e-02
-2.520034313201904297e-01
-1.169246090802573690e-01
-7.707899808883666992e-02
-3.281915187835693359e-01
-1.265310002717399129e-01
-7.985061407089233398e-02
-3.885686397552490234e-01
-1.321124984177970418e-01
