0.000000000000000000e+00
0.000000000000000000e+00
0.000000000000000000e+00
3.837591409683227539e-02
-6.481885910034179688e-02
4.665867586844285597e-03
6.065911054611206055e-02
-1.340510845184326172e-01
5.395788860731443037e-03
4.914426803588867188e-02
-2.013010978698730469e-01
6.144401778691133131e-03
2.480983734130859375e-02
-2.220283746719360352e-01
5.873872128539403548e-03
2.366924285888671875e-02
-1.904577016830444336e-01
-5.423294218964258562e-03
-5.388379096984863281e-03
-2.739246487617492676e-01
-6.344172010905424486e-03
-2.112889289855957031e-02
-3.095247149467468262e-01
-4.511452118642012010e-03
-3.179818391799926758e-02
-3.322503268718719482e-01
-3.108043295107165704e-03
-6.565570831298828125e-03
-1.820684075355529785e-01
-1.023595996830550803e-02
-3.121703863143920898e-02
-2.744410037994384766e-01
-1.200970478985396994e-02
-4.334276914596557617e-02
-3.159386515617370605e-01
-1.146144264075843466e-02
-5.081391334533691406e-02
-3.415759205818176270e-01
-1.107831236604539527e-02
-3.438830375671386719e-02
-1.638469099998474121e-01
-1.393317927304593695e-02
-5.506178736686706543e-02
-2.540363073348999023e-01
-1.621970564756480826e-02
-6.460306048393249512e-02
-2.999108731746673584e-01
-1.723589964840499533e-02
-7.060459256172180176e-02
-3.316064476966857910e-01
-1.802944794926730765e-02
-5.978643894195556641e-02
-1.381319761276245117e-01
-1.651517518494216574e-02
-7.508802413940429688e-02
-2.218263745307922363e-01
-1.931172639761058463e-02
-8.282971382141113281e-02
-2.637553215026855469e-01
-1.924697153899757041e-02
-8.779218792915344238e-02
-2.999820709228515625e-01
-1.861315623555270804e-02
