0.000000000000000000e+00
0.000000000000000000e+00
0.000000000000000000e+00
4.497307538986206055e-02
-5.578017234802246094e-02
-9.484746384941900033e-03
7.941490411758422852e-02
-1.280241012573242188e-01
-2.413327608587678696e-02
8.427971601486206055e-02
-2.061489224433898926e-01
-3.520762723269399430e-02
5.576568841934204102e-02
-2.466357350349426270e-01
-4.868171166958745744e-02
4.679661989212036133e-02
-1.624104976654052734e-01
-5.710797187271055009e-02
2.319574356079101562e-02
-2.933662235736846924e-01
-7.719212573351796891e-02
7.903516292572021484e-03
-3.621847033500671387e-01
-8.452289354386266496e-02
-3.818929195404052734e-03
-4.162127375602722168e-01
-8.764568519177373673e-02
1.051300764083862305e-02
-1.468114852905273438e-01
-6.117755350055631425e-02
-1.238942146301269531e-02
-2.949538826942443848e-01
-8.295193117442067887e-02
-2.560454607009887695e-02
-3.792218863964080811e-01
-9.130836826147969987e-02
-3.337556123733520508e-02
-4.392369687557220459e-01
-9.637247573914464738e-02
-2.482372522354125977e-02
-1.337163448333740234e-01
-6.248812180342611100e-02
-4.382660984992980957e-02
-2.714716196060180664e-01
-7.934067946257528092e-02
-5.438324809074401855e-02
-3.559299409389495850e-01
-8.681220364155706193e-02
-6.033235788345336914e-02
-4.168830513954162598e-01
-9.092265170397695329e-02
-5.678173899650573730e-02
-1.223466396331787109e-01
-6.282006752076085832e-02
-6.735917925834655762e-02
-2.382814884185791016e-01
-7.593914669337209489e-02
-7.290521264076232910e-02
-3.006139397621154785e-01
-8.051086020054754044e-02
-7.769399881362915039e-02
-3.500878512859344482e-01
-8.265432518305715348e-02
