0.000000000000000000e+00
0.000000000000000000e+00
0.000000000000000000e+00
3.846359252929687500e-02
-6.226503849029541016e-02
3.302335394785416156e-03
6.323975324630737305e-02
-1.315028667449951172e-01
4.264676599071037799e-03
5.713367462158203125e-02
-2.041205763816833496e-01
5.045422939822685748e-03
3.536814451217651367e-02
-2.241264581680297852e-01
5.118793929234755069e-03
1.687157154083251953e-02
-1.986742019653320312e-01
2.244190201402318507e-03
-8.523583412170410156e-03
-2.702870666980743408e-01
3.839767659322035342e-03
-2.242982387542724609e-02
-3.027018606662750244e-01
4.865813656017792255e-03
-3.202182054519653320e-02
-3.249962627887725830e-01
4.865349391714346439e-03
-1.254492998123168945e-02
-1.910129785537719727e-01
-1.876646065845477551e-03
-3.538036346435546875e-02
-2.718117237091064453e-01
-8.399587624552395937e-05
-4.663908481597900391e-02
-3.106329739093780518e-01
-3.682816119336962402e-04
-5.368953943252563477e-02
-3.381524980068206787e-01
-1.564110158703613251e-03
-3.901678323745727539e-02
-1.712440252304077148e-01
-5.452557345613229245e-03
-5.872935056686401367e-02
-2.518813610076904297e-01
-5.766985816642034024e-03
-6.774511933326721191e-02
-2.959619164466857910e-01
-7.630440750851619214e-03
-7.372215390205383301e-02
-3.287695944309234619e-01
-9.777790279819953412e-03
-6.311547756195068359e-02
-1.426627635955810547e-01
-8.344387979938971966e-03
-7.900914549827575684e-02
-2.170607447624206543e-01
-1.025154382897852656e-02
-8.710861206054687500e-02
-2.556332647800445557e-01
-1.040552777214287516e-02
-9.269043803215026855e-02
-2.904353141784667969e-01
-1.032991369230984446e-02
