0.000000000000000000e+00
0.000000000000000000e+00
0.000000000000000000e+00
3.447681665420532227e-02
-6.954181194305419922e-02
6.479806899200468706e-03
4.964333772659301758e-02
-1.420731544494628906e-01
7.595765571217327761e-03
3.848934173583984375e-02
-2.040421962738037109e-01
7.631910665999441790e-03
1.435166597366333008e-02
-2.202663421630859375e-01
6.356887686173706697e-03
1.954156160354614258e-02
-1.897740960121154785e-01
-2.619464249242753340e-03
-7.804751396179199219e-03
-2.690114676952362061e-01
-5.936494861622065855e-03
-2.319234609603881836e-02
-3.047284185886383057e-01
-7.282855753679484678e-03
-3.402054309844970703e-02
-3.283371627330780029e-01
-7.964320314009398771e-03
-9.408712387084960938e-03
-1.823002099990844727e-01
-9.077780713219851805e-03
-3.408449888229370117e-02
-2.707320153713226318e-01
-1.151185000397703107e-02
-4.633271694183349609e-02
-3.150193989276885986e-01
-1.236426999874851163e-02
-5.385595560073852539e-02
-3.446294069290161133e-01
-1.319187024690648968e-02
-3.695619106292724609e-02
-1.642123460769653320e-01
-1.464448573150178845e-02
-5.849459767341613770e-02
-2.500641047954559326e-01
-1.708628499962827618e-02
-6.815680861473083496e-02
-2.970133721828460693e-01
-1.863134728827020581e-02
-7.377237081527709961e-02
-3.312668204307556152e-01
-1.999342890538713391e-02
-6.201195716857910156e-02
-1.389139890670776367e-01
-1.914510952391168530e-02
-7.816475629806518555e-02
-2.177889943122863770e-01
-2.184937784530660565e-02
-8.667674660682678223e-02
-2.590461075305938721e-01
-2.152999939479371960e-02
-9.260180592536926270e-02
-2.936508953571319580e-01
-2.083986328997156079e-02
