0.000000000000000000e+00
0.000000000000000000e+00
0.000000000000000000e+00
4.917919635772705078e-02
-4.564088582992553711e-02
-1.506027829765343995e-02
9.069508314132690430e-02
-1.010901331901550293e-01
-3.725321655093694062e-02
1.019698381423950195e-01
-1.591966748237609863e-01
-5.536110763370061250e-02
8.343738317489624023e-02
-2.031866312026977539e-01
-7.627917517839932771e-02
6.265634298324584961e-02
-7.613182067871093750e-02
-7.990265329300427766e-02
5.005091428756713867e-02
-2.143173813819885254e-01
-1.111269115370419058e-01
3.857761621475219727e-02
-3.019273281097412109e-01
-1.268642215889599356e-01
2.727955579757690430e-02
-3.673951029777526855e-01
-1.356291591089870963e-01
1.516705751419067383e-02
-6.102430820465087891e-02
-8.567116846262479157e-02
1.580357551574707031e-03
-2.179999351501464844e-01
-1.152791573566105399e-01
-6.598412990570068359e-03
-3.183614015579223633e-01
-1.275347589415218863e-01
-1.471555233001708984e-02
-3.883754611015319824e-01
-1.378043710154202017e-01
-2.727288007736206055e-02
-6.138855218887329102e-02
-8.885784883915448518e-02
-4.457455873489379883e-02
-1.998777389526367188e-01
-1.126259012979176077e-01
-5.065321922302246094e-02
-2.884063720703125000e-01
-1.217031671565678153e-01
-5.501770973205566406e-02
-3.525506258010864258e-01
-1.285089968603756461e-01
-6.238877773284912109e-02
-7.384240627288818359e-02
-9.151980717598462434e-02
-7.764133810997009277e-02
-1.785486340522766113e-01
-1.103715120714809927e-01
-8.413380384445190430e-02
-2.378273010253906250e-01
-1.164180382054951224e-01
-8.815208077430725098e-02
-2.852950692176818848e-01
-1.210262446564343009e-01
