0.000000000000000000e+00
0.000000000000000000e+00
0.000000000000000000e+00
4.248601198196411133e-02
-6.213730573654174805e-02
-5.462085538596284096e-03
7.859319448471069336e-02
-1.358027458190917969e-01
-1.735203730785883636e-02
8.872234821319580078e-02
-2.164452075958251953e-01
-2.666351961815394134e-02
6.444132328033447266e-02
-2.682791352272033691e-01
-3.832131455564535827e-02
4.842168092727661133e-02
-1.710059046745300293e-01
-4.777648503804243774e-02
2.324324846267700195e-02
-3.044002652168273926e-01
-6.525109167122877807e-02
5.628526210784912109e-03
-3.700067400932312012e-01
-7.161345536732710571e-02
-9.274899959564208984e-03
-4.176064133644104004e-01
-7.390105928206480712e-02
1.181912422180175781e-02
-1.563174724578857422e-01
-5.314960162067450256e-02
-1.269376277923583984e-02
-3.019438982009887695e-01
-7.144447619938887328e-02
-2.855581045150756836e-02
-3.828865587711334229e-01
-7.846396620297468871e-02
-4.036566615104675293e-02
-4.368707835674285889e-01
-8.307916129851378173e-02
-2.541261911392211914e-02
-1.431173682212829590e-01
-5.620127747678793639e-02
-4.498410224914550781e-02
-2.813587784767150879e-01
-7.084258849644697875e-02
-5.682286620140075684e-02
-3.650212883949279785e-01
-7.792099024081267089e-02
-6.547990441322326660e-02
-4.230997860431671143e-01
-8.217885549092329711e-02
-6.139245629310607910e-02
-1.307004094123840332e-01
-5.801861192011870116e-02
-7.225200533866882324e-02
-2.542014718055725098e-01
-6.972766871476210326e-02
-7.846355438232421875e-02
-3.179055452346801758e-01
-7.378653640770949096e-02
-8.425095677375793457e-02
-3.670695424079895020e-01
-7.575184310698546142e-02
