0.000000000000000000e+00
0.000000000000000000e+00
0.000000000000000000e+00
4.795175790786743164e-02
-4.749327898025512695e-02
-1.727633015798346605e-02
8.327233791351318359e-02
-1.074813604354858398e-01
-3.930398100601451006e-02
8.981400728225708008e-02
-1.696451306343078613e-01
-5.622754642354266252e-02
7.230043411254882812e-02
-2.186217904090881348e-01
-7.512467378364817705e-02
5.678981542587280273e-02
-8.717513084411621094e-02
-8.235660964237467851e-02
4.538577795028686523e-02
-2.308635115623474121e-01
-1.130483674405695638e-01
3.456276655197143555e-02
-3.188387155532836914e-01
-1.266996341346384725e-01
2.504843473434448242e-02
-3.881822228431701660e-01
-1.339992808698298177e-01
1.240271329879760742e-02
-6.823104619979858398e-02
-8.593077981458918657e-02
5.252957344055175781e-04
-2.275584936141967773e-01
-1.167809891103388509e-01
-7.737278938293457031e-03
-3.280642628669738770e-01
-1.285797732471110066e-01
-1.430314779281616211e-02
-3.999622464179992676e-01
-1.373288559316279134e-01
-2.999907732009887695e-02
-6.811296939849853516e-02
-8.699999028431193437e-02
-4.546761512756347656e-02
-2.081788182258605957e-01
-1.113626810310961446e-01
-5.067712068557739258e-02
-3.037577271461486816e-01
-1.212680789230944356e-01
-5.342063307762145996e-02
-3.742337822914123535e-01
-1.277264582513453206e-01
-6.705591082572937012e-02
-8.207237720489501953e-02
-8.754679584490077104e-02
-7.939943671226501465e-02
-1.869592070579528809e-01
-1.069179179667116841e-01
-8.408504724502563477e-02
-2.518560886383056641e-01
-1.146932619212748250e-01
-8.618414402008056641e-02
-3.047020435333251953e-01
-1.199754478930117330e-01
