0.000000000000000000e+00
0.000000000000000000e+00
0.000000000000000000e+00
4.687440395355224609e-02
-5.424791574478149414e-02
-2.429300204499895699e-02
7.565432786941528320e-02
-1.324107050895690918e-01
-5.072267756446535714e-02
7.884424924850463867e-02
-2.050954103469848633e-01
-7.082393050774271615e-02
6.228411197662353516e-02
-2.659314870834350586e-01
-9.259858012779886849e-02
5.463790893554687500e-02
-1.360286474227905273e-01
-9.629622877224619515e-02
3.860247135162353516e-02
-2.833466529846191406e-01
-1.342769640742176307e-01
2.651989459991455078e-02
-3.711630105972290039e-01
-1.507988202629917396e-01
1.631432771682739258e-02
-4.432933330535888672e-01
-1.597206968127125037e-01
1.151877641677856445e-02
-1.209762692451477051e-01
-9.829155386074717171e-02
-1.477301120758056641e-03
-2.775334715843200684e-01
-1.395024138747089637e-01
-1.154083013534545898e-02
-3.821737170219421387e-01
-1.561914312897556556e-01
-1.813066005706787109e-02
-4.632505774497985840e-01
-1.665495264588230384e-01
-3.083014488220214844e-02
-1.179791092872619629e-01
-9.811768711193735726e-02
-4.214280843734741211e-02
-2.576769590377807617e-01
-1.327164697705143226e-01
-4.775905609130859375e-02
-3.579003214836120605e-01
-1.488464254198902381e-01
-4.994207620620727539e-02
-4.349416792392730713e-01
-1.575500893650882972e-01
-6.824693083763122559e-02
-1.247408986091613770e-01
-9.738960147484476693e-02
-7.592958211898803711e-02
-2.316058874130249023e-01
-1.263299959956043494e-01
-8.141779899597167969e-02
-3.022655248641967773e-01
-1.415178108273380531e-01
-8.458659052848815918e-02
-3.605269789695739746e-01
-1.506545323191517127e-01
