0.000000000000000000e+00
0.000000000000000000e+00
0.000000000000000000e+00
3.204315900802612305e-02
-9.019249677658081055e-02
1.144834117078405433e-02
4.937326908111572266e-02
-1.767852902412414551e-01
1.199256324255090767e-02
3.625094890594482422e-02
-2.514868378639221191e-01
1.126645200931650215e-02
7.972180843353271484e-03
-2.694554328918457031e-01
7.634676276233015590e-03
1.431745290756225586e-02
-2.286140322685241699e-01
-1.261043387419361061e-02
-3.622978925704956055e-02
-3.203291296958923340e-01
-1.770259278780597634e-02
-6.396824121475219727e-02
-3.585454821586608887e-01
-1.822799841827529854e-02
-8.302029967308044434e-02
-3.860867023468017578e-01
-1.839479642874378151e-02
-1.541811227798461914e-02
-2.094004750251770020e-01
-2.328377242154258675e-02
-6.419253349304199219e-02
-3.160304427146911621e-01
-2.816336813336986489e-02
-9.049847722053527832e-02
-3.696815967559814453e-01
-2.914974863595146126e-02
-1.090418398380279541e-01
-4.054587185382843018e-01
-3.063502187794822640e-02
-4.557341337203979492e-02
-1.797084808349609375e-01
-3.162632907694953865e-02
-8.668524026870727539e-02
-2.856444120407104492e-01
-3.621161009139198250e-02
-1.092675328254699707e-01
-3.440816700458526611e-01
-3.860816757148879952e-02
-1.249799728393554688e-01
-3.873506188392639160e-01
-4.108461390203613228e-02
-7.511815428733825684e-02
-1.404300928115844727e-01
-3.804963107175010628e-02
-1.078970432281494141e-01
-2.378083467483520508e-01
-4.384774367279190010e-02
-1.245445013046264648e-01
-2.887476086616516113e-01
-4.476035783952850289e-02
-1.372166574001312256e-01
-3.339603543281555176e-01
-4.511266599363464302e-02
