0.000000000000000000e+00
0.000000000000000000e+00
0.000000000000000000e+00
4.309165477752685547e-02
-6.080067157745361328e-02
-7.060136607464073677e-03
7.254660129547119141e-02
-1.377834677696228027e-01
-1.927283029871773579e-02
6.944060325622558594e-02
-2.027260065078735352e-01
-2.862728383260559895e-02
4.168635606765747070e-02
-2.153487801551818848e-01
-4.003700237589669086e-02
4.109770059585571289e-02
-1.673247218132019043e-01
-5.090523507314514973e-02
1.731878519058227539e-02
-2.917302846908569336e-01
-6.958374004679512836e-02
2.815365791320800781e-03
-3.575453758239746094e-01
-7.638182114678215839e-02
-8.896946907043457031e-03
-4.094268977642059326e-01
-7.891677688675713398e-02
3.945827484130859375e-03
-1.513738632202148438e-01
-5.529952045398545124e-02
-1.813995838165283203e-02
-2.933674454689025879e-01
-7.470307122784447529e-02
-2.937394380569458008e-02
-3.757231235504150391e-01
-8.120031278448891499e-02
-3.524845838546752930e-02
-4.335735738277435303e-01
-8.452075343447518208e-02
-3.072154521942138672e-02
-1.402176022529602051e-01
-5.728509645777535297e-02
-4.950171709060668945e-02
-2.723408937454223633e-01
-7.193833213167977192e-02
-5.800452828407287598e-02
-3.558458685874938965e-01
-7.912322502451729633e-02
-6.144571304321289062e-02
-4.145590960979461670e-01
-8.249953012781929829e-02
-6.077486276626586914e-02
-1.306626200675964355e-01
-5.837352942543816425e-02
-7.093238830566406250e-02
-2.467187643051147461e-01
-6.819917630272698261e-02
-7.640624046325683594e-02
-3.091793656349182129e-01
-7.155263792591881611e-02
-7.987537980079650879e-02
-3.570031821727752686e-01
-7.297163825350594379e-02
