0.000000000000000000e+00
0.000000000000000000e+00
0.000000000000000000e+00
3.931546211242675781e-02
-6.556844711303710938e-02
4.587311538557514723e-03
6.032931804656982422e-02
-1.390640139579772949e-01
6.433757728586897429e-03
5.200320482254028320e-02
-2.042632699012756348e-01
7.670540603498920973e-03
2.845942974090576172e-02
-2.104814648628234863e-01
7.467776312182650145e-03
1.495432853698730469e-02
-2.009757757186889648e-01
-8.482999902525989455e-04
-1.178532838821411133e-02
-2.775162756443023682e-01
-2.727499223624363367e-03
-2.646547555923461914e-02
-3.157050311565399170e-01
-4.168596809108748857e-03
-3.650701045989990234e-02
-3.458081483840942383e-01
-5.860580356170430605e-03
-1.403796672821044922e-02
-1.909252405166625977e-01
-6.919794475038543169e-03
-3.968629240989685059e-02
-2.763632237911224365e-01
-9.811488204945817415e-03
-5.243989825248718262e-02
-3.252740502357482910e-01
-1.303519237910677475e-02
-6.048390269279479980e-02
-3.616696000099182129e-01
-1.574155151968170685e-02
-4.084080457687377930e-02
-1.678255796432495117e-01
-1.222741533194948715e-02
-6.395539641380310059e-02
-2.504317164421081543e-01
-1.613970123355557007e-02
-7.433038949966430664e-02
-3.032007813453674316e-01
-2.114243269090820831e-02
-8.102327585220336914e-02
-3.455150127410888672e-01
-2.482339017217327637e-02
-6.445544958114624023e-02
-1.355214715003967285e-01
-1.656270049636532349e-02
-8.342036604881286621e-02
-2.114479541778564453e-01
-2.024172268932034058e-02
-9.290924668312072754e-02
-2.526578903198242188e-01
-2.188086718444992584e-02
-9.922266006469726562e-02
-2.899571359157562256e-01
-2.289480924730469269e-02
