0.000000000000000000e+00
0.000000000000000000e+00
0.000000000000000000e+00
4.202204942703247070e-02
-3.433310985565185547e-02
-3.190845796183339189e-02
6.906265020370483398e-02
-8.491748571395874023e-02
-6.525140428260556291e-02
7.165127992630004883e-02
-1.464066505432128906e-01
-9.628800475314847063e-02
5.801063776016235352e-02
-1.955786943435668945e-01
-1.286162527771352870e-01
9.633177518844604492e-02
6.401348114013671875e-02
-6.983370506480923723e-02
8.150839805603027344e-02
-5.239957571029663086e-02
-1.109753640861868007e-01
6.539005041122436523e-02
-1.301289796829223633e-01
-1.395115646095632655e-01
5.642122030258178711e-02
-1.968938708305358887e-01
-1.544335278244375331e-01
4.743540287017822266e-02
8.516991138458251953e-02
-7.416813993171444963e-02
3.415882587432861328e-02
-4.296779632568359375e-02
-1.111779379220365627e-01
2.618736028671264648e-02
-1.323006153106689453e-01
-1.277280243606924159e-01
2.229481935501098633e-02
-2.082364559173583984e-01
-1.365935745211004360e-01
-1.740515232086181641e-03
8.052688837051391602e-02
-7.965885275319806169e-02
-1.198524236679077148e-02
-4.148066043853759766e-02
-1.124018895001768215e-01
-1.482295989990234375e-02
-1.204141974449157715e-01
-1.156613024444936855e-01
-1.552134752273559570e-02
-1.876292824745178223e-01
-1.130460517974256618e-01
-4.319754242897033691e-02
5.683982372283935547e-02
-8.746411078885785173e-02
-5.289927124977111816e-02
-2.916061878204345703e-02
-1.068136187763570888e-01
-5.308085680007934570e-02
-8.174741268157958984e-02
-1.017938944073080165e-01
-5.074915289878845215e-02
-1.233345270156860352e-01
-9.484189176276913713e-02
