0.000000000000000000e+00
0.000000000000000000e+00
0.000000000000000000e+00
4.583346843719482422e-02
-5.672860145568847656e-02
-1.608955734496930745e-02
8.087474107742309570e-02
-1.386509537696838379e-01
-3.647239939397195485e-02
8.028584718704223633e-02
-2.171010971069335938e-01
-5.143657387321809438e-02
5.120694637298583984e-02
-2.598393559455871582e-01
-6.862683654850343373e-02
4.826509952545166016e-02
-1.431384086608886719e-01
-8.120626271789888051e-02
2.994209527969360352e-02
-2.932788729667663574e-01
-1.099707117778621068e-01
1.657450199127197266e-02
-3.766146898269653320e-01
-1.200557953221164098e-01
6.454229354858398438e-03
-4.437851309776306152e-01
-1.246466419202647558e-01
5.542814731597900391e-03
-1.286779642105102539e-01
-8.455991805618623403e-02
-9.297966957092285156e-03
-2.932842969894409180e-01
-1.165644681555590978e-01
-1.942831277847290039e-02
-3.954789936542510986e-01
-1.279230570895037999e-01
-2.478611469268798828e-02
-4.709545671939849854e-01
-1.345906561714969030e-01
-3.410637378692626953e-02
-1.236647963523864746e-01
-8.481548787182191518e-02
-4.743558168411254883e-02
-2.717053890228271484e-01
-1.099308586222491613e-01
-5.373707413673400879e-02
-3.705064058303833008e-01
-1.208750462633929601e-01
-5.567166209220886230e-02
-4.445750415325164795e-01
-1.267171806198916784e-01
-6.831941008567810059e-02
-1.247902512550354004e-01
-8.417692841118196156e-02
-7.615447044372558594e-02
-2.428112030029296875e-01
-1.041595569354853978e-01
-8.072176575660705566e-02
-3.133378624916076660e-01
-1.133249482614360204e-01
-8.404818177223205566e-02
-3.713328242301940918e-01
-1.186477249962649694e-01
