0.000000000000000000e+00
0.000000000000000000e+00
0.000000000000000000e+00
5.136334896087646484e-02
-4.634553194046020508e-02
-1.679750004478819392e-02
9.236240386962890625e-02
-1.145030856132507324e-01
-4.039972493120558283e-02
1.054259538650512695e-01
-1.898595690727233887e-01
-5.884294056960470698e-02
8.819073438644409180e-02
-2.559887766838073730e-01
-8.016269871660597346e-02
6.644654273986816406e-02
-8.973652124404907227e-02
-9.075471976467497370e-02
5.424076318740844727e-02
-2.424505949020385742e-01
-1.246794856495512249e-01
4.315853118896484375e-02
-3.341804146766662598e-01
-1.398597008890760662e-01
3.313684463500976562e-02
-4.042276740074157715e-01
-1.482488907284391644e-01
2.098017930984497070e-02
-7.644540071487426758e-02
-9.639123299785978816e-02
9.952783584594726562e-03
-2.424522638320922852e-01
-1.324017293162000897e-01
2.245485782623291016e-03
-3.506763577461242676e-01
-1.469462163157118084e-01
-3.572702407836914062e-03
-4.270649552345275879e-01
-1.577244348234785321e-01
-2.216100692749023438e-02
-7.855862379074096680e-02
-9.887600162693388484e-02
-3.469461202621459961e-02
-2.270017266273498535e-01
-1.278120822615278485e-01
-3.860801458358764648e-02
-3.284442424774169922e-01
-1.398026890463484051e-01
-3.955161571502685547e-02
-4.041606783866882324e-01
-1.479046590037000897e-01
-6.042104959487915039e-02
-9.285551309585571289e-02
-1.003983564085615399e-01
-7.012140750885009766e-02
-2.036279439926147461e-01
-1.245755649513853314e-01
-7.403066754341125488e-02
-2.715649604797363281e-01
-1.347935892052305462e-01
-7.549929618835449219e-02
-3.271507024765014648e-01
-1.417372770018232586e-01
