0.000000000000000000e+00
0.000000000000000000e+00
0.000000000000000000e+00
4.486405849456787109e-02
-5.155366659164428711e-02
-3.592241108120219906e-02
7.851499319076538086e-02
-9.147053956985473633e-02
-7.101118862331645687e-02
8.353930711746215820e-02
-1.147958040237426758e-01
-1.026560544937922259e-01
6.829899549484252930e-02
-1.338710188865661621e-01
-1.341936245530916949e-01
1.207030415534973145e-01
5.028605461120605469e-02
-8.076650201977031429e-02
1.195947527885437012e-01
-5.429685115814208984e-03
-1.357075378269030352e-01
9.326970577239990234e-02
-6.961691379547119141e-02
-1.717198297351671954e-01
6.605982780456542969e-02
-1.445194482803344727e-01
-1.894628211826159259e-01
8.159750699996948242e-02
1.017745137214660645e-01
-8.595658391416804989e-02
5.381906032562255859e-02
-5.455315113067626953e-03
-1.410334810584856768e-01
3.090542554855346680e-02
-9.665328264236450195e-02
-1.629977628558947345e-01
1.121509075164794922e-02
-1.736139655113220215e-01
-1.716395720809771319e-01
3.371483087539672852e-02
1.213994026184082031e-01
-9.373159259260432918e-02
4.387676715850830078e-03
3.858804702758789062e-03
-1.422996923297716876e-01
-1.017737388610839844e-02
-8.441317081451416016e-02
-1.483393415778948565e-01
-2.146196365356445312e-02
-1.604726314544677734e-01
-1.445405587524248858e-01
-1.074886322021484375e-02
1.132777929306030273e-01
-1.040555939048601886e-01
-3.744575381278991699e-02
2.102196216583251953e-02
-1.394795730680300494e-01
-4.885351657867431641e-02
-4.625362157821655273e-02
-1.398135229915453692e-01
-5.421325564384460449e-02
-1.002564430236816406e-01
-1.333925828307940264e-01
