0.000000000000000000e+00
0.000000000000000000e+00
0.000000000000000000e+00
4.519242048263549805e-02
-4.337841272354125977e-02
-3.420560207277389964e-02
6.580591201782226562e-02
-8.938419818878173828e-02
-6.873334717064949473e-02
6.314086914062500000e-02
-1.396209001541137695e-01
-9.974447410613151987e-02
5.273908376693725586e-02
-1.917048692703247070e-01
-1.333917952707395216e-01
7.355767488479614258e-02
1.898843050003051758e-02
-9.084041934519859751e-02
6.335717439651489258e-02
-9.962767362594604492e-02
-1.378929890325650831e-01
5.193203687667846680e-02
-1.768957376480102539e-01
-1.668945528200254103e-01
4.379969835281372070e-02
-2.444707751274108887e-01
-1.821442968776807447e-01
2.736210823059082031e-02
3.922218084335327148e-02
-9.663527976780983408e-02
1.529437303543090820e-02
-9.090268611907958984e-02
-1.436656541755780836e-01
6.515800952911376953e-03
-1.881779432296752930e-01
-1.609871960809812208e-01
-1.730918884277343750e-04
-2.668610811233520508e-01
-1.696445919206723829e-01
-1.936018466949462891e-02
3.989392518997192383e-02
-1.028791792324170729e-01
-3.149193525314331055e-02
-8.378952741622924805e-02
-1.446574009588346144e-01
-3.469741344451904297e-02
-1.709319949150085449e-01
-1.492459006240949293e-01
-3.661787509918212891e-02
-2.391469478607177734e-01
-1.470721490314588209e-01
-5.867516994476318359e-02
2.161908149719238281e-02
-1.112998701265439649e-01
-7.416665554046630859e-02
-6.916767358779907227e-02
-1.387170381477460523e-01
-7.522863149642944336e-02
-1.273952126502990723e-01
-1.368671781948194166e-01
-7.323238253593444824e-02
-1.696276664733886719e-01
-1.323724664381131788e-01
