0.000000000000000000e+00
0.000000000000000000e+00
0.000000000000000000e+00
4.714709520339965820e-02
-4.745006561279296875e-02
-3.507903016387103889e-02
7.866060733795166016e-02
-8.754491806030273438e-02
-7.018225810705303047e-02
8.221137523651123047e-02
-1.212436556816101074e-01
-1.025638001340496430e-01
6.956028938293457031e-02
-1.588719487190246582e-01
-1.355894001501667390e-01
1.173806190490722656e-01
5.840212106704711914e-02
-7.966230980335353706e-02
1.185508370399475098e-01
6.680667400360107422e-03
-1.322722079533207307e-01
9.764349460601806641e-02
-5.775833129882812500e-02
-1.657399626749622712e-01
7.893568277359008789e-02
-1.356164813041687012e-01
-1.821053715723621735e-01
7.302021980285644531e-02
1.000671386718750000e-01
-8.622119001327632759e-02
5.509001016616821289e-02
-1.104825735092163086e-02
-1.404793652075397858e-01
3.492921590805053711e-02
-1.067329645156860352e-01
-1.621980609673130402e-01
2.036637067794799805e-02
-1.871074438095092773e-01
-1.707734855192768464e-01
2.184432744979858398e-02
1.095973849296569824e-01
-9.504047951875804756e-02
4.049479961395263672e-03
-8.420646190643310547e-03
-1.442047002094852814e-01
-6.317019462585449219e-03
-1.036680936813354492e-01
-1.505787166136371980e-01
-1.243919134140014648e-02
-1.857895851135253906e-01
-1.467396112459766755e-01
-2.357494831085205078e-02
9.312891960144042969e-02
-1.061458157676327119e-01
-4.161313176155090332e-02
2.912938594818115234e-03
-1.412164958494770417e-01
-4.877299070358276367e-02
-6.766682863235473633e-02
-1.409134360331165681e-01
-5.095613002777099609e-02
-1.237415075302124023e-01
-1.342813315170872102e-01
