0.000000000000000000e+00
0.000000000000000000e+00
0.000000000000000000e+00
4.264360666275024414e-02
-5.769091844558715820e-02
-6.397482540052124023e-03
7.107305526733398438e-02
-1.345907449722290039e-01
-1.648869372118610954e-02
6.508433818817138672e-02
-2.076625227928161621e-01
-2.414457879174847221e-02
3.480869531631469727e-02
-2.253001928329467773e-01
-3.375239676941532707e-02
3.852069377899169922e-02
-1.681722402572631836e-01
-4.280452809442181206e-02
1.428210735321044922e-02
-2.830312848091125488e-01
-5.864181376207966423e-02
2.359747886657714844e-04
-3.415019810199737549e-01
-6.423602259863514519e-02
-1.061856746673583984e-02
-3.874718546867370605e-01
-6.664267189015049553e-02
4.258811473846435547e-03
-1.539136171340942383e-01
-4.700600362528462028e-02
-1.809543371200561523e-02
-2.840618491172790527e-01
-6.433805084932942009e-02
-2.918541431427001953e-02
-3.582926094532012939e-01
-7.058721787441868400e-02
-3.585940599441528320e-02
-4.105358421802520752e-01
-7.418794936646122551e-02
-2.844715118408203125e-02
-1.410138607025146484e-01
-4.937156669009823418e-02
-4.785606265068054199e-02
-2.631797194480895996e-01
-6.362506753910679436e-02
-5.638962984085083008e-02
-3.403804302215576172e-01
-7.172288007248539543e-02
-6.090930104255676270e-02
-3.958706855773925781e-01
-7.617136842716831779e-02
-5.805882811546325684e-02
-1.284018754959106445e-01
-5.084966874827046013e-02
-7.050976157188415527e-02
-2.357968688011169434e-01
-6.166391826380390739e-02
-7.670256495475769043e-02
-2.952321171760559082e-01
-6.704805798042912102e-02
-8.083999156951904297e-02
-3.425314128398895264e-01
-7.026804245222706413e-02
