0.000000000000000000e+00
0.000000000000000000e+00
0.000000000000000000e+00
4.640227556228637695e-02
-4.823338985443115234e-02
-1.239858056692355603e-02
7.898020744323730469e-02
-1.157280206680297852e-01
-3.062464530853503675e-02
8.903098106384277344e-02
-1.858756542205810547e-01
-4.449920962838405103e-02
6.791687011718750000e-02
-2.337389588356018066e-01
-6.019589166430705518e-02
4.880428314208984375e-02
-1.484146714210510254e-01
-7.201591368107074231e-02
3.065311908721923828e-02
-2.956510186195373535e-01
-9.777143831638568372e-02
1.703029870986938477e-02
-3.738504946231842041e-01
-1.064415299454140040e-01
5.191385746002197266e-03
-4.358684718608856201e-01
-1.098316111722397181e-01
8.408010005950927734e-03
-1.366185545921325684e-01
-7.566052909282916517e-02
-8.548200130462646484e-03
-2.988776564598083496e-01
-1.062813797154831263e-01
-1.900076866149902344e-02
-3.945322632789611816e-01
-1.174166449466156337e-01
-2.489870786666870117e-02
-4.638965427875518799e-01
-1.235970505633758876e-01
-2.936911582946777344e-02
-1.309320330619812012e-01
-7.599217678694003553e-02
-4.246795177459716797e-02
-2.760153412818908691e-01
-9.928190197138064832e-02
-4.968827962875366211e-02
-3.681288659572601318e-01
-1.084428378501343104e-01
-5.318024754524230957e-02
-4.346708357334136963e-01
-1.125638210335182521e-01
-6.124448776245117188e-02
-1.292821168899536133e-01
-7.523111488012546033e-02
-6.916198134422302246e-02
-2.487813234329223633e-01
-9.254841740516894788e-02
-7.364204525947570801e-02
-3.154439926147460938e-01
-9.916813160566562146e-02
-7.717114686965942383e-02
-3.680913150310516357e-01
-1.021875091948913905e-01
