0.000000000000000000e+00
0.000000000000000000e+00
0.000000000000000000e+00
5.291873216629028320e-02
-4.121595621109008789e-02
-1.782960631004715246e-02
7.932955026626586914e-02
-1.095551252365112305e-01
-3.845214471272373480e-02
7.779580354690551758e-02
-1.885094642639160156e-01
-5.560868978551769537e-02
7.463502883911132812e-02
-2.291079759597778320e-01
-7.650535926274204535e-02
7.569682598114013672e-02
-5.883407592773437500e-02
-7.238368317536258978e-02
6.407225131988525391e-02
-1.862003207206726074e-01
-1.034718789165391950e-01
5.281513929367065430e-02
-2.747273445129394531e-01
-1.230394430463686017e-01
4.116618633270263672e-02
-3.458320498466491699e-01
-1.359049193566217451e-01
3.249371051788330078e-02
-3.342711925506591797e-02
-7.873656228236103338e-02
1.382130384445190430e-02
-1.869111657142639160e-01
-1.074970625346078901e-01
5.303144454956054688e-03
-2.908039689064025879e-01
-1.240803189580812482e-01
-4.749059677124023438e-03
-3.632066845893859863e-01
-1.391272507613077192e-01
-8.640408515930175781e-03
-2.481675148010253906e-02
-8.339654281786823553e-02
-2.950888872146606445e-02
-1.672485470771789551e-01
-1.106676198547258405e-01
-3.294193744659423828e-02
-2.596006393432617188e-01
-1.234333626931085615e-01
-3.893396258354187012e-02
-3.248004317283630371e-01
-1.330290846531763105e-01
-4.547157883644104004e-02
-3.710335493087768555e-02
-8.764014765671634954e-02
-6.398126482963562012e-02
-1.391388177871704102e-01
-1.133303232496156721e-01
-6.926152110099792480e-02
-2.068844437599182129e-01
-1.227239631121530561e-01
-7.515233755111694336e-02
-2.593335509300231934e-01
-1.292270980780496625e-01
