0.000000000000000000e+00
0.000000000000000000e+00
0.000000000000000000e+00
3.987115621566772461e-02
-6.498283147811889648e-02
3.108190006798849936e-03
5.964946746826171875e-02
-1.386524438858032227e-01
4.405609897560225363e-03
4.983901977539062500e-02
-2.032582163810729980e-01
5.116403668409930106e-03
2.594715356826782227e-02
-2.100371718406677246e-01
4.640548124200449820e-03
1.482546329498291016e-02
-2.010451555252075195e-01
-8.532272676120555843e-05
-9.690642356872558594e-03
-2.763073742389678955e-01
-2.630739605763210420e-03
-2.342748641967773438e-02
-3.138324022293090820e-01
-4.955526341461791162e-03
-3.284180164337158203e-02
-3.432449996471405029e-01
-7.326973967963112955e-03
-1.404440402984619141e-02
-1.921253800392150879e-01
-5.485712450706614618e-03
-3.787291049957275391e-02
-2.752164900302886963e-01
-9.006329712235583429e-03
-4.924380779266357422e-02
-3.221223950386047363e-01
-1.267648571428026116e-02
-5.636548995971679688e-02
-3.574954867362976074e-01
-1.559825697239602960e-02
-4.069116711616516113e-02
-1.704770326614379883e-01
-1.045172651555503762e-02
-6.256225705146789551e-02
-2.510771751403808594e-01
-1.484430198814834512e-02
-7.247620820999145508e-02
-3.030387759208679199e-01
-1.972506185319389260e-02
-7.900908589363098145e-02
-3.449824750423431396e-01
-2.320041311230625070e-02
-6.391167640686035156e-02
-1.403344273567199707e-01
-1.468046744611228860e-02
-8.138701319694519043e-02
-2.151241302490234375e-01
-1.873972629454101479e-02
-9.057265520095825195e-02
-2.563070058822631836e-01
-2.053465684201682961e-02
-9.680560231208801270e-02
-2.929437458515167236e-01
-2.153530520644153512e-02
