0.000000000000000000e+00
0.000000000000000000e+00
0.000000000000000000e+00
-8.690255880355834961e-02
-4.446178674697875977e-02
-4.990231136844158755e-03
-1.539367437362670898e-01
-1.062074303627014160e-01
-1.797197748260259687e-02
-2.001264691352844238e-01
-1.386203169822692871e-01
-3.536209825711011945e-02
-2.378093898296356201e-01
-1.641977429389953613e-01
-5.329758290486097394e-02
-1.280933022499084473e-01
-3.000219464302062988e-01
-1.204394351975679456e-02
-1.938911378383636475e-01
-2.955448627471923828e-01
-4.783074546890020429e-02
-2.243750989437103271e-01
-2.160978317260742188e-01
-7.694952551560163556e-02
-2.361880242824554443e-01
-1.423213481903076172e-01
-9.208394948677778302e-02
-8.396440744400024414e-02
-2.923779487609863281e-01
-2.716307517425775586e-02
-1.536076664924621582e-01
-2.815705537796020508e-01
-5.624247331456899701e-02
-1.843445599079132080e-01
-1.885135173797607422e-01
-7.280011836724042951e-02
-1.929501593112945557e-01
-1.098638772964477539e-01
-8.009317878918409406e-02
-3.787642717361450195e-02
-2.494595050811767578e-01
-4.519037891463995038e-02
-9.092527627944946289e-02
-2.577051520347595215e-01
-7.567884389595747052e-02
-1.251447796821594238e-01
-1.798335313796997070e-01
-8.275847498612165509e-02
-1.444240808486938477e-01
-1.085811853408813477e-01
-8.203836892084837018e-02
7.238268852233886719e-03
-1.811564564704895020e-01
-6.311475847201108991e-02
-2.787637710571289062e-02
-1.695588827133178711e-01
-8.777302865223646222e-02
-6.216037273406982422e-02
-1.182419657707214355e-01
-8.889761928753614484e-02
-8.919960260391235352e-02
-6.891512870788574219e-02
-8.417801920609235822e-02
