0.000000000000000000e+00
0.000000000000000000e+00
0.000000000000000000e+00
4.652047157287597656e-02
-5.512470006942749023e-02
-1.569334379192355300e-02
8.095979690551757812e-02
-1.305732131004333496e-01
-3.537695630248549605e-02
8.580064773559570312e-02
-2.111458182334899902e-01
-5.024899690207007552e-02
5.866760015487670898e-02
-2.647626399993896484e-01
-6.722851990517142440e-02
4.901647567749023438e-02
-1.541433334350585938e-01
-7.395143954809668685e-02
2.783447504043579102e-02
-2.973867654800415039e-01
-1.004067003613329234e-01
1.383429765701293945e-02
-3.750343620777130127e-01
-1.103792056327677074e-01
2.845942974090576172e-03
-4.375622868537902832e-01
-1.147367745524263682e-01
8.179366588592529297e-03
-1.409930586814880371e-01
-7.682895808275702620e-02
-1.078277826309204102e-02
-3.010809421539306641e-01
-1.048841565733766856e-01
-2.161669731140136719e-02
-3.968068063259124756e-01
-1.159336060171938243e-01
-2.781760692596435547e-02
-4.678983390331268311e-01
-1.228646129256105723e-01
-2.992749214172363281e-02
-1.327010989189147949e-01
-7.681588231380942489e-02
-4.533192515373229980e-02
-2.800583243370056152e-01
-9.806424527224066878e-02
-5.328819155693054199e-02
-3.746812939643859863e-01
-1.076536640411234202e-01
-5.737784504890441895e-02
-4.445804059505462646e-01
-1.131042256837702098e-01
-6.298509240150451660e-02
-1.281405687332153320e-01
-7.616681008394721175e-02
-7.120931148529052734e-02
-2.511750459671020508e-01
-9.280070065315726424e-02
-7.532534003257751465e-02
-3.220485746860504150e-01
-1.000217363124704661e-01
-7.899245619773864746e-02
-3.786295354366302490e-01
-1.040255963688707652e-01
