0.000000000000000000e+00
0.000000000000000000e+00
0.000000000000000000e+00
3.681159019470214844e-02
-2.369874715805053711e-02
-2.015265195409199350e-02
6.831979751586914062e-02
-6.534516811370849609e-02
-3.671997717360397928e-02
8.831882476806640625e-02
-9.503769874572753906e-02
-5.285270816425224893e-02
1.020973920822143555e-01
-1.244965791702270508e-01
-6.981432369688889139e-02
5.477297306060791016e-02
-1.201840043067932129e-01
-4.062840274313828104e-02
6.331938505172729492e-02
-1.814454197883605957e-01
-6.944649598339935892e-02
6.072425842285156250e-02
-2.056143283843994141e-01
-8.891506424883743875e-02
5.898731946945190430e-02
-2.004974484443664551e-01
-9.881564161518952005e-02
1.460725069046020508e-02
-1.138615608215332031e-01
-4.329498416522881143e-02
1.735615730285644531e-02
-1.705579757690429688e-01
-7.180016419628998392e-02
1.974755525588989258e-02
-1.858570575714111328e-01
-8.811166069249054544e-02
2.436751127243041992e-02
-1.648414731025695801e-01
-9.748236021737000101e-02
-2.361863851547241211e-02
-8.688145875930786133e-02
-4.788060045579811685e-02
-2.704596519470214844e-02
-1.252921819686889648e-01
-7.430023631791016214e-02
-2.999728918075561523e-02
-1.329804658889770508e-01
-8.904779634217163675e-02
-2.950185537338256836e-02
-1.138043999671936035e-01
-9.622784635762116068e-02
-6.076920032501220703e-02
-4.763948917388916016e-02
-5.306821620801827066e-02
-7.410436868667602539e-02
-8.523821830749511719e-02
-7.335486939886948221e-02
-8.113646507263183594e-02
-1.002869606018066406e-01
-8.297417989710709207e-02
-8.312818408012390137e-02
-9.982538223266601562e-02
-8.848212591151138895e-02
