0.000000000000000000e+00
0.000000000000000000e+00
0.000000000000000000e+00
4.437369108200073242e-02
-6.173622608184814453e-02
-6.691363200246769338e-03
7.353854179382324219e-02
-1.441468000411987305e-01
-1.967856709629245415e-02
7.624089717864990234e-02
-2.236011624336242676e-01
-3.016736593812652245e-02
4.737192392349243164e-02
-2.576445937156677246e-01
-4.312007550865359917e-02
4.572933912277221680e-02
-1.798685789108276367e-01
-5.350138296157069817e-02
2.209872007369995117e-02
-3.172401189804077148e-01
-7.499649424821086541e-02
7.358491420745849609e-03
-3.898829519748687744e-01
-8.349590052634425774e-02
-3.740131855010986328e-03
-4.463671445846557617e-01
-8.707703699141688958e-02
9.401679039001464844e-03
-1.645131707191467285e-01
-5.969162334471889153e-02
-1.311290264129638672e-02
-3.196747004985809326e-01
-8.342965741425700799e-02
-2.441036701202392578e-02
-4.115546345710754395e-01
-9.323256511956401482e-02
-3.045910596847534180e-02
-4.776355028152465820e-01
-9.875892896920390740e-02
-2.608668804168701172e-02
-1.510770320892333984e-01
-6.323760797053523675e-02
-4.463851451873779297e-02
-2.904734015464782715e-01
-8.124059487849422112e-02
-5.295497179031372070e-02
-3.792456388473510742e-01
-9.003797222644038811e-02
-5.651724338531494141e-02
-4.431377053260803223e-01
-9.454439629584499016e-02
-5.843824148178100586e-02
-1.380695104598999023e-01
-6.573098947077937737e-02
-7.204324007034301758e-02
-2.558852434158325195e-01
-7.872563649684138909e-02
-7.734683156013488770e-02
-3.180531561374664307e-01
-8.341504682570644036e-02
-7.995754480361938477e-02
-3.654767572879791260e-01
-8.560814012557216302e-02
