0.000000000000000000e+00
0.000000000000000000e+00
0.000000000000000000e+00
4.529738426208496094e-02
-4.791647195816040039e-02
-4.111250100481811387e-02
7.692629098892211914e-02
-8.789438009262084961e-02
-8.645798621523681504e-02
8.430200815200805664e-02
-1.215178370475769043e-01
-1.255200689827233873e-01
7.517796754837036133e-02
-1.575466990470886230e-01
-1.653209215198785387e-01
1.281775236129760742e-01
5.537343025207519531e-02
-1.216250023041993700e-01
1.232942938804626465e-01
-1.842319965362548828e-02
-1.833012139593392931e-01
9.722989797592163086e-02
-9.440761804580688477e-02
-2.176746612583428941e-01
7.320666313171386719e-02
-1.742525100708007812e-01
-2.365420943294793688e-01
8.940583467483520508e-02
9.545403718948364258e-02
-1.305089032446176134e-01
7.211065292358398438e-02
-1.122885942459106445e-02
-1.973499393259317003e-01
5.091899633407592773e-02
-1.010213494300842285e-01
-2.240463828836709581e-01
3.268194198608398438e-02
-1.746035814285278320e-01
-2.386283761059075914e-01
4.209953546524047852e-02
1.051437854766845703e-01
-1.399307882581979356e-01
2.331757545471191406e-02
-9.065687656402587891e-03
-2.002599870954782091e-01
1.204317808151245117e-02
-9.930968284606933594e-02
-2.146270459686547838e-01
3.314435482025146484e-03
-1.738764047622680664e-01
-2.192682063375741564e-01
-1.772582530975341797e-03
8.764159679412841797e-02
-1.510034388099938951e-01
-2.292734384536743164e-02
-4.793822765350341797e-03
-2.008043414150506578e-01
-3.427514433860778809e-02
-7.639873027801513672e-02
-2.127718812023431383e-01
-3.876712918281555176e-02
-1.291291117668151855e-01
-2.167011981998712145e-01
