0.000000000000000000e+00
0.000000000000000000e+00
0.000000000000000000e+00
3.747922182083129883e-02
-6.696784496307373047e-02
6.724889791236421388e-03
5.754542350769042969e-02
-1.377002000808715820e-01
8.396238955334922593e-03
4.548108577728271484e-02
-2.037479281425476074e-01
9.523563953713676256e-03
2.100408077239990234e-02
-2.223032712936401367e-01
9.353094669656059068e-03
2.403312921524047852e-02
-1.923483610153198242e-01
-3.055974672882655341e-03
-3.780007362365722656e-03
-2.737517952919006348e-01
-3.930147336198785979e-03
-1.970618963241577148e-02
-3.097186684608459473e-01
-2.608066023661592681e-03
-3.136873245239257812e-02
-3.338044583797454834e-01
-1.686233509666124064e-03
-5.589604377746582031e-03
-1.846855282783508301e-01
-9.023778205140331465e-03
-2.992671728134155273e-02
-2.751178145408630371e-01
-1.025240222863743611e-02
-4.237201809883117676e-02
-3.169964849948883057e-01
-9.890566644592979628e-03
-5.044475197792053223e-02
-3.436572551727294922e-01
-9.840996069236496169e-03
-3.330671787261962891e-02
-1.666834950447082520e-01
-1.380834921203444310e-02
-5.379977822303771973e-02
-2.558438777923583984e-01
-1.554886444412062474e-02
-6.330680847167968750e-02
-3.018207848072052002e-01
-1.670040569208453007e-02
-6.941440701484680176e-02
-3.341931998729705811e-01
-1.778011775515864201e-02
-5.862617492675781250e-02
-1.410322189331054688e-01
-1.736012852691004582e-02
-7.428184151649475098e-02
-2.241538166999816895e-01
-1.976707584164927312e-02
-8.208242058753967285e-02
-2.664008140563964844e-01
-1.959987736247370549e-02
-8.715531229972839355e-02
-3.028227090835571289e-01
-1.902682526908705540e-02
