0.000000000000000000e+00
0.000000000000000000e+00
0.000000000000000000e+00
3.868430852890014648e-02
-6.610828638076782227e-02
3.211265350429926002e-03
5.967241525650024414e-02
-1.439992189407348633e-01
1.253086412063453281e-03
4.856711626052856445e-02
-2.125982046127319336e-01
-3.292931572360657810e-04
1.989287137985229492e-02
-2.249899506568908691e-01
-3.896684465260591423e-03
3.185796737670898438e-02
-1.834220290184020996e-01
-1.757583844967314235e-02
5.635917186737060547e-03
-2.833683490753173828e-01
-2.530587542362638942e-02
-1.020246744155883789e-02
-3.316180706024169922e-01
-2.746140289612242213e-02
-2.191376686096191406e-02
-3.674142360687255859e-01
-2.828068550236650935e-02
6.199479103088378906e-04
-1.746465563774108887e-01
-2.404403019257017604e-02
-2.466028928756713867e-02
-2.881846427917480469e-01
-3.315088603206106654e-02
-3.765821456909179688e-02
-3.475089073181152344e-01
-3.636486161060759059e-02
-4.603257775306701660e-02
-3.869689106941223145e-01
-3.794924992628523341e-02
-3.034234046936035156e-02
-1.600143313407897949e-01
-2.896297987111040584e-02
-5.235090851783752441e-02
-2.690107822418212891e-01
-3.701685446806379787e-02
-6.294965744018554688e-02
-3.326853811740875244e-01
-4.211323041029402248e-02
-6.982666254043579102e-02
-3.788293004035949707e-01
-4.486611563272902004e-02
-5.927824974060058594e-02
-1.401441097259521484e-01
-3.250267434425779811e-02
-7.409840822219848633e-02
-2.397050261497497559e-01
-3.865210417218634120e-02
-8.144924044609069824e-02
-2.906730175018310547e-01
-4.069754931636282436e-02
-8.610939979553222656e-02
-3.328363895416259766e-01
-4.153453263946005336e-02
