0.000000000000000000e+00
0.000000000000000000e+00
0.000000000000000000e+00
5.021888017654418945e-02
-4.865360260009765625e-02
-1.970883050194061070e-02
9.558194875717163086e-02
-1.225762963294982910e-01
-4.515670203795707494e-02
1.138411760330200195e-01
-1.990734338760375977e-01
-6.501450726022994786e-02
9.085446596145629883e-02
-2.581988573074340820e-01
-8.768203445902145177e-02
6.797146797180175781e-02
-1.088218092918395996e-01
-9.672403671970641881e-02
5.549550056457519531e-02
-2.668327093124389648e-01
-1.323898244761494425e-01
4.386651515960693359e-02
-3.602527976036071777e-01
-1.472988087796238688e-01
3.385049104690551758e-02
-4.315378665924072266e-01
-1.548129577302006510e-01
2.407473325729370117e-02
-9.483492374420166016e-02
-1.016590926908520487e-01
1.375949382781982422e-02
-2.636022567749023438e-01
-1.403302658461598185e-01
4.993855953216552734e-03
-3.720740675926208496e-01
-1.552191037797001627e-01
-8.885264396667480469e-04
-4.495522677898406982e-01
-1.651167083643940714e-01
-1.793748140335083008e-02
-9.499323368072509766e-02
-1.035031635426548746e-01
-2.787935733795166016e-02
-2.446795701980590820e-01
-1.338384408616093424e-01
-3.223466873168945312e-02
-3.494228124618530273e-01
-1.468724567555454996e-01
-3.332287073135375977e-02
-4.281500577926635742e-01
-1.548442054652241495e-01
-5.620878934860229492e-02
-1.073719263076782227e-01
-1.046593818925884989e-01
-6.132355332374572754e-02
-2.251796126365661621e-01
-1.288239169978169230e-01
-6.430476903915405273e-02
-2.978748679161071777e-01
-1.398660648726490763e-01
-6.612941622734069824e-02
-3.564319610595703125e-01
-1.471316922568348673e-01
