0.000000000000000000e+00
0.000000000000000000e+00
0.000000000000000000e+00
4.893267154693603516e-02
-4.379093647003173828e-02
-1.450819956033910785e-02
7.975727319717407227e-02
-1.191812157630920410e-01
-3.358435319631780658e-02
8.689719438552856445e-02
-1.990703940391540527e-01
-4.873476983874525104e-02
8.118075132369995117e-02
-2.610300183296203613e-01
-6.770382882922376666e-02
6.798607110977172852e-02
-1.008588075637817383e-01
-7.559702606766904864e-02
5.381757020950317383e-02
-2.360712885856628418e-01
-1.074197820004769710e-01
4.108983278274536133e-02
-3.279861211776733398e-01
-1.261916241225549129e-01
2.784758806228637695e-02
-4.007437229156494141e-01
-1.378418287810632137e-01
2.790278196334838867e-02
-8.026051521301269531e-02
-8.218804063170637164e-02
8.307695388793945312e-03
-2.429558038711547852e-01
-1.107300153550454525e-01
-6.364464759826660156e-03
-3.516732454299926758e-01
-1.252340755042382625e-01
-1.904869079589843750e-02
-4.266805052757263184e-01
-1.378516784486123470e-01
-1.188987493515014648e-02
-7.312786579132080078e-02
-8.618691624968732867e-02
-3.575873374938964844e-02
-2.221560478210449219e-01
-1.107973089989968685e-01
-4.730784893035888672e-02
-3.224753737449645996e-01
-1.212412721094437984e-01
-5.689892172813415527e-02
-3.943139910697937012e-01
-1.296494087752648738e-01
-4.994285106658935547e-02
-8.053869009017944336e-02
-8.945085914700712237e-02
-6.907966732978820801e-02
-1.792160272598266602e-01
-1.121674186167069820e-01
-7.891216874122619629e-02
-2.468013763427734375e-01
-1.201570934233018306e-01
-8.547154068946838379e-02
-3.023084998130798340e-01
-1.257136544761010555e-01
