0.000000000000000000e+00
0.000000000000000000e+00
0.000000000000000000e+00
3.458184003829956055e-02
-3.709959983825683594e-02
-3.210680883836403154e-02
5.582273006439208984e-02
-8.277058601379394531e-02
-6.653585236978187822e-02
5.779874324798583984e-02
-1.290099620819091797e-01
-9.817809563588753008e-02
5.269092321395874023e-02
-1.788630485534667969e-01
-1.307541872234310176e-01
1.024494767189025879e-01
3.882527351379394531e-02
-7.979419034433021807e-02
8.941316604614257812e-02
-4.167586565017700195e-02
-1.309996987552608516e-01
6.573450565338134766e-02
-1.155546307563781738e-01
-1.639062012405361202e-01
4.557955265045166016e-02
-1.934345960617065430e-01
-1.799236531228984859e-01
6.430482864379882812e-02
7.249736785888671875e-02
-8.671533268403663897e-02
4.181224107742309570e-02
-5.169546604156494141e-02
-1.356217558355297115e-01
2.260303497314453125e-02
-1.476976275444030762e-01
-1.547757978410686519e-01
6.014287471771240234e-03
-2.256133556365966797e-01
-1.631767894000972774e-01
2.006918191909790039e-02
8.018559217453002930e-02
-9.539210748386039995e-02
-7.888078689575195312e-04
-4.889595508575439453e-02
-1.393810207815135982e-01
-1.235944032669067383e-02
-1.443187594413757324e-01
-1.440428788633312251e-01
-2.069008350372314453e-02
-2.218989729881286621e-01
-1.408113981456722286e-01
-2.121812105178833008e-02
6.544840335845947266e-02
-1.062816227645839717e-01
-4.495340585708618164e-02
-3.570395708084106445e-02
-1.370832617254222896e-01
-5.406543612480163574e-02
-1.102468371391296387e-01
-1.351743931741680171e-01
-5.772471427917480469e-02
-1.671006679534912109e-01
-1.286299372882808711e-01
