0.000000000000000000e+00
0.000000000000000000e+00
0.000000000000000000e+00
3.881734609603881836e-02
-6.345772743225097656e-02
2.054990206495688199e-03
6.330847740173339844e-02
-1.343242526054382324e-01
2.237592761055395840e-03
5.646884441375732422e-02
-2.068883180618286133e-01
2.408443887368605374e-03
3.364408016204833984e-02
-2.279310226440429688e-01
2.045174997881815671e-03
1.779204607009887695e-02
-2.008630037307739258e-01
4.613744049564161287e-04
-7.858633995056152344e-03
-2.739152610301971436e-01
2.220571868818410621e-04
-2.261149883270263672e-02
-3.067939579486846924e-01
-9.782810683844900268e-05
-3.318214416503906250e-02
-3.298966586589813232e-01
-7.691368855304858698e-04
-1.216024160385131836e-02
-1.927055716514587402e-01
-3.289167366339995624e-03
-3.534716367721557617e-02
-2.744502723217010498e-01
-3.073228585883214237e-03
-4.738304018974304199e-02
-3.160137832164764404e-01
-4.094086417346431972e-03
-5.515894293785095215e-02
-3.459535539150238037e-01
-5.600876936107113124e-03
-3.912603855133056641e-02
-1.723846197128295898e-01
-6.650776432245208980e-03
-5.949968099594116211e-02
-2.531468272209167480e-01
-8.043573067872955562e-03
-6.896770000457763672e-02
-2.986820042133331299e-01
-1.024915260949654794e-02
-7.518944144248962402e-02
-3.326729238033294678e-01
-1.231476554402632928e-02
-6.307932734489440918e-02
-1.435571312904357910e-01
-9.432521478622390987e-03
-7.908985018730163574e-02
-2.186222672462463379e-01
-1.175994502136035180e-02
-8.739763498306274414e-02
-2.581811845302581787e-01
-1.210892369726224160e-02
-9.307879209518432617e-02
-2.929776906967163086e-01
-1.199508813896699166e-02
