0.000000000000000000e+00
0.000000000000000000e+00
0.000000000000000000e+00
4.482883214950561523e-02
-5.448561906814575195e-02
-1.646242409213982683e-02
8.343148231506347656e-02
-1.358715891838073730e-01
-3.817985697850190263e-02
9.001791477203369141e-02
-2.184610962867736816e-01
-5.425199984773598771e-02
6.269073486328125000e-02
-2.766072750091552734e-01
-7.253083705171547990e-02
5.277425050735473633e-02
-1.399962306022644043e-01
-8.480358987316094499e-02
3.384059667587280273e-02
-2.987068891525268555e-01
-1.145439159797092543e-01
1.951861381530761719e-02
-3.857292234897613525e-01
-1.255939689205547438e-01
7.143020629882812500e-03
-4.534940421581268311e-01
-1.303770032452007399e-01
9.794533252716064453e-03
-1.231701374053955078e-01
-8.818028985723458391e-02
-6.435871124267578125e-03
-2.981079220771789551e-01
-1.206510078833957778e-01
-1.745516061782836914e-02
-4.024617671966552734e-01
-1.324426469133754836e-01
-2.381569147109985352e-02
-4.781139791011810303e-01
-1.396740314291378127e-01
-2.922928333282470703e-02
-1.194888353347778320e-01
-8.820312588676415544e-02
-4.141241312026977539e-02
-2.774702906608581543e-01
-1.126737755463977919e-01
-4.886049032211303711e-02
-3.800242543220520020e-01
-1.223489728496929274e-01
-5.220577120780944824e-02
-4.546850025653839111e-01
-1.274094518946071730e-01
-6.375265121459960938e-02
-1.256948113441467285e-01
-8.734600364431344133e-02
-7.078015804290771484e-02
-2.576418519020080566e-01
-1.054896947668453322e-01
-7.442310452461242676e-02
-3.316379189491271973e-01
-1.124549817965885268e-01
-7.660418748855590820e-02
-3.894651830196380615e-01
-1.162319791243930922e-01
