0.000000000000000000e+00
0.000000000000000000e+00
0.000000000000000000e+00
4.195183515548706055e-02
-5.423176288604736328e-02
-4.492486683270158210e-02
7.166689634323120117e-02
-1.031411290168762207e-01
-8.646367905279817023e-02
7.139134407043457031e-02
-1.427597403526306152e-01
-1.213854294790905897e-01
5.905562639236450195e-02
-1.799615621566772461e-01
-1.579031985773724500e-01
1.027846932411193848e-01
2.011626958847045898e-02
-1.105159041061085645e-01
8.880758285522460938e-02
-7.192599773406982422e-02
-1.662664305939358655e-01
6.672441959381103516e-02
-1.457472443580627441e-01
-2.003836375250500623e-01
4.603797197341918945e-02
-2.190616130828857422e-01
-2.183675509466809217e-01
5.818510055541992188e-02
5.560082197189331055e-02
-1.134852212443036024e-01
3.887987136840820312e-02
-6.151670217514038086e-02
-1.702456813826245252e-01
2.270168066024780273e-02
-1.519076824188232422e-01
-1.936981272473019544e-01
5.966901779174804688e-03
-2.237497568130493164e-01
-2.061545890345257703e-01
1.008373498916625977e-02
6.615459918975830078e-02
-1.171745699419659559e-01
-1.224333047866821289e-02
-4.840689897537231445e-02
-1.686275046839398328e-01
-2.434712648391723633e-02
-1.353670358657836914e-01
-1.768025648369473402e-01
-3.561276197433471680e-02
-2.040465474128723145e-01
-1.763014536871594373e-01
-3.281396627426147461e-02
5.192375183105468750e-02
-1.232897308244389478e-01
-5.376905202865600586e-02
-3.285348415374755859e-02
-1.615815204157513563e-01
-6.430283188819885254e-02
-9.350275993347167969e-02
-1.631585699095410291e-01
-7.078886032104492188e-02
-1.377320885658264160e-01
-1.595464539303463880e-01
