0.000000000000000000e+00
0.000000000000000000e+00
0.000000000000000000e+00
3.638738393783569336e-02
-6.867051124572753906e-02
6.565649223006175816e-03
5.343723297119140625e-02
-1.382357478141784668e-01
7.804850742644475758e-03
3.742617368698120117e-02
-2.025442123413085938e-01
8.512524582869218648e-03
1.328742504119873047e-02
-2.264098525047302246e-01
7.895873554474519551e-03
2.447921037673950195e-02
-1.875032186508178711e-01
-4.956009171479536235e-03
-4.094481468200683594e-03
-2.707521915435791016e-01
-6.549296740018917262e-03
-2.008169889450073242e-02
-3.068970441818237305e-01
-5.044282719069315135e-03
-3.172236680984497070e-02
-3.304561674594879150e-01
-3.738504673862053096e-03
-5.336165428161621094e-03
-1.803370118141174316e-01
-1.088910114722807521e-02
-2.970200777053833008e-02
-2.728073000907897949e-01
-1.266459964918453807e-02
-4.247540235519409180e-02
-3.141816556453704834e-01
-1.201331273423988932e-02
-5.077111721038818359e-02
-3.399372994899749756e-01
-1.156681154625971431e-02
-3.319180011749267578e-02
-1.629593968391418457e-01
-1.560233470755179042e-02
-5.331876873970031738e-02
-2.547768950462341309e-01
-1.780648187505562419e-02
-6.325191259384155273e-02
-3.008902370929718018e-01
-1.873155154990513438e-02
-6.972548365592956543e-02
-3.331966698169708252e-01
-1.956304565774757975e-02
-5.870369076728820801e-02
-1.379126906394958496e-01
-1.899886348056156748e-02
-7.364395260810852051e-02
-2.217559218406677246e-01
-2.223206341969330424e-02
-8.132466673851013184e-02
-2.646639943122863770e-01
-2.236980602847893351e-02
-8.668515086174011230e-02
-3.015273511409759521e-01
-2.181070700990517253e-02
