0.000000000000000000e+00
0.000000000000000000e+00
0.000000000000000000e+00
4.170417785644531250e-02
-2.716803550720214844e-02
-2.923696173090206685e-02
6.917637586593627930e-02
-7.704311609268188477e-02
-6.031875928599106373e-02
7.408112287521362305e-02
-1.410115957260131836e-01
-8.967210968691574635e-02
6.443673372268676758e-02
-1.956905126571655273e-01
-1.204681681628869683e-01
9.870481491088867188e-02
6.985402107238769531e-02
-6.355034431177841725e-02
8.758646249771118164e-02
-4.481101036071777344e-02
-1.031077342267678887e-01
7.372552156448364258e-02
-1.256454586982727051e-01
-1.315774904723809868e-01
6.618511676788330078e-02
-1.942895054817199707e-01
-1.465710388656304985e-01
4.954355955123901367e-02
8.838951587677001953e-02
-6.855519732195602955e-02
3.829902410507202148e-02
-4.194509983062744141e-02
-1.026729183431314141e-01
3.378403186798095703e-02
-1.339898705482482910e-01
-1.190530123348878533e-01
3.304356336593627930e-02
-2.098855376243591309e-01
-1.284188168283151299e-01
-3.416538238525390625e-04
7.895183563232421875e-02
-7.492065300900208058e-02
-8.082985877990722656e-03
-4.854285717010498047e-02
-1.060727896328614861e-01
-4.766941070556640625e-03
-1.326375007629394531e-01
-1.112736227150605828e-01
-4.023313522338867188e-04
-2.008391022682189941e-01
-1.104486273761438042e-01
-4.169011116027832031e-02
5.010515451431274414e-02
-8.334405591446625294e-02
-4.965475201606750488e-02
-3.903502225875854492e-02
-1.018638150926278740e-01
-4.624113440513610840e-02
-9.451097249984741211e-02
-9.846707304674851002e-02
-4.099041223526000977e-02
-1.372930407524108887e-01
-9.304512908417450490e-02
