0.000000000000000000e+00
0.000000000000000000e+00
0.000000000000000000e+00
3.887706995010375977e-02
-6.199967861175537109e-02
8.241117418208432355e-04
6.333297491073608398e-02
-1.402818560600280762e-01
-4.210317745020120128e-03
6.255710124969482422e-02
-2.127838134765625000e-01
-8.702851603885619625e-03
3.365033864974975586e-02
-2.268857359886169434e-01
-1.602520025815579174e-02
3.456836938858032227e-02
-1.834420561790466309e-01
-2.709383494701000927e-02
9.214222431182861328e-03
-2.950953543186187744e-01
-3.834160208251091717e-02
-7.076323032379150391e-03
-3.508980870246887207e-01
-4.314955859925362347e-02
-2.040547132492065430e-02
-3.931212127208709717e-01
-4.575802921797844647e-02
3.664314746856689453e-03
-1.704745888710021973e-01
-3.453743248726937054e-02
-2.180236577987670898e-02
-2.964220941066741943e-01
-4.638069286491486309e-02
-3.617703914642333984e-02
-3.668874204158782959e-01
-5.202235817458245037e-02
-4.661524295806884766e-02
-4.156689345836639404e-01
-5.598433479215714215e-02
-2.829939126968383789e-02
-1.531513333320617676e-01
-4.013262107517334698e-02
-5.037146806716918945e-02
-2.765237987041473389e-01
-5.086993589546295880e-02
-6.190222501754760742e-02
-3.491557240486145020e-01
-5.793593614842507122e-02
-7.008591294288635254e-02
-4.012352824211120605e-01
-6.244113087203118084e-02
-5.975985527038574219e-02
-1.325855851173400879e-01
-4.440342053320023297e-02
-7.413798570632934570e-02
-2.428102493286132812e-01
-5.402837112094971417e-02
-8.122220635414123535e-02
-3.000460863113403320e-01
-5.797767430092903851e-02
-8.677151799201965332e-02
-3.469670414924621582e-01
-6.033133506323906659e-02
