0.000000000000000000e+00
0.000000000000000000e+00
0.000000000000000000e+00
3.876024484634399414e-02
-6.154876947402954102e-02
2.219235403394748118e-03
6.407588720321655273e-02
-1.321536898612976074e-01
2.543402947416950610e-03
5.714547634124755859e-02
-2.049568295478820801e-01
2.879082336953331378e-03
3.320395946502685547e-02
-2.209707498550415039e-01
2.434997232562352565e-03
1.850432157516479492e-02
-1.992740035057067871e-01
-2.802105784169839353e-04
-7.183492183685302734e-03
-2.699505686759948730e-01
-6.210411556395456500e-05
-2.156800031661987305e-02
-3.005920052528381348e-01
1.698672229437647729e-04
-3.158432245254516602e-02
-3.213126361370086670e-01
-3.820614121607945890e-04
-1.092118024826049805e-02
-1.917691826820373535e-01
-4.533169679412196729e-03
-3.360462188720703125e-02
-2.725099325180053711e-01
-4.277328848907302472e-03
-4.440981149673461914e-02
-3.110938072204589844e-01
-5.293977335163901898e-03
-5.126243829727172852e-02
-3.379886448383331299e-01
-6.976813431897710416e-03
-3.758174180984497070e-02
-1.719518899917602539e-01
-8.270090799847196195e-03
-5.693379044532775879e-02
-2.535171806812286377e-01
-9.934601727941583249e-03
-6.537249684333801270e-02
-2.988819777965545654e-01
-1.237524429343039856e-02
-7.101476192474365234e-02
-3.329599201679229736e-01
-1.490452548495824203e-02
-6.192904710769653320e-02
-1.429449915885925293e-01
-1.136069873354728088e-02
-7.770347595214843750e-02
-2.181407809257507324e-01
-1.429619489244515762e-02
-8.533629775047302246e-02
-2.573812603950500488e-01
-1.494864596060807571e-02
-9.058579802513122559e-02
-2.923108935356140137e-01
-1.530632132671172485e-02
