0.000000000000000000e+00
0.000000000000000000e+00
0.000000000000000000e+00
4.054653644561767578e-02
-5.646204948425292969e-02
-2.780586290697328877e-03
6.810295581817626953e-02
-1.311222910881042480e-01
-7.575004404003493619e-03
6.181448698043823242e-02
-2.074402570724487305e-01
-1.084617762413131459e-02
3.258335590362548828e-02
-2.257526516914367676e-01
-1.585797643807040913e-02
3.176409006118774414e-02
-1.811868548393249512e-01
-2.409266731288539631e-02
7.009983062744140625e-03
-2.846748828887939453e-01
-3.346213562932121022e-02
-8.074045181274414062e-03
-3.359949886798858643e-01
-3.672382472601043446e-02
-1.959091424942016602e-02
-3.747731745243072510e-01
-3.824116526689635975e-02
-4.649162292480468750e-05
-1.717710494995117188e-01
-2.822437188174831135e-02
-2.345162630081176758e-02
-2.882672548294067383e-01
-3.910388662066566212e-02
-3.582626581192016602e-02
-3.517288565635681152e-01
-4.341984777298080189e-02
-4.414880275726318359e-02
-3.947248756885528564e-01
-4.577664895501243336e-02
-3.077387809753417969e-02
-1.570867896080017090e-01
-3.115084445622073872e-02
-5.075326561927795410e-02
-2.677190899848937988e-01
-4.092008112516509755e-02
-6.014803051948547363e-02
-3.338546454906463623e-01
-4.674577577557670338e-02
-6.624773144721984863e-02
-3.810793757438659668e-01
-4.978426782932388051e-02
-5.985841155052185059e-02
-1.379069089889526367e-01
-3.322572870698081715e-02
-7.354283332824707031e-02
-2.397547960281372070e-01
-4.120731218304740651e-02
-8.081221580505371094e-02
-2.928184270858764648e-01
-4.432530193176376088e-02
-8.561378717422485352e-02
-3.356248438358306885e-01
-4.565776004042731984e-02
