0.000000000000000000e+00
0.000000000000000000e+00
0.000000000000000000e+00
5.290085077285766602e-02
-4.649573564529418945e-02
-1.925158351843947457e-02
8.877080678939819336e-02
-1.167278289794921875e-01
-4.781799614613646554e-02
9.959524869918823242e-02
-1.811070442199707031e-01
-7.186225280349844979e-02
8.761680126190185547e-02
-2.263278961181640625e-01
-1.004935525376140504e-01
7.864075899124145508e-02
-1.019461750984191895e-01
-9.978389963691824960e-02
6.389909982681274414e-02
-2.444906234741210938e-01
-1.420855246502696900e-01
4.947316646575927734e-02
-3.370535969734191895e-01
-1.665614120680629640e-01
3.262192010879516602e-02
-4.092280864715576172e-01
-1.812578909117519288e-01
3.731238842010498047e-02
-7.574391365051269531e-02
-1.078736506420909791e-01
1.774924993515014648e-02
-2.454107403755187988e-01
-1.462585352379619508e-01
1.926720142364501953e-03
-3.552056550979614258e-01
-1.626751892287074952e-01
-1.319348812103271484e-02
-4.308176636695861816e-01
-1.769728533942043214e-01
-4.498660564422607422e-03
-6.570684909820556641e-02
-1.131646208483516602e-01
-2.791720628738403320e-02
-2.216311097145080566e-01
-1.450348965842067628e-01
-3.921836614608764648e-02
-3.238644003868103027e-01
-1.553156845290004640e-01
-4.843908548355102539e-02
-3.955162763595581055e-01
-1.636455826479732423e-01
-4.497265815734863281e-02
-7.401460409164428711e-02
-1.179237015563785462e-01
-6.150871515274047852e-02
-1.800056099891662598e-01
-1.442758612353145509e-01
-6.923282146453857422e-02
-2.519145011901855469e-01
-1.519903413969814210e-01
-7.481873035430908203e-02
-3.076355457305908203e-01
-1.580694936234294801e-01
