0.000000000000000000e+00
0.000000000000000000e+00
0.000000000000000000e+00
4.809612035751342773e-02
-6.068110466003417969e-02
-1.393588733157002935e-02
8.843743801116943359e-02
-1.389244794845581055e-01
-3.517244205107772359e-02
1.018930077552795410e-01
-2.205941677093505859e-01
-5.197888061633193502e-02
7.617616653442382812e-02
-2.828094363212585449e-01
-7.134964883556449422e-02
5.681878328323364258e-02
-1.450871825218200684e-01
-7.949761122694098958e-02
3.515076637268066406e-02
-2.977960109710693359e-01
-1.099269148730286361e-01
1.884740591049194336e-02
-3.859215378761291504e-01
-1.232483294629105330e-01
5.144059658050537109e-03
-4.544465541839599609e-01
-1.297718492173203231e-01
1.367604732513427734e-02
-1.243720054626464844e-01
-8.485619545211875447e-02
-5.470752716064453125e-03
-2.944811582565307617e-01
-1.170179006480225326e-01
-2.021706104278564453e-02
-4.040466547012329102e-01
-1.307056155823715926e-01
-2.995795011520385742e-02
-4.828349053859710693e-01
-1.401244011544235946e-01
-2.758127450942993164e-02
-1.180104613304138184e-01
-8.706532240142905721e-02
-4.598769545555114746e-02
-2.737320065498352051e-01
-1.114450228237160445e-01
-5.542650818824768066e-02
-3.773146867752075195e-01
-1.224430632614144088e-01
-5.875915288925170898e-02
-4.524868428707122803e-01
-1.291755941533097030e-01
-6.516343355178833008e-02
-1.236484646797180176e-01
-8.830111295213782796e-02
-7.650578022003173828e-02
-2.498414516448974609e-01
-1.066200491808899642e-01
-8.229437470436096191e-02
-3.266070485115051270e-01
-1.146375742577561141e-01
-8.408582210540771484e-02
-3.880705237388610840e-01
-1.196714994334229232e-01
