0.000000000000000000e+00
0.000000000000000000e+00
0.000000000000000000e+00
4.687875509262084961e-02
-6.094306707382202148e-02
-2.646982620598237190e-02
6.736797094345092773e-02
-1.187915205955505371e-01
-5.219586144329468880e-02
6.218999624252319336e-02
-1.757950186729431152e-01
-7.604280437470833931e-02
5.017924308776855469e-02
-2.251828312873840332e-01
-1.030497434282438007e-01
8.107423782348632812e-02
-8.773565292358398438e-03
-6.397364611865441475e-02
6.473004817962646484e-02
-1.238190531730651855e-01
-9.610406632663170967e-02
4.898321628570556641e-02
-1.990409493446350098e-01
-1.165670784855024067e-01
3.830873966217041016e-02
-2.639608979225158691e-01
-1.276783528471128193e-01
3.536659479141235352e-02
2.196413278579711914e-02
-7.005592013837258492e-02
1.831573247909545898e-02
-1.118254065513610840e-01
-1.026009055519239155e-01
5.630373954772949219e-03
-2.062665224075317383e-01
-1.182642909431592670e-01
-1.270592212677001953e-03
-2.824183106422424316e-01
-1.283798101091520039e-01
-9.973406791687011719e-03
3.205949068069458008e-02
-7.628848726989190254e-02
-2.687406539916992188e-02
-9.492504596710205078e-02
-1.083766850376264301e-01
-3.566968441009521484e-02
-1.819230318069458008e-01
-1.147585171008245197e-01
-3.998488187789916992e-02
-2.492411136627197266e-01
-1.158631327295438496e-01
-4.937452077865600586e-02
2.242779731750488281e-02
-8.393403465987603340e-02
-6.746214628219604492e-02
-6.690901517868041992e-02
-1.061800303602353779e-01
-7.401862740516662598e-02
-1.293837428092956543e-01
-1.035396861577169147e-01
-7.489976286888122559e-02
-1.805828213691711426e-01
-9.955860252620141182e-02
