0.000000000000000000e+00
0.000000000000000000e+00
0.000000000000000000e+00
5.460369586944580078e-02
-4.517370462417602539e-02
-1.268275368357763000e-02
9.480690956115722656e-02
-1.126963496208190918e-01
-3.096021066750154205e-02
1.086387634277343750e-01
-1.876384019851684570e-01
-4.579645308996305175e-02
9.202146530151367188e-02
-2.488414049148559570e-01
-6.353798422361478515e-02
7.472860813140869141e-02
-8.576363325119018555e-02
-7.315130445505246826e-02
6.348496675491333008e-02
-2.292394638061523438e-01
-1.024840912535296411e-01
5.280184745788574219e-02
-3.194651007652282715e-01
-1.172028845861063928e-01
4.284393787384033203e-02
-3.907664418220520020e-01
-1.260153791620837183e-01
2.845227718353271484e-02
-7.734525203704833984e-02
-8.023913118387326904e-02
1.827484369277954102e-02
-2.308234572410583496e-01
-1.100630230023966760e-01
1.138311624526977539e-02
-3.359900712966918945e-01
-1.242028019144640894e-01
5.563616752624511719e-03
-4.130306243896484375e-01
-1.355314842178927393e-01
-1.551324129104614258e-02
-7.985359430313110352e-02
-8.467557940031156249e-02
-2.948915958404541016e-02
-2.178113460540771484e-01
-1.095131254508601160e-01
-3.393244743347167969e-02
-3.128008246421813965e-01
-1.207510000779734582e-01
-3.540360927581787109e-02
-3.854293823242187500e-01
-1.288831821396456689e-01
-5.382061004638671875e-02
-9.272509813308715820e-02
-8.827141586090192504e-02
-6.473636627197265625e-02
-1.932371854782104492e-01
-1.097031376078234644e-01
-7.006219029426574707e-02
-2.569059133529663086e-01
-1.182555547669039697e-01
-7.184568047523498535e-02
-3.095368146896362305e-01
-1.242149240090952844e-01
