0.000000000000000000e+00
0.000000000000000000e+00
0.000000000000000000e+00
4.018253087997436523e-02
-6.172758340835571289e-02
2.960416542705956999e-03
6.346553564071655273e-02
-1.323283314704895020e-01
1.996741218832198683e-03
5.863368511199951172e-02
-2.046496868133544922e-01
8.922678496361413636e-04
3.197008371353149414e-02
-2.217389941215515137e-01
-1.777994741345878538e-03
2.236950397491455078e-02
-1.884590387344360352e-01
-9.270203245463903841e-03
-4.193842411041259766e-03
-2.752415239810943604e-01
-1.440191263485246509e-02
-1.940459012985229492e-02
-3.134941160678863525e-01
-1.632980344969325870e-02
-3.116559982299804688e-02
-3.381358385086059570e-01
-1.716809434968524783e-02
-7.478177547454833984e-03
-1.804789304733276367e-01
-1.464145997691446155e-02
-3.365582227706909180e-02
-2.792715728282928467e-01
-1.988195343095355838e-02
-4.728502035140991211e-02
-3.287464976310729980e-01
-2.153662121075683444e-02
-5.712091922760009766e-02
-3.598090708255767822e-01
-2.247541112977557987e-02
-3.602391481399536133e-02
-1.618119478225708008e-01
-1.904318010586791843e-02
-5.863845348358154297e-02
-2.552351355552673340e-01
-2.357679320651584476e-02
-6.906485557556152344e-02
-3.078983128070831299e-01
-2.530190622586303562e-02
-7.623052597045898438e-02
-3.449312746524810791e-01
-2.631732909161144107e-02
-6.264507770538330078e-02
-1.347797513008117676e-01
-2.255941083807044834e-02
-7.991847395896911621e-02
-2.210286855697631836e-01
-2.613455144840770572e-02
-8.776938915252685547e-02
-2.654258012771606445e-01
-2.566563612002425998e-02
-9.248962998390197754e-02
-3.025994896888732910e-01
-2.478420822102123111e-02
