0.000000000000000000e+00
0.000000000000000000e+00
0.000000000000000000e+00
4.381793737411499023e-02
-5.212479829788208008e-02
-7.572362727074732902e-03
7.873708009719848633e-02
-1.250614523887634277e-01
-1.742307428881417763e-02
7.947254180908203125e-02
-2.008624076843261719e-01
-2.468828257784139169e-02
5.079162120819091797e-02
-2.195410132408142090e-01
-3.368650708958398354e-02
4.151940345764160156e-02
-1.768984198570251465e-01
-3.726775903865586770e-02
1.720917224884033203e-02
-2.882514894008636475e-01
-5.091465969249497903e-02
1.651048660278320312e-03
-3.442704975605010986e-01
-5.655159015819322121e-02
-1.088315248489379883e-02
-3.872264325618743896e-01
-5.923889164492379678e-02
7.039904594421386719e-03
-1.658157706260681152e-01
-4.081854183837663186e-02
-1.629096269607543945e-02
-2.910721004009246826e-01
-5.506962869927178872e-02
-2.861946821212768555e-02
-3.624641299247741699e-01
-6.130884919926415932e-02
-3.691220283508300781e-02
-4.118633270263671875e-01
-6.519920711085092080e-02
-2.628606557846069336e-02
-1.517841219902038574e-01
-4.277133528754006875e-02
-4.684433341026306152e-02
-2.693810462951660156e-01
-5.445628572866212380e-02
-5.545884370803833008e-02
-3.418338298797607422e-01
-6.147758249804269326e-02
-6.046962738037109375e-02
-3.929272294044494629e-01
-6.553817127510797036e-02
-5.709820985794067383e-02
-1.354483366012573242e-01
-4.414666403695832742e-02
-6.943538784980773926e-02
-2.409462332725524902e-01
-5.306822393700372231e-02
-7.536238431930541992e-02
-2.980814874172210693e-01
-5.678399239346276772e-02
-7.899850606918334961e-02
-3.440857529640197754e-01
-5.872512195870172036e-02
