0.000000000000000000e+00
0.000000000000000000e+00
0.000000000000000000e+00
4.032516479492187500e-02
-6.650632619857788086e-02
6.191748881462899590e-03
6.047540903091430664e-02
-1.376241445541381836e-01
8.221531973902074242e-03
5.083656311035156250e-02
-2.025317549705505371e-01
9.647187532607404137e-03
2.669173479080200195e-02
-2.222647070884704590e-01
9.819372312847463036e-03
2.285140752792358398e-02
-1.926892399787902832e-01
-1.384440355252536392e-03
-4.086494445800781250e-03
-2.726538181304931641e-01
-2.523013867687495804e-03
-2.026569843292236328e-02
-3.088734447956085205e-01
-2.116417756553801155e-03
-3.260850906372070312e-02
-3.320989310741424561e-01
-1.657763507466825104e-03
-7.359981536865234375e-03
-1.847469210624694824e-01
-6.767142342653187370e-03
-3.171873092651367188e-02
-2.740676999092102051e-01
-8.173472492273958778e-03
-4.446014761924743652e-02
-3.160774111747741699e-01
-8.440189307805212593e-03
-5.330455303192138672e-02
-3.419671356678009033e-01
-8.557554578658255195e-03
-3.524589538574218750e-02
-1.670245528221130371e-01
-1.116475114810100422e-02
-5.593842267990112305e-02
-2.539014220237731934e-01
-1.265168586957088337e-02
-6.577664613723754883e-02
-3.005152046680450439e-01
-1.393275732385745869e-02
-7.268160581588745117e-02
-3.328917324542999268e-01
-1.490181243258348331e-02
-6.016799807548522949e-02
-1.417910456657409668e-01
-1.446291828739276752e-02
-7.585260272026062012e-02
-2.237105965614318848e-01
-1.641641488510003910e-02
-8.392527699470520020e-02
-2.662304639816284180e-01
-1.603124780791631565e-02
-8.924463391304016113e-02
-3.016831278800964355e-01
-1.515908749985328541e-02
