0.000000000000000000e+00
0.000000000000000000e+00
0.000000000000000000e+00
4.203397035598754883e-02
-6.109219789505004883e-02
-2.535198534900473533e-03
7.612115144729614258e-02
-1.328495144844055176e-01
-1.343046566384487051e-02
8.223110437393188477e-02
-2.070245146751403809e-01
-2.223584027873926061e-02
5.426472425460815430e-02
-2.366292476654052734e-01
-3.404656769620828527e-02
4.538220167160034180e-02
-1.745365858078002930e-01
-4.779468448745660680e-02
1.853924989700317383e-02
-3.122601807117462158e-01
-6.479715155350618261e-02
1.957714557647705078e-03
-3.799450695514678955e-01
-7.055989997374467748e-02
-1.169508695602416992e-02
-4.317091107368469238e-01
-7.291649626480989355e-02
9.796202182769775391e-03
-1.566161513328552246e-01
-5.523165287362985509e-02
-1.479810476303100586e-02
-3.099386096000671387e-01
-7.342418627726488012e-02
-2.860498428344726562e-02
-3.930548727512359619e-01
-8.013802366244249242e-02
-3.806602954864501953e-02
-4.499573409557342529e-01
-8.448434965598039526e-02
-2.642887830734252930e-02
-1.406328678131103516e-01
-5.983476312744073766e-02
-4.569506645202636719e-02
-2.866767346858978271e-01
-7.447643177496843236e-02
-5.666369199752807617e-02
-3.712308108806610107e-01
-8.130184160458497900e-02
-6.379938125610351562e-02
-4.311438798904418945e-01
-8.534203814255647558e-02
-6.119528412818908691e-02
-1.252840757369995117e-01
-6.295686559664659399e-02
-7.287913560867309570e-02
-2.502569556236267090e-01
-7.506662951695375341e-02
-7.895365357398986816e-02
-3.137364387512207031e-01
-7.889679418789796728e-02
-8.426430821418762207e-02
-3.649334609508514404e-01
-8.078381763684205907e-02
