0.000000000000000000e+00
0.000000000000000000e+00
0.000000000000000000e+00
4.634284973144531250e-02
-5.325996875762939453e-02
-1.512830713872403976e-02
8.111643791198730469e-02
-1.309710144996643066e-01
-3.494305079911441680e-02
8.477252721786499023e-02
-2.065016627311706543e-01
-4.999199053381175872e-02
5.903726816177368164e-02
-2.549974918365478516e-01
-6.707945382331104156e-02
5.022817850112915039e-02
-1.452690958976745605e-01
-7.743500089381427642e-02
3.292638063430786133e-02
-2.960931062698364258e-01
-1.055096901032754886e-01
2.004313468933105469e-02
-3.784459531307220459e-01
-1.154306969616243350e-01
8.993148803710937500e-03
-4.447638988494873047e-01
-1.199108428332635867e-01
8.130073547363281250e-03
-1.311513185501098633e-01
-8.124629324410648223e-02
-6.088614463806152344e-03
-2.945770025253295898e-01
-1.119200653407403934e-01
-1.597869396209716797e-02
-3.942196667194366455e-01
-1.228336683485338199e-01
-2.203565835952758789e-02
-4.676039516925811768e-01
-1.294142893526384341e-01
-3.119623661041259766e-02
-1.252051591873168945e-01
-8.228740012381763336e-02
-4.370313882827758789e-02
-2.720533609390258789e-01
-1.061973712417909610e-01
-4.963210225105285645e-02
-3.693102598190307617e-01
-1.171972370717355716e-01
-5.213311314582824707e-02
-4.417792558670043945e-01
-1.233348242018053043e-01
-6.503248214721679688e-02
-1.252484917640686035e-01
-8.250646954510898468e-02
-7.187941670417785645e-02
-2.428111433982849121e-01
-1.017962760302850711e-01
-7.619270682334899902e-02
-3.142792582511901855e-01
-1.113808668229410159e-01
-7.954987883567810059e-02
-3.722757101058959961e-01
-1.171273804280588138e-01
