0.000000000000000000e+00
0.000000000000000000e+00
0.000000000000000000e+00
3.454667329788208008e-02
-7.239037752151489258e-02
1.027344414057651534e-02
4.816544055938720703e-02
-1.467082500457763672e-01
1.227980167629638686e-02
3.461825847625732422e-02
-2.074446082115173340e-01
1.277224966349521651e-02
1.221615076065063477e-02
-2.287724018096923828e-01
1.131036658795991912e-02
2.853673696517944336e-02
-1.872796416282653809e-01
-4.869480477399434903e-03
3.713965415954589844e-04
-2.747188508510589600e-01
-9.200156992054786542e-03
-1.645445823669433594e-02
-3.135955035686492920e-01
-1.005467898187717424e-02
-2.920681238174438477e-02
-3.393209278583526611e-01
-9.980182489133682111e-03
-1.949071884155273438e-04
-1.806161403656005859e-01
-1.337931710270723329e-02
-2.641785144805908203e-02
-2.796658575534820557e-01
-1.698414082614263521e-02
-3.971982002258300781e-02
-3.263264000415802002e-01
-1.677588592258771882e-02
-4.862183332443237305e-02
-3.547719419002532959e-01
-1.637895065335115419e-02
-2.843320369720458984e-02
-1.648684144020080566e-01
-2.045290763465246187e-02
-5.052897334098815918e-02
-2.610510587692260742e-01
-2.344417418328603731e-02
-6.085208058357238770e-02
-3.112153112888336182e-01
-2.392390775469621644e-02
-6.721588969230651855e-02
-3.465136587619781494e-01
-2.418411183146318422e-02
-5.519887804985046387e-02
-1.414515376091003418e-01
-2.600102159169992433e-02
-7.164666056632995605e-02
-2.289117574691772461e-01
-2.907213973788103090e-02
-7.927730679512023926e-02
-2.742241024971008301e-01
-2.818811903683027253e-02
-8.424815535545349121e-02
-3.123950362205505371e-01
-2.684697913912614808e-02
