0.000000000000000000e+00
0.000000000000000000e+00
0.000000000000000000e+00
3.901499509811401367e-02
-6.773185729980468750e-02
6.116528237676277513e-03
5.848896503448486328e-02
-1.402323246002197266e-01
8.529358717119350786e-03
4.987400770187377930e-02
-2.039138078689575195e-01
9.888194675063743944e-03
2.755814790725708008e-02
-2.083312869071960449e-01
9.737761864876404161e-03
1.298272609710693359e-02
-2.019340991973876953e-01
1.256723479805543775e-03
-1.419097185134887695e-02
-2.762254476547241211e-01
7.764778178653841678e-05
-2.868086099624633789e-02
-3.132421374320983887e-01
-9.714467460568698698e-04
-3.858864307403564453e-02
-3.422818481922149658e-01
-2.473683155635342246e-03
-1.570874452590942383e-02
-1.922145485877990723e-01
-5.418910471284732466e-03
-4.204958677291870117e-02
-2.751878798007965088e-01
-7.312376809800014144e-03
-5.477899312973022461e-02
-3.221934735774993896e-01
-9.890896094525203353e-03
-6.264480948448181152e-02
-3.575458824634552002e-01
-1.230041013428007091e-02
-4.230999946594238281e-02
-1.692801117897033691e-01
-1.130626053878103221e-02
-6.580865383148193359e-02
-2.493296265602111816e-01
-1.417175197371278728e-02
-7.657161355018615723e-02
-3.007410466670989990e-01
-1.864532922723327601e-02
-8.370798826217651367e-02
-3.426912128925323486e-01
-2.221248467781578029e-02
-6.577977538108825684e-02
-1.368509531021118164e-01
-1.618540455915962184e-02
-8.537825942039489746e-02
-2.110643982887268066e-01
-1.918436196961437190e-02
-9.532862901687622070e-02
-2.517520785331726074e-01
-2.053473499932323421e-02
-1.024110317230224609e-01
-2.896279990673065186e-01
-2.147555892684493983e-02
