0.000000000000000000e+00
0.000000000000000000e+00
0.000000000000000000e+00
3.949445486068725586e-02
-7.036209106445312500e-02
6.692153481033358275e-03
5.806714296340942383e-02
-1.438307762145996094e-01
9.586413935956272780e-03
5.063527822494506836e-02
-2.060623168945312500e-01
1.106639726572922200e-02
3.136640787124633789e-02
-2.151731252670288086e-01
1.101764066630295247e-02
1.366251707077026367e-02
-2.034762501716613770e-01
3.378832559299382865e-03
-1.424127817153930664e-02
-2.762825489044189453e-01
2.235464598250302970e-03
-2.916890382766723633e-02
-3.139026761054992676e-01
9.082297540388140078e-04
-3.971898555755615234e-02
-3.443960845470428467e-01
-8.717936368540790681e-04
-1.480907201766967773e-02
-1.939612627029418945e-01
-3.737616739037719071e-03
-4.137468338012695312e-02
-2.762580811977386475e-01
-6.109600807342019380e-03
-5.445078015327453613e-02
-3.231182992458343506e-01
-9.373178160551276505e-03
-6.279730796813964844e-02
-3.589384257793426514e-01
-1.207134352511474162e-02
-4.179039597511291504e-02
-1.711861491203308105e-01
-1.016467848307200939e-02
-6.472361087799072266e-02
-2.523931860923767090e-01
-1.369201430565425426e-02
-7.567420601844787598e-02
-3.047078847885131836e-01
-1.889742111301728755e-02
-8.338481187820434570e-02
-3.482258319854736328e-01
-2.278589589035817653e-02
-6.596902012825012207e-02
-1.382529735565185547e-01
-1.549748556202956706e-02
-8.511209487915039062e-02
-2.126386761665344238e-01
-1.903697235024282008e-02
-9.504288434982299805e-02
-2.532296776771545410e-01
-2.077656184768983394e-02
-1.024861037731170654e-01
-2.909881770610809326e-01
-2.185896729564973384e-02
