0.000000000000000000e+00
0.000000000000000000e+00
0.000000000000000000e+00
4.954290390014648438e-02
-6.183272600173950195e-02
-3.473075688373228331e-02
7.711255550384521484e-02
-1.446300745010375977e-01
-7.185063720237394591e-02
7.251632213592529297e-02
-2.172639966011047363e-01
-9.888489753495832701e-02
5.173426866531372070e-02
-2.737755179405212402e-01
-1.292460730720677020e-01
6.222069263458251953e-02
-7.432204484939575195e-02
-1.368144920517124774e-01
4.574179649353027344e-02
-2.154179215431213379e-01
-1.904631725002445819e-01
3.274291753768920898e-02
-3.095141053199768066e-01
-2.200150808740772845e-01
2.192819118499755859e-02
-3.805055022239685059e-01
-2.379082313228764178e-01
2.035939693450927734e-02
-4.517275094985961914e-02
-1.387653073717274310e-01
1.738667488098144531e-04
-2.079931497573852539e-01
-1.924026629377522113e-01
-1.437044143676757812e-02
-3.191579580307006836e-01
-2.192814818073429706e-01
-2.194261550903320312e-02
-3.942755460739135742e-01
-2.394876501012959125e-01
-2.220016717910766602e-02
-3.929483890533447266e-02
-1.372759959150471332e-01
-4.511845111846923828e-02
-1.900101304054260254e-01
-1.839995703149952533e-01
-5.353623628616333008e-02
-2.931953072547912598e-01
-2.077682635236897113e-01
-5.660125613212585449e-02
-3.615672588348388672e-01
-2.228937318969883563e-01
-6.326672434806823730e-02
-5.644857883453369141e-02
-1.347270032812275531e-01
-8.140406012535095215e-02
-1.665546894073486328e-01
-1.719228497196354510e-01
-8.702147006988525391e-02
-2.365413308143615723e-01
-1.897129288364567401e-01
-8.677157759666442871e-02
-2.863209247589111328e-01
-2.022009065796055438e-01
