0.000000000000000000e+00
0.000000000000000000e+00
0.000000000000000000e+00
3.844302892684936523e-02
-6.153464317321777344e-02
3.067713062769428234e-03
6.238937377929687500e-02
-1.312285661697387695e-01
3.910693870416537266e-03
5.632919073104858398e-02
-2.012584805488586426e-01
4.362731771102801304e-03
3.407031297683715820e-02
-2.179647684097290039e-01
4.048506328395262699e-03
1.608467102050781250e-02
-1.989116072654724121e-01
2.377189294925585727e-03
-8.969604969024658203e-03
-2.689862847328186035e-01
2.411257074705019932e-03
-2.336722612380981445e-02
-3.010838627815246582e-01
1.917224209314838390e-03
-3.355234861373901367e-02
-3.223838806152343750e-01
1.065924129939332943e-03
-1.308435201644897461e-02
-1.908770203590393066e-01
-2.170189684697731991e-03
-3.563481569290161133e-02
-2.704275548458099365e-01
-1.652295170792683621e-03
-4.714450240135192871e-02
-3.104601800441741943e-01
-2.888543932208165188e-03
-5.463585257530212402e-02
-3.381859362125396729e-01
-4.593912447312220593e-03
-3.956645727157592773e-02
-1.707329154014587402e-01
-6.354790116169795056e-03
-5.913233757019042969e-02
-2.498136460781097412e-01
-7.545136781850203533e-03
-6.832945346832275391e-02
-2.943570613861083984e-01
-9.929538639703139324e-03
-7.451409101486206055e-02
-3.275073766708374023e-01
-1.225398008755718138e-02
-6.361901760101318359e-02
-1.415859460830688477e-01
-9.949077787318572064e-03
-7.949706912040710449e-02
-2.146818637847900391e-01
-1.219265063337360289e-02
-8.755195140838623047e-02
-2.540519833564758301e-01
-1.256959413222347166e-02
-9.299355745315551758e-02
-2.891720533370971680e-01
-1.263925333551441099e-02
