0.000000000000000000e+00
0.000000000000000000e+00
0.000000000000000000e+00
4.729151725769042969e-02
-4.958498477935791016e-02
-1.766999729844087597e-02
8.612757921218872070e-02
-1.269725561141967773e-01
-3.882952325912469860e-02
9.452491998672485352e-02
-2.092425823211669922e-01
-5.446690984936708446e-02
6.769543886184692383e-02
-2.644256353378295898e-01
-7.216764905425065990e-02
5.598008632659912109e-02
-1.433394551277160645e-01
-8.009747334691041942e-02
3.569483757019042969e-02
-2.927793860435485840e-01
-1.083203993079280281e-01
2.224177122116088867e-02
-3.729028999805450439e-01
-1.192012719151591682e-01
1.105928421020507812e-02
-4.367418885231018066e-01
-1.240328616735553169e-01
1.376587152481079102e-02
-1.293581128120422363e-01
-8.220043697329515453e-02
-4.169344902038574219e-03
-2.961794734001159668e-01
-1.116757310268496894e-01
-1.424145698547363281e-02
-3.942422270774841309e-01
-1.230004794237231636e-01
-2.007609605789184570e-02
-4.650139510631561279e-01
-1.300954512593364143e-01
-2.516418695449829102e-02
-1.241153478622436523e-01
-8.140772500010484691e-02
-4.025313258171081543e-02
-2.751801013946533203e-01
-1.035793788072680854e-01
-4.753857851028442383e-02
-3.734004199504852295e-01
-1.137887827393626594e-01
-5.070072412490844727e-02
-4.453319907188415527e-01
-1.196826762792682075e-01
-5.886974930763244629e-02
-1.256430149078369141e-01
-8.003500767918581005e-02
-6.633007526397705078e-02
-2.490254640579223633e-01
-9.725740470858568187e-02
-6.987500190734863281e-02
-3.210724890232086182e-01
-1.051831907865619087e-01
-7.212588191032409668e-02
-3.783245980739593506e-01
-1.098087943431949043e-01
