0.000000000000000000e+00
0.000000000000000000e+00
0.000000000000000000e+00
4.428023099899291992e-02
-4.375892877578735352e-02
-2.368420692562267504e-02
6.834769248962402344e-02
-1.017360687255859375e-01
-4.787769498705074511e-02
7.598721981048583984e-02
-1.575517654418945312e-01
-6.746030183910534106e-02
7.994353771209716797e-02
-1.953039169311523438e-01
-9.120423676847622119e-02
5.799669027328491211e-02
-6.516212224960327148e-02
-8.610172154783413134e-02
6.177717447280883789e-02
-1.514534950256347656e-01
-1.232988867390076848e-01
5.687361955642700195e-02
-2.183001041412353516e-01
-1.467878329980294438e-01
4.910397529602050781e-02
-2.695614099502563477e-01
-1.621200549828927251e-01
2.134984731674194336e-02
-4.991972446441650391e-02
-9.091860386013195239e-02
1.452535390853881836e-02
-1.468878984451293945e-01
-1.278541046607415410e-01
1.119190454483032227e-02
-2.195153236389160156e-01
-1.491316962468545171e-01
8.393824100494384766e-03
-2.715432643890380859e-01
-1.667962479817788335e-01
-1.711475849151611328e-02
-4.006093740463256836e-02
-9.420341583370372973e-02
-3.529697656631469727e-02
-1.266124248504638672e-01
-1.284726816642205449e-01
-3.837019205093383789e-02
-1.887205243110656738e-01
-1.454530018794457646e-01
-4.108637571334838867e-02
-2.297326922416687012e-01
-1.574547249305169316e-01
-5.519461631774902344e-02
-3.915369510650634766e-02
-9.708255114435360156e-02
-7.709744572639465332e-02
-1.026290059089660645e-01
-1.263099569308678838e-01
-8.284223079681396484e-02
-1.437398791313171387e-01
-1.384891975152413579e-01
-8.467918634414672852e-02
-1.718822121620178223e-01
-1.475083786475579473e-01
