0.000000000000000000e+00
0.000000000000000000e+00
0.000000000000000000e+00
3.077983856201171875e-02
-8.996790647506713867e-02
1.021525315716775850e-02
5.066210031509399414e-02
-1.738326549530029297e-01
8.820241836457576312e-03
3.852742910385131836e-02
-2.497354745864868164e-01
6.287674007563914813e-03
9.514451026916503906e-03
-2.694306373596191406e-01
7.405277528791387454e-04
1.454967260360717773e-02
-2.283875346183776855e-01
-1.577067416384902998e-02
-3.836953639984130859e-02
-3.206717967987060547e-01
-2.228041406944480940e-02
-6.770083308219909668e-02
-3.574481010437011719e-01
-2.354485582783905073e-02
-8.758196234703063965e-02
-3.834457099437713623e-01
-2.418215055242267653e-02
-1.436197757720947266e-02
-2.095258235931396484e-01
-2.662899945154872938e-02
-6.573775410652160645e-02
-3.193537592887878418e-01
-3.257507499530998274e-02
-9.358084201812744141e-02
-3.728487491607666016e-01
-3.384093608930793806e-02
-1.135438084602355957e-01
-4.083702564239501953e-01
-3.566959168985572859e-02
-4.407465457916259766e-02
-1.792477965354919434e-01
-3.509764041975227400e-02
-8.870968222618103027e-02
-2.890582084655761719e-01
-4.073564749434677168e-02
-1.139313876628875732e-01
-3.473229110240936279e-01
-4.285343032553878828e-02
-1.316137909889221191e-01
-3.906808197498321533e-01
-4.525594081953254744e-02
-7.392132282257080078e-02
-1.383898854255676270e-01
-4.175181355550972029e-02
-1.094957888126373291e-01
-2.374718785285949707e-01
-4.882503714636055037e-02
-1.277790367603302002e-01
-2.892093062400817871e-01
-4.990875389650550886e-02
-1.420878469944000244e-01
-3.351750373840332031e-01
-5.035428744033065840e-02
