0.000000000000000000e+00
0.000000000000000000e+00
0.000000000000000000e+00
4.486495256423950195e-02
-1.295053958892822266e-02
-2.650833483374270827e-02
8.062601089477539062e-02
-3.026396036148071289e-02
-4.415623265838775069e-02
9.296512603759765625e-02
-4.419857263565063477e-02
-5.817040968275222212e-02
8.906841278076171875e-02
-5.198138952255249023e-02
-7.232763040399703414e-02
4.691046476364135742e-02
-2.590602636337280273e-02
-4.541680384016189009e-02
5.857342481613159180e-02
-2.853101491928100586e-02
-6.839298624134215743e-02
5.507063865661621094e-02
-2.399623394012451172e-02
-8.655353057718429000e-02
5.383062362670898438e-02
-6.516695022583007812e-03
-9.650100189781340987e-02
1.141327619552612305e-02
-4.146754741668701172e-03
-3.853622618651542098e-02
1.285338401794433594e-02
-3.798127174377441406e-03
-5.650220606064948470e-02
1.283591985702514648e-02
4.699230194091796875e-03
-7.154365051126632125e-02
1.851332187652587891e-02
2.710580825805664062e-02
-8.437092769479903609e-02
-1.976424455642700195e-02
1.673841476440429688e-02
-3.280345145201835066e-02
-2.169120311737060547e-02
1.844453811645507812e-02
-4.846819284892234236e-02
-2.272582054138183594e-02
2.983450889587402344e-02
-6.365750897264632613e-02
-1.598447561264038086e-02
5.081117153167724609e-02
-7.510841060018691451e-02
-4.352229833602905273e-02
3.942996263504028320e-02
-2.834776024854335219e-02
-5.274260044097900391e-02
3.765457868576049805e-02
-3.749983552432212264e-02
-5.180475115776062012e-02
4.812860488891601562e-02
-4.617115649914893538e-02
-4.305034875869750977e-02
6.794893741607666016e-02
-5.462106484508666426e-02
