0.000000000000000000e+00
0.000000000000000000e+00
0.000000000000000000e+00
4.348313808441162109e-02
-5.420255661010742188e-02
-6.450494689232755263e-03
7.142180204391479492e-02
-1.280565261840820312e-01
-1.721398526180450972e-02
7.056009769439697266e-02
-2.012369036674499512e-01
-2.520233200240795668e-02
4.187661409378051758e-02
-2.271212935447692871e-01
-3.540528559435074385e-02
3.623855113983154297e-02
-1.660746335983276367e-01
-4.741505527246658858e-02
1.238530874252319336e-02
-2.911046743392944336e-01
-6.402889260400002058e-02
-2.006173133850097656e-03
-3.553616404533386230e-01
-6.959351518500511702e-02
-1.380771398544311523e-02
-4.044161736965179443e-01
-7.158120342839424666e-02
-9.065866470336914062e-05
-1.514186263084411621e-01
-5.163712048280899580e-02
-2.199351787567138672e-02
-2.916294336318969727e-01
-6.967071065056984480e-02
-3.304904699325561523e-02
-3.719754815101623535e-01
-7.604054727900688704e-02
-3.966695070266723633e-02
-4.272114932537078857e-01
-7.959510007250969466e-02
-3.403133153915405273e-02
-1.384208798408508301e-01
-5.346084752429192122e-02
-5.138558149337768555e-02
-2.693528532981872559e-01
-6.791020551074211653e-02
-5.908372998237609863e-02
-3.508308231830596924e-01
-7.526458421099846419e-02
-6.335866451263427734e-02
-4.073689579963684082e-01
-7.901297875989143904e-02
-6.375768780708312988e-02
-1.250185370445251465e-01
-5.421445512521927412e-02
-7.424393296241760254e-02
-2.401379346847534180e-01
-6.505548575270836409e-02
-7.968875765800476074e-02
-3.015870451927185059e-01
-6.902283796418373640e-02
-8.384424448013305664e-02
-3.481732606887817383e-01
-7.081202783930962141e-02
