0.000000000000000000e+00
0.000000000000000000e+00
0.000000000000000000e+00
4.964798688888549805e-02
-5.414497852325439453e-02
-1.747251819725192945e-02
8.876997232437133789e-02
-1.274654269218444824e-01
-4.089833382423080366e-02
9.395736455917358398e-02
-1.960230469703674316e-01
-5.965142283494628828e-02
8.064115047454833984e-02
-2.184835672378540039e-01
-8.312239829356826704e-02
7.658874988555908203e-02
-6.995713710784912109e-02
-8.139921311195053022e-02
7.102221250534057617e-02
-2.003692388534545898e-01
-1.135750595098272697e-01
6.415355205535888672e-02
-2.901298403739929199e-01
-1.321025598412290947e-01
5.764710903167724609e-02
-3.453090190887451172e-01
-1.430549580221907036e-01
3.243547677993774414e-02
-4.666167497634887695e-02
-8.746104273851074140e-02
2.355700731277465820e-02
-2.028449773788452148e-01
-1.154307458167806999e-01
2.143877744674682617e-02
-3.031693100929260254e-01
-1.296352404719129936e-01
2.096331119537353516e-02
-3.471246361732482910e-01
-1.424605954056517021e-01
-1.237285137176513672e-02
-3.869271278381347656e-02
-9.102301631028808515e-02
-2.636700868606567383e-02
-1.928353905677795410e-01
-1.170281204944387810e-01
-2.402305603027343750e-02
-2.738462090492248535e-01
-1.285380530720487968e-01
-1.959747076034545898e-02
-2.990678548812866211e-01
-1.367569226389662163e-01
-5.644649267196655273e-02
-4.976081848144531250e-02
-9.385887119825042646e-02
-7.347780466079711914e-02
-1.755784153938293457e-01
-1.179790306454435722e-01
-6.873062252998352051e-02
-2.264372706413269043e-01
-1.266317922240034477e-01
-5.688971281051635742e-02
-2.354254126548767090e-01
-1.327002156143919365e-01
