0.000000000000000000e+00
0.000000000000000000e+00
0.000000000000000000e+00
4.536128044128417969e-02
-5.801802873611450195e-02
-1.283721732139042615e-02
8.415210247039794922e-02
-1.364781856536865234e-01
-3.331596883177212476e-02
9.672927856445312500e-02
-2.155196070671081543e-01
-4.963122414588383435e-02
7.448863983154296875e-02
-2.799544334411621094e-01
-6.890185283660343885e-02
5.850911140441894531e-02
-1.494960784912109375e-01
-7.747063892125538587e-02
3.639811277389526367e-02
-3.034986853599548340e-01
-1.061795960569327235e-01
1.875025033950805664e-02
-3.886617720127105713e-01
-1.183349500799124598e-01
3.290474414825439453e-03
-4.539851546287536621e-01
-1.242717589640562892e-01
1.798856258392333984e-02
-1.284376382827758789e-01
-8.322180168866566419e-02
-2.027630805969238281e-03
-2.978628873825073242e-01
-1.134431894326155543e-01
-1.869481801986694336e-02
-4.032648801803588867e-01
-1.260347153449004054e-01
-3.055387735366821289e-02
-4.782043099403381348e-01
-1.349171187186186671e-01
-2.203172445297241211e-02
-1.192982792854309082e-01
-8.581522213458470105e-02
-3.914460539817810059e-02
-2.766459584236145020e-01
-1.092038165235464930e-01
-5.114775896072387695e-02
-3.801271319389343262e-01
-1.198135401511137843e-01
-5.791655182838439941e-02
-4.533029794692993164e-01
-1.264019991660063624e-01
-5.980470776557922363e-02
-1.208590269088745117e-01
-8.729033278464726209e-02
-7.159847021102905273e-02
-2.507194280624389648e-01
-1.058416153693144679e-01
-7.779341936111450195e-02
-3.279077410697937012e-01
-1.139759655499403834e-01
-8.099684119224548340e-02
-3.885921239852905273e-01
-1.189418445730154872e-01
