0.000000000000000000e+00
0.000000000000000000e+00
0.000000000000000000e+00
3.994005918502807617e-02
-6.315058469772338867e-02
5.149970433443229467e-03
6.153792142868041992e-02
-1.346569657325744629e-01
6.419330040692727835e-03
5.110663175582885742e-02
-2.016025781631469727e-01
7.583588498413007528e-03
2.820259332656860352e-02
-2.129981517791748047e-01
7.645471158205907614e-03
2.389883995056152344e-02
-1.887993812561035156e-01
-4.879771595120985239e-03
-3.657400608062744141e-03
-2.712536454200744629e-01
-5.705199999034960001e-03
-1.903688907623291016e-02
-3.066123425960540771e-01
-3.885053427190143793e-03
-3.056007623672485352e-02
-3.290696740150451660e-01
-2.679797451243359774e-03
-5.750179290771484375e-03
-1.799332499504089355e-01
-9.993606575996238917e-03
-2.997720241546630859e-02
-2.722840309143066406e-01
-1.203998211142476293e-02
-4.143729805946350098e-02
-3.117204606533050537e-01
-1.167110666003878805e-02
-4.915523529052734375e-02
-3.349210321903228760e-01
-1.143286689487155172e-02
-3.313785791397094727e-02
-1.618917584419250488e-01
-1.395775410649235937e-02
-5.375197529792785645e-02
-2.532863616943359375e-01
-1.634243908640797827e-02
-6.274598836898803711e-02
-3.000654578208923340e-01
-1.783442530152257177e-02
-6.887242197990417480e-02
-3.321512043476104736e-01
-1.906834761914666387e-02
-5.783164501190185547e-02
-1.373450756072998047e-01
-1.677170428749974462e-02
-7.435387372970581055e-02
-2.211743593215942383e-01
-1.935439217206891271e-02
-8.217763900756835938e-02
-2.633773684501647949e-01
-1.951514031109269354e-02
-8.728229999542236328e-02
-2.985873818397521973e-01
-1.933771032211240026e-02
