0.000000000000000000e+00
0.000000000000000000e+00
0.000000000000000000e+00
4.111886024475097656e-02
-6.207090616226196289e-02
1.332961500011720091e-03
6.477040052413940430e-02
-1.402120590209960938e-01
-4.925794086005907957e-04
5.491697788238525391e-02
-2.121888995170593262e-01
-1.524045586265287966e-03
2.626937627792358398e-02
-2.198737263679504395e-01
-4.190732946298680872e-03
3.079628944396972656e-02
-1.854473948478698730e-01
-1.667744641905244407e-02
3.933548927307128906e-03
-2.843320965766906738e-01
-2.263861497645791587e-02
-1.187223196029663086e-02
-3.311185836791992188e-01
-2.371450302904065666e-02
-2.333050966262817383e-02
-3.650750219821929932e-01
-2.401038793628629264e-02
-4.839301109313964844e-04
-1.766294240951538086e-01
-2.173761440222676811e-02
-2.491474151611328125e-02
-2.871647775173187256e-01
-2.895860349541123924e-02
-3.733313083648681641e-02
-3.448348939418792725e-01
-3.132967998986657676e-02
-4.563167691230773926e-02
-3.827696740627288818e-01
-3.260939171319421348e-02
-3.088808059692382812e-02
-1.610011458396911621e-01
-2.546528888647969779e-02
-5.206683278083801270e-02
-2.664687037467956543e-01
-3.218413492446359214e-02
-6.191545724868774414e-02
-3.279793262481689453e-01
-3.713069831734117088e-02
-6.828987598419189453e-02
-3.718570768833160400e-01
-4.006281843190606651e-02
-5.922806262969970703e-02
-1.404194235801696777e-01
-2.807230105405267295e-02
-7.393756508827209473e-02
-2.373492717742919922e-01
-3.335975086098130760e-02
-8.146274089813232422e-02
-2.879719436168670654e-01
-3.559100603466447410e-02
-8.620536327362060547e-02
-3.299125134944915771e-01
-3.680964534883912620e-02
