0.000000000000000000e+00
0.000000000000000000e+00
0.000000000000000000e+00
4.087859392166137695e-02
-5.950766801834106445e-02
-5.818334052776208409e-05
6.803560256958007812e-02
-1.330389380455017090e-01
-4.866933253154570593e-03
6.415462493896484375e-02
-2.072436809539794922e-01
-8.863742732003743185e-03
3.504580259323120117e-02
-2.236503362655639648e-01
-1.502855148960691167e-02
3.498864173889160156e-02
-1.818457245826721191e-01
-2.170621071805101110e-02
7.850468158721923828e-03
-2.796070277690887451e-01
-3.100013946045976354e-02
-1.061767339706420898e-02
-3.254459798336029053e-01
-3.572972704519372655e-02
-2.515357732772827148e-02
-3.585321009159088135e-01
-3.852161233176332189e-02
1.995623111724853516e-03
-1.736277341842651367e-01
-2.748406891574006750e-02
-2.370119094848632812e-02
-2.857407033443450928e-01
-3.682504807461839391e-02
-3.789514303207397461e-02
-3.466238081455230713e-01
-4.188420091618638708e-02
-4.832726716995239258e-02
-3.896440267562866211e-01
-4.556984295000177099e-02
-3.005063533782958984e-02
-1.590175032615661621e-01
-3.167980377425294591e-02
-5.162787437438964844e-02
-2.695136368274688721e-01
-4.006723527659517003e-02
-6.231132149696350098e-02
-3.347572386264801025e-01
-4.549679000724893285e-02
-6.995904445648193359e-02
-3.822634816169738770e-01
-4.912826259483438207e-02
-5.958670377731323242e-02
-1.390247941017150879e-01
-3.477668230284791662e-02
-7.372331619262695312e-02
-2.396483421325683594e-01
-4.155607734669786169e-02
-8.039742708206176758e-02
-2.913292944431304932e-01
-4.317159418810945226e-02
-8.484232425689697266e-02
-3.343083262443542480e-01
-4.395352144588571264e-02
