0.000000000000000000e+00
0.000000000000000000e+00
0.000000000000000000e+00
4.714226722717285156e-02
-5.372333526611328125e-02
-9.629762825795751269e-03
7.960247993469238281e-02
-1.297628283500671387e-01
-2.359050242347393578e-02
8.081489801406860352e-02
-2.045387625694274902e-01
-3.387417188031349724e-02
5.205321311950683594e-02
-2.328229546546936035e-01
-4.645391842467461174e-02
4.653549194335937500e-02
-1.589914560317993164e-01
-6.056592902285728997e-02
2.505773305892944336e-02
-2.941763401031494141e-01
-8.171769892913971489e-02
1.157581806182861328e-02
-3.654679059982299805e-01
-8.885848438484345024e-02
2.753734588623046875e-04
-4.220995008945465088e-01
-9.154516374809418267e-02
8.120059967041015625e-03
-1.451732516288757324e-01
-6.443644976360474175e-02
-1.208311319351196289e-02
-2.984006404876708984e-01
-8.747918075067673271e-02
-2.284926176071166992e-02
-3.886325359344482422e-01
-9.589726394159470146e-02
-2.893096208572387695e-02
-4.526228606700897217e-01
-1.007109723065582330e-01
-2.818161249160766602e-02
-1.360709667205810547e-01
-6.547280317289505547e-02
-4.414373636245727539e-02
-2.744339108467102051e-01
-8.352478509885941094e-02
-5.138054490089416504e-02
-3.660948872566223145e-01
-9.332768535358582085e-02
-5.464899539947509766e-02
-4.322130382061004639e-01
-9.859191542608414238e-02
-6.037920713424682617e-02
-1.292610168457031250e-01
-6.541685676319275444e-02
-6.869065761566162109e-02
-2.483862638473510742e-01
-7.883991217357788628e-02
-7.334777712821960449e-02
-3.155918121337890625e-01
-8.508860981208954399e-02
-7.653564214706420898e-02
-3.680507242679595947e-01
-8.858638918144379204e-02
