0.000000000000000000e+00
0.000000000000000000e+00
0.000000000000000000e+00
4.173332452774047852e-02
-4.692703485488891602e-02
-4.099767958263100809e-02
7.559466361999511719e-02
-8.934515714645385742e-02
-8.089903672674836344e-02
8.173626661300659180e-02
-1.224673986434936523e-01
-1.159408234570378227e-01
7.271784543991088867e-02
-1.573328375816345215e-01
-1.514989503238552970e-01
1.139103174209594727e-01
5.483287572860717773e-02
-9.840071876982392496e-02
1.009503006935119629e-01
-3.329849243164062500e-02
-1.562036343429440421e-01
7.259154319763183594e-02
-1.141142249107360840e-01
-1.918609507892483634e-01
5.111551284790039062e-02
-1.900659203529357910e-01
-2.102407135579937858e-01
7.010561227798461914e-02
9.405589103698730469e-02
-1.035395034168118400e-01
4.877042770385742188e-02
-2.239179611206054688e-02
-1.635119833562725944e-01
2.700763940811157227e-02
-1.177397370338439941e-01
-1.875114657495373649e-01
1.170533895492553711e-02
-1.916740536689758301e-01
-1.986255266282910270e-01
2.247524261474609375e-02
1.063437461853027344e-01
-1.103725500915402336e-01
-1.156926155090332031e-03
-1.362210512161254883e-02
-1.643475361678952140e-01
-1.349610090255737305e-02
-1.101859807968139648e-01
-1.730012961242550773e-01
-2.052384614944458008e-02
-1.880263090133666992e-01
-1.715644665572995109e-01
-1.969546079635620117e-02
9.288334846496582031e-02
-1.195718341086262626e-01
-4.363372921943664551e-02
3.385901451110839844e-03
-1.580633588645810050e-01
-5.419674515724182129e-02
-6.990921497344970703e-02
-1.604140766475552482e-01
-5.739718675613403320e-02
-1.264079213142395020e-01
-1.566501327369564933e-01
