0.000000000000000000e+00
0.000000000000000000e+00
0.000000000000000000e+00
3.639221191406250000e-02
-6.700831651687622070e-02
3.200339756183723239e-03
5.744248628616333008e-02
-1.435288190841674805e-01
2.887571367644170550e-03
4.808562994003295898e-02
-2.108998894691467285e-01
2.378556781657437114e-03
2.204483747482299805e-02
-2.205806970596313477e-01
6.430130076822138108e-04
2.023917436599731445e-02
-1.944929957389831543e-01
-5.370647742203971120e-03
-9.875953197479248047e-03
-2.731109559535980225e-01
-8.515243048570653173e-03
-2.538567781448364258e-02
-3.077638447284698486e-01
-1.029544100423862574e-02
-3.559821844100952148e-02
-3.327528536319732666e-01
-1.165141500791122553e-02
-1.031309366226196289e-02
-1.847881674766540527e-01
-1.062085908164789316e-02
-3.595459461212158203e-02
-2.739908993244171143e-01
-1.246244143953134653e-02
-4.768669605255126953e-02
-3.189786672592163086e-01
-1.382470187058260080e-02
-5.460503697395324707e-02
-3.495631515979766846e-01
-1.553158145656396982e-02
-3.897935152053833008e-02
-1.656889319419860840e-01
-1.513100471606065867e-02
-6.061190366744995117e-02
-2.534444332122802734e-01
-1.722179688771774408e-02
-6.931719183921813965e-02
-3.022906184196472168e-01
-1.948654614647438166e-02
-7.392227649688720703e-02
-3.376331031322479248e-01
-2.173152528961708185e-02
-6.520786881446838379e-02
-1.402185559272766113e-01
-1.887207813819458124e-02
-8.196258544921875000e-02
-2.215197682380676270e-01
-2.120319158097316858e-02
-9.007138013839721680e-02
-2.634518444538116455e-01
-2.110828236003925440e-02
-9.535214304924011230e-02
-2.991722822189331055e-01
-2.100817822178413508e-02
