0.000000000000000000e+00
0.000000000000000000e+00
0.000000000000000000e+00
4.192757606506347656e-02
-6.118416786193847656e-02
-7.110776153950837397e-03
7.809853553771972656e-02
-1.358018517494201660e-01
-2.247715392857685401e-02
8.599323034286499023e-02
-2.098017930984497070e-01
-3.482738720029487922e-02
6.047934293746948242e-02
-2.562945485115051270e-01
-5.024868832677498176e-02
5.325931310653686523e-02
-1.602545380592346191e-01
-6.336458982676163032e-02
2.977591753005981445e-02
-3.099179863929748535e-01
-8.696862520426407173e-02
1.281505823135375977e-02
-3.879535198211669922e-01
-9.607875557392731025e-02
-2.331078052520751953e-03
-4.489966332912445068e-01
-1.001309698984016450e-01
1.446670293807983398e-02
-1.398639678955078125e-01
-7.086878480166092231e-02
-9.185671806335449219e-03
-3.060382604598999023e-01
-9.576153220385208442e-02
-2.410662174224853516e-02
-4.027497172355651855e-01
-1.058607494994987519e-01
-3.522527217864990234e-02
-4.720614254474639893e-01
-1.125856435462821992e-01
-2.499085664749145508e-02
-1.257980465888977051e-01
-7.525236369818344428e-02
-4.330706596374511719e-02
-2.796407938003540039e-01
-9.527750523537292793e-02
-5.344647169113159180e-02
-3.747632801532745361e-01
-1.045800095960487397e-01
-6.002682447433471680e-02
-4.443049430847167969e-01
-1.099942422077049287e-01
-6.295755505561828613e-02
-1.167542934417724609e-01
-7.818258018940582588e-02
-7.351663708686828613e-02
-2.464135885238647461e-01
-9.428009601086273506e-02
-7.903560996055603027e-02
-3.154670596122741699e-01
-1.000505259796966584e-01
-8.376091718673706055e-02
-3.707605302333831787e-01
-1.031179225608696015e-01
