0.000000000000000000e+00
0.000000000000000000e+00
0.000000000000000000e+00
4.681903123855590820e-02
-5.261838436126708984e-02
-1.604300743466069434e-02
8.158087730407714844e-02
-1.294547319412231445e-01
-3.518093383436848853e-02
8.431226015090942383e-02
-2.028990387916564941e-01
-4.946245259171178077e-02
5.887204408645629883e-02
-2.467082738876342773e-01
-6.573884940272023414e-02
4.995667934417724609e-02
-1.477548480033874512e-01
-7.414031779890706275e-02
3.116053342819213867e-02
-2.960280776023864746e-01
-1.013696194303577158e-01
1.870930194854736328e-02
-3.781131207942962646e-01
-1.122680381548946116e-01
8.411049842834472656e-03
-4.460745155811309814e-01
-1.175760552895610545e-01
8.031427860260009766e-03
-1.331276297569274902e-01
-7.693751162415196632e-02
-7.196664810180664062e-03
-2.938311696052551270e-01
-1.059760675442760203e-01
-1.697963476181030273e-02
-3.942351639270782471e-01
-1.181495041263644907e-01
-2.268993854522705078e-02
-4.693044424057006836e-01
-1.259433925760333750e-01
-3.055977821350097656e-02
-1.272116303443908691e-01
-7.707896089678456519e-02
-4.331386089324951172e-02
-2.701246738433837891e-01
-9.975607699280431007e-02
-4.901662468910217285e-02
-3.668589591979980469e-01
-1.119936258209293101e-01
-5.119147896766662598e-02
-4.392057061195373535e-01
-1.191699207437579844e-01
-6.370386481285095215e-02
-1.283093690872192383e-01
-7.656217372542073463e-02
-7.094669342041015625e-02
-2.424137592315673828e-01
-9.503992653017689918e-02
-7.590198516845703125e-02
-3.114786148071289062e-01
-1.048252061617915842e-01
-7.963490486145019531e-02
-3.694008886814117432e-01
-1.107194424284045908e-01
