0.000000000000000000e+00
0.000000000000000000e+00
0.000000000000000000e+00
3.851532936096191406e-02
-6.251698732376098633e-02
4.426348201917562619e-03
6.276690959930419922e-02
-1.311202645301818848e-01
4.484817098813209668e-03
5.514937639236450195e-02
-2.014000415802001953e-01
4.607225481407795087e-03
3.167665004730224609e-02
-2.162881493568420410e-01
3.690838526921425000e-03
2.358871698379516602e-02
-1.916645765304565430e-01
-5.751580752445306643e-03
-4.523336887359619141e-03
-2.744202017784118652e-01
-6.216946344835605487e-03
-1.981633901596069336e-02
-3.098813593387603760e-01
-4.224157713366594180e-03
-3.079801797866821289e-02
-3.319628238677978516e-01
-2.908247577039446696e-03
-6.307661533355712891e-03
-1.830611824989318848e-01
-1.069128728286727892e-02
-3.054451942443847656e-02
-2.751619219779968262e-01
-1.175725581870779024e-02
-4.247274994850158691e-02
-3.150408864021301270e-01
-1.101314305142864214e-02
-5.011537671089172363e-02
-3.387167155742645264e-01
-1.076557143406375872e-02
-3.394901752471923828e-02
-1.644783020019531250e-01
-1.445457274840578066e-02
-5.405673384666442871e-02
-2.554402351379394531e-01
-1.596221170203193651e-02
-6.303229928016662598e-02
-3.016851246356964111e-01
-1.690705894307598101e-02
-6.873589754104614258e-02
-3.328002691268920898e-01
-1.803772552685245500e-02
-5.931702256202697754e-02
-1.386337280273437500e-01
-1.718554115669235216e-02
-7.455021142959594727e-02
-2.226238250732421875e-01
-1.934586121515735613e-02
-8.192324638366699219e-02
-2.645438909530639648e-01
-1.917945063487991320e-02
-8.643737435340881348e-02
-3.004136681556701660e-01
-1.878979085759624468e-02
