0.000000000000000000e+00
0.000000000000000000e+00
0.000000000000000000e+00
1.641952991485595703e-02
-1.056342124938964844e-01
1.212570463587070435e-02
2.206814289093017578e-02
-2.037304639816284180e-01
7.844300207686671911e-03
2.610087394714355469e-04
-2.757115960121154785e-01
1.622466685255119501e-03
-3.287166357040405273e-02
-2.891193628311157227e-01
-8.389464381146183314e-03
5.030333995819091797e-03
-2.529107928276062012e-01
-2.290782405714963943e-02
-6.368029117584228516e-02
-3.435672521591186523e-01
-3.590993097703432113e-02
-1.038151979446411133e-01
-3.714180588722229004e-01
-4.118659234325861007e-02
-1.309988796710968018e-01
-3.834175169467926025e-01
-4.328915736358140975e-02
-2.340114116668701172e-02
-2.231503725051879883e-01
-3.746160379331087142e-02
-9.115815162658691406e-02
-3.385048508644104004e-01
-4.764823130052064926e-02
-1.290833950042724609e-01
-3.895732462406158447e-01
-5.008584520499681503e-02
-1.572293937206268311e-01
-4.189652204513549805e-01
-5.249817928950761825e-02
-5.377531051635742188e-02
-1.802898645401000977e-01
-4.934572688024019271e-02
-1.135317981243133545e-01
-3.014894723892211914e-01
-5.824227145593141586e-02
-1.481589972972869873e-01
-3.584686517715454102e-01
-6.009733563940500289e-02
-1.731375455856323242e-01
-3.963656425476074219e-01
-6.197896114270662338e-02
-8.498972654342651367e-02
-1.274080872535705566e-01
-5.901622286717866928e-02
-1.309901773929595947e-01
-2.361211776733398438e-01
-6.852505615632509262e-02
-1.557566821575164795e-01
-2.901036739349365234e-01
-6.896143666188692123e-02
-1.769255101680755615e-01
-3.335087895393371582e-01
-6.859658173005556137e-02
