0.000000000000000000e+00
0.000000000000000000e+00
0.000000000000000000e+00
4.144960641860961914e-02
-5.230730772018432617e-02
-8.398318497910395308e-03
7.243710756301879883e-02
-1.203266382217407227e-01
-1.743376052237977092e-02
7.078135013580322266e-02
-1.975215077400207520e-01
-2.397043427683342998e-02
4.182779788970947266e-02
-2.232109904289245605e-01
-3.189960664369095866e-02
3.163117170333862305e-02
-1.753286123275756836e-01
-3.129292076684464519e-02
9.578227996826171875e-03
-2.769445776939392090e-01
-4.327107390619744365e-02
-5.666732788085937500e-03
-3.290719687938690186e-01
-4.895604944087494914e-02
-1.813137531280517578e-02
-3.701016902923583984e-01
-5.211024901129235332e-02
-2.291142940521240234e-03
-1.661950349807739258e-01
-3.356462141729821269e-02
-2.382761240005493164e-02
-2.808406651020050049e-01
-4.620310833908547465e-02
-3.665727376937866211e-02
-3.464235067367553711e-01
-5.256743898846139018e-02
-4.574674367904663086e-02
-3.935094773769378662e-01
-5.680015852905739848e-02
-3.432077169418334961e-02
-1.521125435829162598e-01
-3.465666419126023357e-02
-5.310994386672973633e-02
-2.599015831947326660e-01
-4.548998719312180583e-02
-6.282603740692138672e-02
-3.277601897716522217e-01
-5.231336673952569072e-02
-6.965658068656921387e-02
-3.767750263214111328e-01
-5.645752495385636394e-02
-6.333041191101074219e-02
-1.341201066970825195e-01
-3.535179591037262981e-02
-7.503038644790649414e-02
-2.324371337890625000e-01
-4.411653599001397197e-02
-8.171218633651733398e-02
-2.853250205516815186e-01
-4.766587710238923137e-02
-8.673611283302307129e-02
-3.281886875629425049e-01
-4.940383306004036967e-02
