0.000000000000000000e+00
0.000000000000000000e+00
0.000000000000000000e+00
3.611552715301513672e-02
-6.533765792846679688e-02
5.622583879024034559e-03
5.281698703765869141e-02
-1.345327496528625488e-01
6.949586765706783353e-03
4.290854930877685547e-02
-1.987974643707275391e-01
7.466715266794210493e-03
2.241402864456176758e-02
-2.231774926185607910e-01
7.008335525036102354e-03
1.872360706329345703e-02
-1.921643614768981934e-01
-1.157163670420402468e-03
-8.777141571044921875e-03
-2.677728533744812012e-01
-3.194643212616199435e-03
-2.346014976501464844e-02
-3.017553091049194336e-01
-3.922899281739944399e-03
-3.374832868576049805e-02
-3.248565196990966797e-01
-4.279675455897802294e-03
-1.068419218063354492e-02
-1.847212910652160645e-01
-6.812470061838382662e-03
-3.504824638366699219e-02
-2.708631455898284912e-01
-8.309318246453756274e-03
-4.725551605224609375e-02
-3.141822218894958496e-01
-8.938055979221815051e-03
-5.472767353057861328e-02
-3.429996669292449951e-01
-9.548657136171811999e-03
-3.822433948516845703e-02
-1.659915447235107422e-01
-1.169154097339486498e-02
-5.909430980682373047e-02
-2.503212690353393555e-01
-1.372768593034123796e-02
-6.870818138122558594e-02
-2.962129116058349609e-01
-1.515335918417548555e-02
-7.451930642127990723e-02
-3.298656046390533447e-01
-1.628810309818362612e-02
-6.313663721084594727e-02
-1.388448476791381836e-01
-1.558115941485738176e-02
-7.991048693656921387e-02
-2.168130278587341309e-01
-1.802067414870833773e-02
-8.838522434234619141e-02
-2.568520903587341309e-01
-1.753735684803103823e-02
-9.407427906990051270e-02
-2.917155325412750244e-01
-1.656495363464927095e-02
