0.000000000000000000e+00
0.000000000000000000e+00
0.000000000000000000e+00
4.725229740142822266e-02
-2.996230125427246094e-02
-2.143100522334862035e-02
8.429837226867675781e-02
-3.822207450866699219e-02
-4.703686632092285436e-02
9.722399711608886719e-02
-4.790019989013671875e-02
-7.018630824859428685e-02
8.742487430572509766e-02
-7.134485244750976562e-02
-9.508255742366600316e-02
8.252418041229248047e-02
6.529676914215087891e-02
-8.580732218797493260e-02
7.607936859130859375e-02
-4.599106311798095703e-02
-1.230236353712825803e-01
6.258755922317504883e-02
-1.298310160636901855e-01
-1.433174895482807187e-01
4.937255382537841797e-02
-1.963700056076049805e-01
-1.557238387304096250e-01
3.337895870208740234e-02
9.330761432647705078e-02
-8.888603620107460301e-02
2.666878700256347656e-02
-3.372496366500854492e-02
-1.244301038223056821e-01
1.829928159713745117e-02
-1.303596496582031250e-01
-1.400503652530460386e-01
1.249420642852783203e-02
-2.026546001434326172e-01
-1.538928436475544004e-01
-1.657611131668090820e-02
9.308016300201416016e-02
-9.030324093873787206e-02
-1.938235759735107422e-02
-1.576989889144897461e-02
-1.211087989049701719e-01
-2.297967672348022461e-02
-1.044561862945556641e-01
-1.352933185535221128e-01
-2.463424205780029297e-02
-1.655521392822265625e-01
-1.460560249524860410e-01
-6.131237745285034180e-02
7.280594110488891602e-02
-9.196054063613701146e-02
-6.188091635704040527e-02
4.353702068328857422e-03
-1.156974198656826047e-01
-6.369516253471374512e-02
-5.348622798919677734e-02
-1.278334396320133237e-01
-6.570008397102355957e-02
-1.022607684135437012e-01
-1.387191402154712705e-01
