0.000000000000000000e+00
0.000000000000000000e+00
0.000000000000000000e+00
4.734688997268676758e-02
-2.570664882659912109e-02
-2.706398582972724398e-02
7.756471633911132812e-02
-5.092853307723999023e-02
-5.541931792117793520e-02
8.640229701995849609e-02
-8.901596069335937500e-02
-8.189129411198337039e-02
8.405262231826782227e-02
-1.340100169181823730e-01
-1.101167681715651270e-01
9.590315818786621094e-02
8.119583129882812500e-02
-6.812513201452929934e-02
8.535152673721313477e-02
-4.424303770065307617e-02
-1.068957406184836145e-01
6.971871852874755859e-02
-1.299734711647033691e-01
-1.325294184587164636e-01
5.975157022476196289e-02
-2.014560699462890625e-01
-1.453693467281027552e-01
4.736715555191040039e-02
9.658557176589965820e-02
-7.414590149141986331e-02
3.877222537994384766e-02
-3.424781560897827148e-02
-1.092867958448096033e-01
3.166747093200683594e-02
-1.273015737533569336e-01
-1.246180641553564783e-01
2.729576826095581055e-02
-2.058573365211486816e-01
-1.330602425239248987e-01
-5.281567573547363281e-04
8.888441324234008789e-02
-8.070236771322925051e-02
-5.923271179199218750e-03
-3.210300207138061523e-02
-1.135685700080557581e-01
-6.048083305358886719e-03
-1.170707941055297852e-01
-1.183228078386946436e-01
-4.649877548217773438e-03
-1.892607212066650391e-01
-1.172528746626539942e-01
-4.092437028884887695e-02
6.386047601699829102e-02
-8.887690632559497317e-02
-5.088368058204650879e-02
-1.156938076019287109e-02
-1.097944635055227991e-01
-5.214062333106994629e-02
-6.917285919189453125e-02
-1.063832971356077906e-01
-4.989093542098999023e-02
-1.179019212722778320e-01
-1.009777519009276148e-01
