0.000000000000000000e+00
0.000000000000000000e+00
0.000000000000000000e+00
3.649324178695678711e-02
-7.123178243637084961e-02
6.259753866373785058e-03
5.539488792419433594e-02
-1.454815268516540527e-01
7.794959968208559076e-03
4.715436697006225586e-02
-2.151054739952087402e-01
8.308437219142206231e-03
2.323585748672485352e-02
-2.298775315284729004e-01
7.181962518274076501e-03
1.471161842346191406e-02
-2.087394595146179199e-01
-9.430449835292620264e-04
-2.062803506851196289e-02
-2.868745923042297363e-01
-2.944322271019927939e-03
-4.099762439727783203e-02
-3.247937858104705811e-01
-4.314108254135362586e-03
-5.561512708663940430e-02
-3.540920317173004150e-01
-5.774334972471706351e-03
-1.380467414855957031e-02
-1.983641386032104492e-01
-7.776587703943960150e-03
-4.777106642723083496e-02
-2.854781746864318848e-01
-9.973154837012998541e-03
-6.606367230415344238e-02
-3.332923948764801025e-01
-1.241713060599636265e-02
-7.866010069847106934e-02
-3.684630990028381348e-01
-1.487957822692465015e-02
-4.215753078460693359e-02
-1.757351756095886230e-01
-1.369725024861168095e-02
-7.044169306755065918e-02
-2.611784934997558594e-01
-1.661176743519376942e-02
-8.549949526786804199e-02
-3.136107623577117920e-01
-2.035587417495321461e-02
-9.640815854072570801e-02
-3.555348813533782959e-01
-2.354837159228395649e-02
-6.925177574157714844e-02
-1.441901326179504395e-01
-1.855369607520174213e-02
-9.157904982566833496e-02
-2.247756123542785645e-01
-2.229474993956159778e-02
-1.037321984767913818e-01
-2.686103582382202148e-01
-2.361147055935930439e-02
-1.128593683242797852e-01
-3.089648783206939697e-01
-2.432391370248865314e-02
