0.000000000000000000e+00
0.000000000000000000e+00
0.000000000000000000e+00
5.016094446182250977e-02
-5.008429288864135742e-02
-1.281598009180839881e-02
9.122270345687866211e-02
-1.189877986907958984e-01
-3.364480458211716041e-02
1.056897640228271484e-01
-1.854506731033325195e-01
-5.054314605903442725e-02
8.541560173034667969e-02
-2.440450191497802734e-01
-7.194787435245331153e-02
7.483565807342529297e-02
-1.224994659423828125e-01
-8.237080447387512550e-02
5.370211601257324219e-02
-2.701691389083862305e-01
-1.151668670029621921e-01
3.644454479217529297e-02
-3.626569509506225586e-01
-1.334930153937321506e-01
2.065253257751464844e-02
-4.281431138515472412e-01
-1.441528739781361423e-01
3.434622287750244141e-02
-1.007317304611206055e-01
-8.981242947292145118e-02
1.305848360061645508e-02
-2.761061191558837891e-01
-1.190423312039357029e-01
-3.713846206665039062e-03
-3.868876993656158447e-01
-1.316305639595967136e-01
-1.772075891494750977e-02
-4.571471810340881348e-01
-1.430672945828419529e-01
-5.896925926208496094e-03
-9.026652574539184570e-02
-9.387250415992554053e-02
-2.707177400588989258e-02
-2.521139383316040039e-01
-1.170996742696743809e-01
-3.927588462829589844e-02
-3.575428128242492676e-01
-1.243441047520619236e-01
-4.803186655044555664e-02
-4.284226894378662109e-01
-1.308721246571522556e-01
-4.479998350143432617e-02
-9.354752302169799805e-02
-9.711326085042770728e-02
-6.050565838813781738e-02
-2.103750705718994141e-01
-1.168826165051441990e-01
-6.915965676307678223e-02
-2.900427579879760742e-01
-1.217165829987507664e-01
-7.528421282768249512e-02
-3.529775142669677734e-01
-1.254408451170903049e-01
