0.000000000000000000e+00
0.000000000000000000e+00
0.000000000000000000e+00
4.052579402923583984e-02
-5.491137504577636719e-02
-4.048049109016460534e-03
6.856453418731689453e-02
-1.252191662788391113e-01
-8.496383329813284035e-03
6.401836872100830078e-02
-2.004708647727966309e-01
-1.150101901400546467e-02
3.734910488128662109e-02
-2.175202965736389160e-01
-1.551739604580859577e-02
2.785658836364746094e-02
-1.829113960266113281e-01
-1.694289327967624104e-02
1.940190792083740234e-03
-2.702407538890838623e-01
-2.267747664261321461e-02
-1.344811916351318359e-02
-3.104161322116851807e-01
-2.532229119348983204e-02
-2.410513162612915039e-02
-3.410539925098419189e-01
-2.733362757969359791e-02
-5.326688289642333984e-03
-1.762919425964355469e-01
-1.944290765929679310e-02
-2.829325199127197266e-02
-2.734457254409790039e-01
-2.563634806681136524e-02
-4.036527872085571289e-02
-3.276273012161254883e-01
-2.945184626985053455e-02
-4.804131388664245605e-02
-3.668208718299865723e-01
-3.260296688783625996e-02
-3.534829616546630859e-02
-1.606028676033020020e-01
-2.110204765010337269e-02
-5.557173490524291992e-02
-2.529683411121368408e-01
-2.708784223902682697e-02
-6.512996554374694824e-02
-3.083987832069396973e-01
-3.190666170227984821e-02
-7.120680809020996094e-02
-3.481871485710144043e-01
-3.546360613215426838e-02
-6.126272678375244141e-02
-1.391599774360656738e-01
-2.237974771666983997e-02
-7.441130280494689941e-02
-2.248710393905639648e-01
-2.791298100162009632e-02
-8.203107118606567383e-02
-2.713195383548736572e-01
-3.025168658602694904e-02
-8.656147122383117676e-02
-3.106668591499328613e-01
-3.164564178693751728e-02
