0.000000000000000000e+00
0.000000000000000000e+00
0.000000000000000000e+00
3.775894641876220703e-02
-6.691581010818481445e-02
4.076584710688280211e-03
5.675011873245239258e-02
-1.361262798309326172e-01
4.378283399105953322e-03
5.199807882308959961e-02
-2.015593051910400391e-01
3.585250818119334326e-03
3.067046403884887695e-02
-2.201793789863586426e-01
1.357717675105618582e-03
1.371508836746215820e-02
-2.001742720603942871e-01
-2.820851977034521951e-03
-1.717162132263183594e-02
-2.759583294391632080e-01
-6.396108769862962617e-03
-3.399950265884399414e-02
-3.155099153518676758e-01
-8.831348267435146226e-03
-4.620668292045593262e-02
-3.479800820350646973e-01
-1.103778183185966100e-02
-1.457482576370239258e-02
-1.906079053878784180e-01
-9.657970626889778032e-03
-4.359781742095947266e-02
-2.767293155193328857e-01
-1.426060963147790517e-02
-5.814537405967712402e-02
-3.268462419509887695e-01
-1.791643909835727300e-02
-6.749251484870910645e-02
-3.648986816406250000e-01
-2.078750543022067632e-02
-4.225659370422363281e-02
-1.680490970611572266e-01
-1.592143997275741185e-02
-6.686899065971374512e-02
-2.509864568710327148e-01
-2.091960236155898656e-02
-7.905811071395874023e-02
-3.043656945228576660e-01
-2.588970400118739690e-02
-8.735501766204833984e-02
-3.480746448040008545e-01
-2.947329729521186437e-02
-6.794786453247070312e-02
-1.363683342933654785e-01
-2.133307233178527440e-02
-8.778747916221618652e-02
-2.123281359672546387e-01
-2.629088237607390965e-02
-9.879067540168762207e-02
-2.549161314964294434e-01
-2.849765866720588292e-02
-1.067722141742706299e-01
-2.941854596138000488e-01
-2.968914620304019536e-02
