0.000000000000000000e+00
0.000000000000000000e+00
0.000000000000000000e+00
3.922694921493530273e-02
-6.035798788070678711e-02
2.063170632347066658e-03
6.470614671707153320e-02
-1.312235593795776367e-01
2.285193976014454620e-03
5.807298421859741211e-02
-2.035485506057739258e-01
2.440878281369407432e-03
3.431665897369384766e-02
-2.193519473075866699e-01
1.787539429962237136e-03
1.802307367324829102e-02
-2.005678415298461914e-01
5.401813965022483899e-07
-7.586300373077392578e-03
-2.699505090713500977e-01
-9.675782680318434359e-05
-2.171617746353149414e-02
-3.004359602928161621e-01
-2.079223446784794760e-04
-3.134030103683471680e-02
-3.207357525825500488e-01
-9.121466097425923181e-04
-1.127660274505615234e-02
-1.927127838134765625e-01
-4.438765022904078705e-03
-3.383463621139526367e-02
-2.724681496620178223e-01
-4.231594178826014740e-03
-4.458212852478027344e-02
-3.113230764865875244e-01
-5.251535821706454499e-03
-5.126208066940307617e-02
-3.385132253170013428e-01
-6.850476052612464173e-03
-3.780978918075561523e-02
-1.725314855575561523e-01
-8.467865318060319169e-03
-5.741518735885620117e-02
-2.526581287384033203e-01
-1.021798527985851024e-02
-6.587162613868713379e-02
-2.978125512599945068e-01
-1.247349209338466380e-02
-7.131937146186828613e-02
-3.322300314903259277e-01
-1.473662737011949275e-02
-6.219461560249328613e-02
-1.426603794097900391e-01
-1.192274796962777828e-02
-7.814759016036987305e-02
-2.176880836486816406e-01
-1.475331015139857982e-02
-8.581537008285522461e-02
-2.569150030612945557e-01
-1.512508853524963115e-02
-9.104949235916137695e-02
-2.918034195899963379e-01
-1.521319910138885234e-02
