0.000000000000000000e+00
0.000000000000000000e+00
0.000000000000000000e+00
4.678565263748168945e-02
-4.851490259170532227e-02
-9.123315752304961279e-03
8.013468980789184570e-02
-1.152341961860656738e-01
-2.488271118775742252e-02
8.864814043045043945e-02
-1.861778497695922852e-01
-3.737668478564160068e-02
6.499952077865600586e-02
-2.312595248222351074e-01
-5.196362519339459141e-02
5.086886882781982422e-02
-1.561553478240966797e-01
-6.362123572901623447e-02
3.035384416580200195e-02
-2.956339716911315918e-01
-8.802786254958050449e-02
1.491326093673706055e-02
-3.700673282146453857e-01
-9.679759079293148716e-02
1.475274562835693359e-03
-4.282003343105316162e-01
-1.003039681322945853e-01
1.225352287292480469e-02
-1.428810358047485352e-01
-6.910700136498348911e-02
-7.023096084594726562e-03
-3.012796044349670410e-01
-9.774124407843487461e-02
-1.926541328430175781e-02
-3.934350609779357910e-01
-1.086092793352975150e-01
-2.703332901000976562e-02
-4.587585031986236572e-01
-1.143976279504670401e-01
-2.511543035507202148e-02
-1.338142752647399902e-01
-7.157857501582043369e-02
-4.031667113304138184e-02
-2.769342064857482910e-01
-9.405752056912319858e-02
-4.897421598434448242e-02
-3.673525750637054443e-01
-1.034100555785073539e-01
-5.374690890312194824e-02
-4.324733614921569824e-01
-1.073992379911317130e-01
-5.842223763465881348e-02
-1.273317933082580566e-01
-7.278089755848782261e-02
-6.685021519660949707e-02
-2.486985325813293457e-01
-8.942548716143505771e-02
-7.153177261352539062e-02
-3.149603605270385742e-01
-9.555421555117504795e-02
-7.486718893051147461e-02
-3.660396039485931396e-01
-9.808211559132473667e-02
