0.000000000000000000e+00
0.000000000000000000e+00
0.000000000000000000e+00
3.814476728439331055e-02
-6.334555149078369141e-02
1.604309853533436581e-03
6.135863065719604492e-02
-1.341605782508850098e-01
1.382521668816139027e-03
5.258774757385253906e-02
-2.050287127494812012e-01
1.274451695749689861e-03
2.959293127059936523e-02
-2.272547483444213867e-01
4.250768638627278051e-04
1.583123207092285156e-02
-1.981238722801208496e-01
-2.437944790912638382e-03
-1.050323247909545898e-02
-2.729469835758209229e-01
-4.165231051487694458e-03
-2.493202686309814453e-02
-3.064367175102233887e-01
-4.909168264461527542e-03
-3.486108779907226562e-02
-3.294575214385986328e-01
-5.580617381824026779e-03
-1.357334852218627930e-02
-1.882708668708801270e-01
-6.163084215117464737e-03
-3.799170255661010742e-02
-2.725596129894256592e-01
-7.717044359637270645e-03
-4.972407221794128418e-02
-3.136267066001892090e-01
-8.778164895815621094e-03
-5.664575099945068359e-02
-3.418209850788116455e-01
-9.874614688200722412e-03
-4.001402854919433594e-02
-1.671853661537170410e-01
-9.495862560910950378e-03
-6.229490041732788086e-02
-2.489483356475830078e-01
-1.208215373252130576e-02
-7.258412241935729980e-02
-2.949648499488830566e-01
-1.417263577376104422e-02
-7.887187600135803223e-02
-3.289058506488800049e-01
-1.581286060307718344e-02
-6.371134519577026367e-02
-1.383256316184997559e-01
-1.221486440543628760e-02
-8.146375417709350586e-02
-2.151744365692138672e-01
-1.535379307959772177e-02
-9.040004014968872070e-02
-2.553060650825500488e-01
-1.587197723482347556e-02
-9.606346487998962402e-02
-2.909599840641021729e-01
-1.569751816485620566e-02
