0.000000000000000000e+00
0.000000000000000000e+00
0.000000000000000000e+00
4.036021232604980469e-02
-6.480544805526733398e-02
4.988134807845767682e-03
6.125974655151367188e-02
-1.400848031044006348e-01
7.582133139422353452e-03
5.164575576782226562e-02
-2.060469985008239746e-01
9.557540963342603391e-03
2.863347530364990234e-02
-2.080035209655761719e-01
1.009149706636947030e-02
1.438146829605102539e-02
-2.018329501152038574e-01
2.623925376070701532e-04
-1.245087385177612305e-02
-2.765837311744689941e-01
-4.544518613869286128e-04
-2.699321508407592773e-02
-3.142731189727783203e-01
-1.022665559375468547e-03
-3.690612316131591797e-02
-3.436706960201263428e-01
-2.434453957775417621e-03
-1.461195945739746094e-02
-1.923470497131347656e-01
-5.831645366797033603e-03
-3.986528515815734863e-02
-2.765090465545654297e-01
-7.993579407283846194e-03
-5.179598927497863770e-02
-3.245795965194702148e-01
-1.063592874730545645e-02
-5.936995148658752441e-02
-3.605320751667022705e-01
-1.304498178238588935e-02
-4.102912545204162598e-02
-1.697918176651000977e-01
-1.112282698328215247e-02
-6.376779079437255859e-02
-2.516142725944519043e-01
-1.467066400969940787e-02
-7.377228140830993652e-02
-3.042893409729003906e-01
-1.964986187691408759e-02
-8.085417747497558594e-02
-3.472877442836761475e-01
-2.346302804822641974e-02
-6.409484148025512695e-02
-1.373376846313476562e-01
-1.541775328392702704e-02
-8.332359790802001953e-02
-2.121487259864807129e-01
-1.904512991482931739e-02
-9.308409690856933594e-02
-2.529433965682983398e-01
-2.092092906410414344e-02
-1.003470718860626221e-01
-2.905720174312591553e-01
-2.226449971372801429e-02
