0.000000000000000000e+00
0.000000000000000000e+00
0.000000000000000000e+00
3.853708505630493164e-02
-6.012058258056640625e-02
6.912639062193193240e-04
6.445723772048950195e-02
-1.292036771774291992e-01
-6.325760591607831884e-05
5.955678224563598633e-02
-2.035284638404846191e-01
-8.246886729921243386e-04
3.529977798461914062e-02
-2.210701107978820801e-01
-2.419223340666576405e-03
2.089995145797729492e-02
-1.984317898750305176e-01
-9.996649180266103940e-04
-5.883991718292236328e-03
-2.705546319484710693e-01
-2.321578825331016560e-03
-2.140152454376220703e-02
-3.046455383300781250e-01
-4.121009290656729718e-03
-3.189826011657714844e-02
-3.314249515533447266e-01
-6.259636518052502652e-03
-8.556783199310302734e-03
-1.920141577720642090e-01
-5.035136856577082654e-03
-3.194075822830200195e-02
-2.742101848125457764e-01
-5.899586745044871350e-03
-4.337143898010253906e-02
-3.179613649845123291e-01
-8.141931642285271664e-03
-5.007171630859375000e-02
-3.514946401119232178e-01
-1.076272458999483206e-02
-3.581094741821289062e-02
-1.730781793594360352e-01
-8.821581054917260190e-03
-5.685675144195556641e-02
-2.531033456325531006e-01
-1.128992581038801291e-02
-6.629848480224609375e-02
-3.004821836948394775e-01
-1.442294989942638495e-02
-7.184481620788574219e-02
-3.372908830642700195e-01
-1.726787214397518255e-02
-6.068584322929382324e-02
-1.456404328346252441e-01
-1.222528194307415106e-02
-7.660058140754699707e-02
-2.210529446601867676e-01
-1.552506865232317068e-02
-8.468168973922729492e-02
-2.615674436092376709e-01
-1.652244528054325201e-02
-8.960682153701782227e-02
-2.978750467300415039e-01
-1.707981017648307898e-02
