0.000000000000000000e+00
0.000000000000000000e+00
0.000000000000000000e+00
3.904038667678833008e-02
-6.016689538955688477e-02
2.398439306190880416e-03
6.364732980728149414e-02
-1.325609683990478516e-01
3.000849713927777884e-03
5.661928653717041016e-02
-2.072570323944091797e-01
3.569343914634259818e-03
3.127127885818481445e-02
-2.178435921669006348e-01
3.332222667879136679e-03
1.923722028732299805e-02
-2.017123699188232422e-01
1.139862435294958232e-03
-6.952524185180664062e-03
-2.716405391693115234e-01
1.955086454174193022e-03
-2.153307199478149414e-02
-3.018133938312530518e-01
2.055213875493677733e-03
-3.142660856246948242e-02
-3.227408528327941895e-01
1.199015737867625830e-03
-1.022523641586303711e-02
-1.943044066429138184e-01
-2.997887697645751359e-03
-3.316754102706909180e-02
-2.744492292404174805e-01
-1.793626956285265805e-03
-4.379168152809143066e-02
-3.132564425468444824e-01
-2.484049093553153398e-03
-5.049887299537658691e-02
-3.411461412906646729e-01
-4.148239413851229074e-03
-3.706645965576171875e-02
-1.743813157081604004e-01
-6.675452603602138879e-03
-5.737638473510742188e-02
-2.542797923088073730e-01
-7.630118312889067056e-03
-6.583970785140991211e-02
-3.003768622875213623e-01
-9.864720194244114282e-03
-7.128703594207763672e-02
-3.351929783821105957e-01
-1.235880204906436575e-02
-6.146630644798278809e-02
-1.457605361938476562e-01
-9.757841615581241967e-03
-7.776400446891784668e-02
-2.208357453346252441e-01
-1.206782521178695333e-02
-8.541166782379150391e-02
-2.605388760566711426e-01
-1.244717711081477773e-02
-9.033006429672241211e-02
-2.955231666564941406e-01
-1.275975224992009771e-02
