0.000000000000000000e+00
0.000000000000000000e+00
0.000000000000000000e+00
4.438716173171997070e-02
-8.128762245178222656e-02
-1.060275371237295872e-02
7.265359163284301758e-02
-1.730477213859558105e-01
-2.386927242441672092e-02
8.067315816879272461e-02
-2.381636500358581543e-01
-3.665236580236452824e-02
7.436907291412353516e-02
-2.754462361335754395e-01
-5.321483510597246891e-02
6.108778715133666992e-02
-1.344472765922546387e-01
-5.083909454806345707e-02
4.054999351501464844e-02
-2.597708702087402344e-01
-7.978397059305208927e-02
1.583218574523925781e-02
-3.429926037788391113e-01
-9.906766760213869816e-02
-8.674383163452148438e-03
-4.047790765762329102e-01
-1.111890842304994464e-01
2.358853816986083984e-02
-9.523618221282958984e-02
-6.111233132942217594e-02
-2.780556678771972656e-03
-2.195141911506652832e-01
-8.670287030799883610e-02
-3.450119495391845703e-02
-3.155713081359863281e-01
-1.016807575808336139e-01
-6.124281883239746094e-02
-3.834482431411743164e-01
-1.146847550855447651e-01
-1.747906208038330078e-02
-5.958044528961181641e-02
-7.079760926826494938e-02
-4.474461078643798828e-02
-1.662924289703369141e-01
-9.422612386806505924e-02
-7.074123620986938477e-02
-2.570171356201171875e-01
-1.049462129460145832e-01
-9.194046258926391602e-02
-3.239557147026062012e-01
-1.127322782860566974e-01
-5.943626165390014648e-02
-3.447884321212768555e-02
-8.015055405958193546e-02
-8.491170406341552734e-02
-1.225413680076599121e-01
-1.013673712597658039e-01
-1.038257777690887451e-01
-1.912644505500793457e-01
-1.075805147276689411e-01
-1.203429698944091797e-01
-2.458471655845642090e-01
-1.115859915600587726e-01
