0.000000000000000000e+00
0.000000000000000000e+00
0.000000000000000000e+00
4.781919717788696289e-02
-5.584901571273803711e-02
-1.969639138624756924e-02
8.730649948120117188e-02
-1.365885138511657715e-01
-4.224046805248349301e-02
9.576940536499023438e-02
-2.199702858924865723e-01
-5.912225806460469357e-02
7.323706150054931641e-02
-2.814656496047973633e-01
-7.794179507837384335e-02
5.811583995819091797e-02
-1.348902583122253418e-01
-8.796483018741696469e-02
4.112267494201660156e-02
-2.899078726768493652e-01
-1.199070785318383514e-01
2.879846096038818359e-02
-3.788503408432006836e-01
-1.315155673895844757e-01
1.911020278930664062e-02
-4.506863355636596680e-01
-1.369531650219926178e-01
1.427149772644042969e-02
-1.218022704124450684e-01
-9.072656669960110776e-02
8.082389831542968750e-05
-2.880477905273437500e-01
-1.267877269660004913e-01
-8.974254131317138672e-03
-3.953917622566223145e-01
-1.403422404204377472e-01
-1.400965452194213867e-02
-4.756533205509185791e-01
-1.485001344357499420e-01
-2.692049741744995117e-02
-1.199091076850891113e-01
-9.071576335773556821e-02
-4.045891761779785156e-02
-2.696387767791748047e-01
-1.189945463214883148e-01
-4.567375779151916504e-02
-3.727648854255676270e-01
-1.313721288119324981e-01
-4.648002982139587402e-02
-4.511403143405914307e-01
-1.380184937392243683e-01
-6.347328424453735352e-02
-1.267128586769104004e-01
-9.008872994527905576e-02
-7.027980685234069824e-02
-2.477946281433105469e-01
-1.125001285348901092e-01
-7.309353351593017578e-02
-3.229877948760986328e-01
-1.236227650319108307e-01
-7.454711198806762695e-02
-3.841643035411834717e-01
-1.302742410574921905e-01
