0.000000000000000000e+00
0.000000000000000000e+00
0.000000000000000000e+00
3.734946250915527344e-02
-6.505650281906127930e-02
3.363013305758499882e-03
6.190800666809082031e-02
-1.357750296592712402e-01
3.561080006008410237e-03
5.610978603363037109e-02
-2.064275741577148438e-01
3.426078512390517972e-03
3.232461214065551758e-02
-2.236782908439636230e-01
2.466580868755841038e-03
1.718127727508544922e-02
-2.005412578582763672e-01
2.642998970685539462e-04
-9.850978851318359375e-03
-2.724052071571350098e-01
1.393384973624733902e-04
-2.453947067260742188e-02
-3.050170540809631348e-01
1.582371278772143341e-04
-3.465163707733154297e-02
-3.282789587974548340e-01
-3.595405050447197937e-04
-1.243299245834350586e-02
-1.916304230690002441e-01
-4.567808666209316470e-03
-3.664326667785644531e-02
-2.736042737960815430e-01
-4.416760717461443164e-03
-4.851722717285156250e-02
-3.148429691791534424e-01
-5.161253464351034381e-03
-5.604001879692077637e-02
-3.449985086917877197e-01
-6.546309412399864414e-03
-3.936320543289184570e-02
-1.709787845611572266e-01
-8.806089599559641101e-03
-5.988049507141113281e-02
-2.533193230628967285e-01
-1.036284371180329344e-02
-6.903365254402160645e-02
-2.993980050086975098e-01
-1.214483166945967696e-02
-7.489234209060668945e-02
-3.340512812137603760e-01
-1.403201064927372954e-02
-6.373935937881469727e-02
-1.418938636779785156e-01
-1.235973435355219863e-02
-7.985818386077880859e-02
-2.179973721504211426e-01
-1.486799000663552306e-02
-8.797320723533630371e-02
-2.582414448261260986e-01
-1.484064823848996184e-02
-9.362888336181640625e-02
-2.939595282077789307e-01
-1.456667735142502806e-02
