0.000000000000000000e+00
0.000000000000000000e+00
0.000000000000000000e+00
5.015569925308227539e-02
-2.322185039520263672e-02
-4.632088991377614207e-02
8.103644847869873047e-02
-1.912391185760498047e-02
-8.386201860878728098e-02
8.169180154800415039e-02
1.200306415557861328e-02
-1.137308821317937202e-01
7.046085596084594727e-02
6.190598011016845703e-02
-1.457711279628064460e-01
5.297523736953735352e-02
-1.257091760635375977e-02
-1.104190245506551094e-01
7.168543338775634766e-02
4.930377006530761719e-03
-1.547526389596249885e-01
7.035565376281738281e-02
2.302849292755126953e-02
-1.850617945430066413e-01
7.282549142837524414e-02
4.700356721878051758e-02
-2.047251731393124885e-01
2.006214857101440430e-02
1.306104660034179688e-02
-1.037525058028485603e-01
2.117347717285156250e-02
3.105705976486206055e-02
-1.481470138070370979e-01
1.693844795227050781e-02
5.028122663497924805e-02
-1.823179096219327278e-01
2.053779363632202148e-02
7.533836364746093750e-02
-2.112373829123761482e-01
-1.073598861694335938e-02
3.972125053405761719e-02
-9.611707630131505198e-02
-1.165592670440673828e-02
6.183093786239624023e-02
-1.364168793198849983e-01
-1.557230949401855469e-02
7.897543907165527344e-02
-1.691680222985532112e-01
-6.402611732482910156e-03
1.048793196678161621e-01
-1.942078739640500373e-01
-3.852915763854980469e-02
7.069396972656250000e-02
-8.966123762104771799e-02
-4.603478312492370605e-02
8.571201562881469727e-02
-1.209222644803311653e-01
-4.655474424362182617e-02
1.010905504226684570e-01
-1.451365024087216682e-01
-3.952956199645996094e-02
1.273970007896423340e-01
-1.672454148766782112e-01
