0.000000000000000000e+00
0.000000000000000000e+00
0.000000000000000000e+00
4.809111356735229492e-02
-4.329723119735717773e-02
-2.012880730580945965e-02
8.783012628555297852e-02
-1.036612987518310547e-01
-4.547947297942300793e-02
9.532862901687622070e-02
-1.654482483863830566e-01
-6.514181594502588268e-02
7.841998338699340820e-02
-2.145309448242187500e-01
-8.753806005370279308e-02
6.172406673431396484e-02
-7.757955789566040039e-02
-9.407020758044382092e-02
4.678523540496826172e-02
-2.222263813018798828e-01
-1.277681405390467262e-01
3.398066759109497070e-02
-3.118501901626586914e-01
-1.428790057743754005e-01
2.321612834930419922e-02
-3.803343772888183594e-01
-1.512986982907023048e-01
1.399290561676025391e-02
-6.111502647399902344e-02
-9.814406584155221935e-02
-1.462042331695556641e-03
-2.220973968505859375e-01
-1.320282931174006080e-01
-1.091420650482177734e-02
-3.250638842582702637e-01
-1.444184447373118019e-01
-1.796996593475341797e-02
-3.949727416038513184e-01
-1.541265214527811622e-01
-2.922767400741577148e-02
-6.201457977294921875e-02
-9.954482714783807751e-02
-4.477488994598388672e-02
-2.030621767044067383e-01
-1.270997787560190773e-01
-5.053061246871948242e-02
-2.965114712715148926e-01
-1.378418023432459449e-01
-5.378696322441101074e-02
-3.638157248497009277e-01
-1.453889722670282936e-01
-6.621032953262329102e-02
-7.580840587615966797e-02
-1.004835928524698829e-01
-8.052909374237060547e-02
-1.811971664428710938e-01
-1.238412971342768287e-01
-8.710235357284545898e-02
-2.428225278854370117e-01
-1.331811810578074073e-01
-9.082996845245361328e-02
-2.925133705139160156e-01
-1.396941507900919532e-01
