0.000000000000000000e+00
0.000000000000000000e+00
0.000000000000000000e+00
3.899490833282470703e-02
-6.533765792846679688e-02
3.950835235499994269e-03
6.020712852478027344e-02
-1.385706067085266113e-01
5.045747414314405432e-03
5.463868379592895508e-02
-2.025128602981567383e-01
5.261926941656724921e-03
3.321552276611328125e-02
-2.135491967201232910e-01
4.420890502714769354e-03
1.886659860610961914e-02
-2.004880309104919434e-01
-5.672078397225277513e-04
-9.874224662780761719e-03
-2.756848633289337158e-01
-3.138556580907447824e-03
-2.585095167160034180e-02
-3.138291239738464355e-01
-5.325099889105899820e-03
-3.666859865188598633e-02
-3.445145189762115479e-01
-7.428648386067493448e-03
-1.106446981430053711e-02
-1.918413043022155762e-01
-6.715323280459983835e-03
-3.810626268386840820e-02
-2.784937024116516113e-01
-1.005338362223540116e-02
-5.077943205833435059e-02
-3.294183611869812012e-01
-1.332911799467240144e-02
-5.867508053779602051e-02
-3.678824007511138916e-01
-1.590840655184422303e-02
-3.927528858184814453e-02
-1.719492077827453613e-01
-1.232172871745262910e-02
-6.394064426422119141e-02
-2.536751627922058105e-01
-1.595015401757393647e-02
-7.489916682243347168e-02
-3.068337142467498779e-01
-2.026070418573056031e-02
-8.183628320693969727e-02
-3.495493233203887939e-01
-2.338954197979603578e-02
-6.450471282005310059e-02
-1.435012817382812500e-01
-1.725015739715729524e-02
-8.326321840286254883e-02
-2.183751463890075684e-01
-2.061110126591358949e-02
-9.331861138343811035e-02
-2.610967755317687988e-01
-2.181847530222569276e-02
-1.000927090644836426e-01
-2.992539703845977783e-01
-2.238160135961209107e-02
