0.000000000000000000e+00
0.000000000000000000e+00
0.000000000000000000e+00
4.227685928344726562e-02
-5.587637424468994141e-02
-5.997786780937985895e-03
7.112902402877807617e-02
-1.284033656120300293e-01
-1.405282087449677419e-02
6.511437892913818359e-02
-2.012495994567871094e-01
-1.971619717602379751e-02
3.881722688674926758e-02
-2.308489084243774414e-01
-2.677716828708298635e-02
3.585970401763916016e-02
-1.702579855918884277e-01
-3.581420473580010366e-02
1.138246059417724609e-02
-2.824548482894897461e-01
-4.981457955960877371e-02
-3.916561603546142578e-03
-3.391263782978057861e-01
-5.452349550847657156e-02
-1.596790552139282227e-02
-3.822019100189208984e-01
-5.603112421755440664e-02
1.993179321289062500e-03
-1.594416499137878418e-01
-3.908002145414002371e-02
-2.129715681076049805e-02
-2.877424955368041992e-01
-5.431866042141564321e-02
-3.350049257278442383e-02
-3.582473099231719971e-01
-5.929295860056527090e-02
-4.117578268051147461e-02
-4.061024487018585205e-01
-6.148668519978173208e-02
-3.010106086730957031e-02
-1.478540897369384766e-01
-4.091414578084595632e-02
-4.992648959159851074e-02
-2.673441171646118164e-01
-5.360666803841240835e-02
-5.921456217765808105e-02
-3.397391438484191895e-01
-5.965345494274743032e-02
-6.437611579895019531e-02
-3.913718461990356445e-01
-6.222240023140557241e-02
-5.993765592575073242e-02
-1.339432597160339355e-01
-4.199109367851860952e-02
-7.227489352226257324e-02
-2.405180931091308594e-01
-5.174730114464409780e-02
-7.916128635406494141e-02
-2.978820204734802246e-01
-5.527453265909798574e-02
-8.376583456993103027e-02
-3.433116674423217773e-01
-5.643967680458672476e-02
