0.000000000000000000e+00
0.000000000000000000e+00
0.000000000000000000e+00
3.955847024917602539e-02
-6.862449645996093750e-02
5.399396123699773398e-03
5.925625562667846680e-02
-1.394957304000854492e-01
6.717476940117705908e-03
5.051004886627197266e-02
-2.006680965423583984e-01
6.870705115012754050e-03
2.906674146652221680e-02
-2.100591659545898438e-01
5.417790675871003714e-03
1.447260379791259766e-02
-2.010390162467956543e-01
-8.701821161807288263e-04
-1.336342096328735352e-02
-2.746623456478118896e-01
-3.558638792149793062e-03
-2.855217456817626953e-02
-3.120333552360534668e-01
-5.337847450412880335e-03
-3.937131166458129883e-02
-3.415784537792205811e-01
-7.208075893707643900e-03
-1.453083753585815430e-02
-1.918179392814636230e-01
-7.871000615544687662e-03
-4.116767644882202148e-02
-2.752310335636138916e-01
-1.122794817913330689e-02
-5.432373285293579102e-02
-3.218702673912048340e-01
-1.434929534573115006e-02
-6.235948204994201660e-02
-3.567947447299957275e-01
-1.699785288203514710e-02
-4.182308912277221680e-02
-1.685798168182373047e-01
-1.416943460483111039e-02
-6.497937440872192383e-02
-2.507397532463073730e-01
-1.855212595094002381e-02
-7.612532377243041992e-02
-3.030648231506347656e-01
-2.358468580771244660e-02
-8.345800638198852539e-02
-3.458679914474487305e-01
-2.735895622301853791e-02
-6.634572148323059082e-02
-1.352127790451049805e-01
-1.941819261539734498e-02
-8.555862307548522949e-02
-2.109628915786743164e-01
-2.382453117299832002e-02
-9.555050730705261230e-02
-2.520455121994018555e-01
-2.581337425637997285e-02
-1.028669476509094238e-01
-2.903859913349151611e-01
-2.704732451368130342e-02
