0.000000000000000000e+00
0.000000000000000000e+00
0.000000000000000000e+00
3.305441141128540039e-02
-8.669179677963256836e-02
1.014476680988529722e-02
5.005210638046264648e-02
-1.723107695579528809e-01
1.073219200456598799e-02
3.808379173278808594e-02
-2.450837492942810059e-01
1.023699661577204267e-02
1.132416725158691406e-02
-2.643128037452697754e-01
7.023977039848361414e-03
1.342815160751342773e-02
-2.246412634849548340e-01
-1.299601940577765902e-02
-3.462040424346923828e-02
-3.139111399650573730e-01
-1.802452428406020601e-02
-6.082385778427124023e-02
-3.525420725345611572e-01
-1.857687680190345247e-02
-7.936111092567443848e-02
-3.803404271602630615e-01
-1.891756391292354067e-02
-1.662725210189819336e-02
-2.056356668472290039e-01
-2.294762393599292238e-02
-6.255862116813659668e-02
-3.103131055831909180e-01
-2.849224729603072603e-02
-8.717882633209228516e-02
-3.645127117633819580e-01
-2.999307735031386812e-02
-1.046523153781890869e-01
-4.002921879291534424e-01
-3.180253652995368441e-02
-4.646211862564086914e-02
-1.767084598541259766e-01
-3.072348198061725100e-02
-8.488428592681884766e-02
-2.804282903671264648e-01
-3.607148824399253328e-02
-1.056473553180694580e-01
-3.393630981445312500e-01
-3.927642626827498873e-02
-1.203928291797637939e-01
-3.824855983257293701e-01
-4.225801451271316012e-02
-7.511696219444274902e-02
-1.389909386634826660e-01
-3.667203111713668306e-02
-1.058840155601501465e-01
-2.331535816192626953e-01
-4.303474871581336458e-02
-1.221701204776763916e-01
-2.836335301399230957e-01
-4.470048247044822176e-02
-1.349428296089172363e-01
-3.285272419452667236e-01
-4.567579327290793856e-02
