0.000000000000000000e+00
0.000000000000000000e+00
0.000000000000000000e+00
3.849947452545166016e-02
-5.831617116928100586e-02
-1.074664160668703516e-03
6.489771604537963867e-02
-1.296537518501281738e-01
-3.454139438517245253e-03
5.980932712554931641e-02
-2.047150731086730957e-01
-5.226437450446042021e-03
3.302854299545288086e-02
-2.211018204689025879e-01
-8.188132179029139479e-03
2.231091260910034180e-02
-1.924194097518920898e-01
-8.966558595247420271e-03
-3.825843334197998047e-03
-2.721015810966491699e-01
-1.262753548199668785e-02
-1.878613233566284180e-02
-3.083559274673461914e-01
-1.528012657637134453e-02
-2.845185995101928711e-02
-3.348355591297149658e-01
-1.753424665058389564e-02
-9.077429771423339844e-03
-1.855418086051940918e-01
-1.243149487400785347e-02
-3.176653385162353516e-02
-2.753046154975891113e-01
-1.541582213813796898e-02
-4.380249977111816406e-02
-3.248719573020935059e-01
-1.843529192829862495e-02
-5.095455050468444824e-02
-3.604971170425415039e-01
-2.151598779583707710e-02
-3.744298219680786133e-02
-1.673079729080200195e-01
-1.528341041976943870e-02
-5.691489577293395996e-02
-2.542209029197692871e-01
-1.888014746928945442e-02
-6.664562225341796875e-02
-3.062154948711395264e-01
-2.294555863464609047e-02
-7.250615954399108887e-02
-3.445521593093872070e-01
-2.648455647850767036e-02
-6.276980042457580566e-02
-1.416331529617309570e-01
-1.767275666917100807e-02
-7.641771435737609863e-02
-2.225710153579711914e-01
-2.172702549124494453e-02
-8.422845602035522461e-02
-2.661939263343811035e-01
-2.332684209669366737e-02
-8.933803439140319824e-02
-3.042427897453308105e-01
-2.438750488782659431e-02
