0.000000000000000000e+00
0.000000000000000000e+00
0.000000000000000000e+00
4.100155830383300781e-02
-5.537366867065429688e-02
-5.718413091926777270e-03
6.958442926406860352e-02
-1.282392740249633789e-01
-1.219794089320203057e-02
6.502753496170043945e-02
-2.030771374702453613e-01
-1.686525280001660576e-02
3.573870658874511719e-02
-2.160625457763671875e-01
-2.308187010112305870e-02
2.947586774826049805e-02
-1.792991757392883301e-01
-2.464048872116109123e-02
7.092773914337158203e-03
-2.741920948028564453e-01
-3.416666323664685478e-02
-7.594466209411621094e-03
-3.232832849025726318e-01
-3.896013582470914116e-02
-1.912176609039306641e-02
-3.622539043426513672e-01
-4.205229068520566216e-02
-3.131747245788574219e-03
-1.708040237426757812e-01
-2.765550958338280907e-02
-2.457284927368164062e-02
-2.766601145267486572e-01
-3.779503638270398369e-02
-3.684431314468383789e-02
-3.385689854621887207e-01
-4.349181363704701653e-02
-4.519829154014587402e-02
-3.842128813266754150e-01
-4.758204827430745354e-02
-3.377491235733032227e-02
-1.556420922279357910e-01
-2.956402050676842919e-02
-5.213412642478942871e-02
-2.559781074523925781e-01
-3.857184881690045586e-02
-6.095060706138610840e-02
-3.210167288780212402e-01
-4.527002135637303581e-02
-6.675505638122558594e-02
-3.695157170295715332e-01
-4.971611807468434563e-02
-6.166726350784301758e-02
-1.355837583541870117e-01
-3.099200623455544701e-02
-7.376611232757568359e-02
-2.271424531936645508e-01
-3.856790373447438469e-02
-8.087292313575744629e-02
-2.784220576286315918e-01
-4.209979558709164849e-02
-8.571714162826538086e-02
-3.221141993999481201e-01
-4.419853100898762932e-02
