0.000000000000000000e+00
0.000000000000000000e+00
0.000000000000000000e+00
3.722918033599853516e-02
-7.053643465042114258e-02
7.686938061134185318e-03
5.502283573150634766e-02
-1.397389769554138184e-01
1.020360169442113829e-02
4.919952154159545898e-02
-2.033026218414306641e-01
1.115027339638885451e-02
3.038197755813598633e-02
-2.245928049087524414e-01
1.058845770986494017e-02
1.424241065979003906e-02
-2.022123336791992188e-01
2.430121549160446648e-03
-1.582705974578857422e-02
-2.775867879390716553e-01
1.500040311121608738e-03
-3.135424852371215820e-02
-3.146931529045104980e-01
9.884371140387315791e-04
-4.189673066139221191e-02
-3.447687625885009766e-01
-2.400796055468390477e-05
-1.427787542343139648e-02
-1.923615932464599609e-01
-4.995353152288828369e-03
-4.254066944122314453e-02
-2.768586575984954834e-01
-7.256117747409973617e-03
-5.611118674278259277e-02
-3.221268951892852783e-01
-9.670732640906010147e-03
-6.389287114143371582e-02
-3.561408519744873047e-01
-1.172802793352190065e-02
-4.172256588935852051e-02
-1.692953109741210938e-01
-1.163098039595666933e-02
-6.580772995948791504e-02
-2.520110607147216797e-01
-1.511512520281854677e-02
-7.777053117752075195e-02
-3.039172291755676270e-01
-1.966147041438404131e-02
-8.551406860351562500e-02
-3.465030193328857422e-01
-2.308580941079441118e-02
-6.656631827354431152e-02
-1.374893188476562500e-01
-1.702470994113269853e-02
-8.675733208656311035e-02
-2.136996984481811523e-01
-2.086699670670810747e-02
-9.751182794570922852e-02
-2.542667984962463379e-01
-2.251184648392978715e-02
-1.051964461803436279e-01
-2.923500239849090576e-01
-2.336688256381336259e-02
