0.000000000000000000e+00
0.000000000000000000e+00
0.000000000000000000e+00
5.034637451171875000e-02
-2.353584766387939453e-02
-2.842720053268976699e-02
8.342772722244262695e-02
-4.962700605392456055e-02
-5.727219036890573989e-02
9.343463182449340820e-02
-8.343631029129028320e-02
-8.387809074594088088e-02
9.074723720550537109e-02
-1.183105707168579102e-01
-1.115677414007336665e-01
9.299290180206298828e-02
6.337308883666992188e-02
-7.372538573218889724e-02
8.179634809494018555e-02
-5.858445167541503906e-02
-1.152186451025158931e-01
6.580430269241333008e-02
-1.432392001152038574e-01
-1.404853594966084529e-01
5.523759126663208008e-02
-2.143998146057128906e-01
-1.526742113299519588e-01
4.330039024353027344e-02
7.891470193862915039e-02
-7.977413958980150710e-02
3.224599361419677734e-02
-5.195075273513793945e-02
-1.185129267640263606e-01
2.366721630096435547e-02
-1.486409306526184082e-01
-1.315522325701863338e-01
1.828175783157348633e-02
-2.242562174797058105e-01
-1.375611705250889827e-01
-6.085872650146484375e-03
7.353782653808593750e-02
-8.659873730613298903e-02
-1.309502124786376953e-02
-5.065739154815673828e-02
-1.210575235552937556e-01
-1.327502727508544922e-02
-1.364166140556335449e-01
-1.222647783823163081e-01
-1.189917325973510742e-02
-2.046399712562561035e-01
-1.183128414220959712e-01
-4.751664400100708008e-02
5.323600769042968750e-02
-9.540118104888506423e-02
-5.815094709396362305e-02
-3.025394678115844727e-02
-1.167808306880147029e-01
-5.645284056663513184e-02
-8.431756496429443359e-02
-1.123154593176991511e-01
-5.082660913467407227e-02
-1.258097290992736816e-01
-1.058579889602810908e-01
