0.000000000000000000e+00
0.000000000000000000e+00
0.000000000000000000e+00
4.877501726150512695e-02
-5.381971597671508789e-02
-1.609530422933858063e-02
8.954060077667236328e-02
-1.291611194610595703e-01
-3.824540350683491852e-02
1.026872992515563965e-01
-2.001486420631408691e-01
-5.600501347430508758e-02
8.196693658828735352e-02
-2.488169074058532715e-01
-7.616577793010037567e-02
6.035834550857543945e-02
-1.485988497734069824e-01
-8.189132560141842987e-02
4.457336664199829102e-02
-2.999743819236755371e-01
-1.133102824176148715e-01
3.369253873825073242e-02
-3.879387080669403076e-01
-1.257376571381882968e-01
2.525007724761962891e-02
-4.589564204216003418e-01
-1.319756408418015781e-01
1.806133985519409180e-02
-1.372301578521728516e-01
-8.747010428555768158e-02
6.165146827697753906e-03
-3.017987012863159180e-01
-1.218048011148766818e-01
-4.553198814392089844e-04
-4.050677120685577393e-01
-1.351879437650040927e-01
-3.898561000823974609e-03
-4.844612777233123779e-01
-1.434205074990586581e-01
-2.337151765823364258e-02
-1.328194141387939453e-01
-9.021731216557782318e-02
-3.384900093078613281e-02
-2.803170084953308105e-01
-1.173119818056420627e-01
-3.753262758255004883e-02
-3.786459863185882568e-01
-1.284027149165467563e-01
-3.783982992172241211e-02
-4.547095894813537598e-01
-1.343140949691132846e-01
-6.112980842590332031e-02
-1.342204213142395020e-01
-9.228453535683911468e-02
-6.747055053710937500e-02
-2.502029538154602051e-01
-1.138078321898774448e-01
-7.054090499877929688e-02
-3.220180273056030273e-01
-1.229886015141801181e-01
-7.197338342666625977e-02
-3.821814656257629395e-01
-1.282178958142594638e-01
