0.000000000000000000e+00
0.000000000000000000e+00
0.000000000000000000e+00
4.147338867187500000e-02
-4.417258501052856445e-02
-3.320754584501628415e-02
7.920348644256591797e-02
-6.456983089447021484e-02
-7.309497785399798886e-02
1.051561832427978516e-01
-6.636267900466918945e-02
-1.078189600689256622e-01
1.163828969001770020e-01
-6.584239006042480469e-02
-1.455053676349962188e-01
8.526772260665893555e-02
4.051315784454345703e-02
-1.252474625093782379e-01
7.908624410629272461e-02
-7.449626922607421875e-02
-1.784549791796052887e-01
6.544417142868041992e-02
-1.611300706863403320e-01
-2.082640666944826080e-01
5.022072792053222656e-02
-2.304335236549377441e-01
-2.269944984896028473e-01
4.017198085784912109e-02
7.530289888381958008e-02
-1.274129439575517608e-01
3.285568952560424805e-02
-5.765849351882934570e-02
-1.785534162504518463e-01
2.021819353103637695e-02
-1.571488976478576660e-01
-2.003742147667253448e-01
6.691515445709228516e-03
-2.343661189079284668e-01
-2.180877317173326446e-01
-8.692562580108642578e-03
8.417874574661254883e-02
-1.273477960808122589e-01
-1.618599891662597656e-02
-3.415977954864501953e-02
-1.697119761688554718e-01
-2.418106794357299805e-02
-1.280460357666015625e-01
-1.877300430519426300e-01
-3.167474269866943359e-02
-1.930941939353942871e-01
-2.005580056888902618e-01
-5.358955264091491699e-02
7.288205623626708984e-02
-1.280161280615175201e-01
-5.530765652656555176e-02
-7.125377655029296875e-03
-1.578748066408479644e-01
-5.632111430168151855e-02
-6.823474168777465820e-02
-1.723483939153993560e-01
-5.878776311874389648e-02
-1.210575103759765625e-01
-1.855434913618410064e-01
