0.000000000000000000e+00
0.000000000000000000e+00
0.000000000000000000e+00
4.434645175933837891e-02
-6.493508815765380859e-02
-4.728932793483409114e-03
6.991404294967651367e-02
-1.508645415306091309e-01
-1.332727253739562912e-02
6.387352943420410156e-02
-2.305578589439392090e-01
-1.987175915692773742e-02
3.338009119033813477e-02
-2.580665349960327148e-01
-2.898637850140062255e-02
3.882694244384765625e-02
-1.885488033294677734e-01
-4.074414905463186187e-02
1.198828220367431641e-02
-3.151991665363311768e-01
-5.695491742645231170e-02
-1.951634883880615234e-03
-3.824643492698669434e-01
-6.340371903334585113e-02
-1.217758655548095703e-02
-4.351795613765716553e-01
-6.618359025870290679e-02
2.919495105743408203e-03
-1.727662682533264160e-01
-4.648077573929754180e-02
-2.175432443618774414e-02
-3.171225488185882568e-01
-6.409438785468069000e-02
-3.361380100250244141e-02
-4.032490551471710205e-01
-7.183046724949804229e-02
-4.000920057296752930e-02
-4.652421176433563232e-01
-7.616921600256887359e-02
-3.189235925674438477e-02
-1.556494832038879395e-01
-5.004907485400167388e-02
-5.248382687568664551e-02
-2.877678275108337402e-01
-6.462027963553396148e-02
-6.208008527755737305e-02
-3.725050389766693115e-01
-7.275074061308828277e-02
-6.676554679870605469e-02
-4.344355762004852295e-01
-7.699537363205877227e-02
-6.428080797195434570e-02
-1.355233192443847656e-01
-5.248822357808080596e-02
-7.840514183044433594e-02
-2.489965558052062988e-01
-6.372723814402547760e-02
-8.436134457588195801e-02
-3.076766729354858398e-01
-6.726385739003148956e-02
-8.751949667930603027e-02
-3.534195125102996826e-01
-6.863769229804006500e-02
