0.000000000000000000e+00
0.000000000000000000e+00
0.000000000000000000e+00
-1.775455474853515625e-02
-3.841358423233032227e-02
-2.439259309932140241e-02
-3.207880258560180664e-02
-8.759421110153198242e-02
-4.577590842410472760e-02
-4.131650924682617188e-02
-1.504316329956054688e-01
-6.290012915297893414e-02
-4.713779687881469727e-02
-1.910721063613891602e-01
-8.144793231650737653e-02
-2.027982473373413086e-02
2.662009000778198242e-02
-7.253624816104320416e-02
-4.417634010314941406e-02
-1.034265756607055664e-01
-1.065425606505527867e-01
-5.217558145523071289e-02
-2.033348083496093750e-01
-1.256428765194073094e-01
-6.477391719818115234e-02
-2.795201539993286133e-01
-1.365725653307094944e-01
7.151961326599121094e-04
3.860145807266235352e-02
-7.484462429448512921e-02
-3.290742635726928711e-02
-1.173183321952819824e-01
-1.063358219401493443e-01
-4.600238800048828125e-02
-2.161356210708618164e-01
-1.219510616795673741e-01
-6.162476539611816406e-02
-2.927108407020568848e-01
-1.354711161987438572e-01
2.262896299362182617e-02
2.584767341613769531e-02
-7.684263904258159528e-02
-1.246392726898193359e-02
-1.178908944129943848e-01
-1.087142037288799656e-01
-2.831262350082397461e-02
-2.120074629783630371e-01
-1.218382971422329319e-01
-4.570692777633666992e-02
-2.904051542282104492e-01
-1.304519282714977635e-01
4.194909334182739258e-02
-7.854163646697998047e-03
-7.944561113282588849e-02
1.698327064514160156e-02
-1.206543445587158203e-01
-1.052260430590763463e-01
6.557703018188476562e-04
-1.984794735908508301e-01
-1.133800478713169468e-01
-1.652574539184570312e-02
-2.676343321800231934e-01
-1.193641381399288548e-01
