0.000000000000000000e+00
0.000000000000000000e+00
0.000000000000000000e+00
4.603940248489379883e-02
-5.906480550765991211e-02
-9.126236510638818800e-03
7.671886682510375977e-02
-1.375561952590942383e-01
-2.251513007766448027e-02
7.449424266815185547e-02
-2.105219960212707520e-01
-3.235280219203673369e-02
4.434078931808471680e-02
-2.316351532936096191e-01
-4.451334181911192900e-02
4.216492176055908203e-02
-1.638853549957275391e-01
-5.767785835749350554e-02
2.091580629348754883e-02
-2.947869300842285156e-01
-7.826846170908652311e-02
6.954193115234375000e-03
-3.650630414485931396e-01
-8.576594371086798674e-02
-5.064666271209716797e-03
-4.209054410457611084e-01
-8.874343413597785002e-02
4.250228404998779297e-03
-1.480506658554077148e-01
-6.147521067148886686e-02
-1.534813642501831055e-02
-2.964239120483398438e-01
-8.387425619847022062e-02
-2.603769302368164062e-02
-3.856211602687835693e-01
-9.238042760378561979e-02
-3.275907039642333984e-02
-4.494752585887908936e-01
-9.707888293749533659e-02
-3.139513731002807617e-02
-1.378456354141235352e-01
-6.249639097339354521e-02
-4.690387845039367676e-02
-2.751094698905944824e-01
-8.028253245836936003e-02
-5.396077036857604980e-02
-3.649295866489410400e-01
-8.992205638176642424e-02
-5.797442793846130371e-02
-4.291042387485504150e-01
-9.477809149510108000e-02
-6.244316697120666504e-02
-1.303992867469787598e-01
-6.238124970084868437e-02
-7.029160857200622559e-02
-2.492115497589111328e-01
-7.491000819689475065e-02
-7.509371638298034668e-02
-3.138605952262878418e-01
-8.010482866055212980e-02
-7.927379012107849121e-02
-3.626174628734588623e-01
-8.271545994765006071e-02
