0.000000000000000000e+00
0.000000000000000000e+00
0.000000000000000000e+00
4.123747348785400391e-02
-6.048363447189331055e-02
-3.150116327418572837e-03
7.381665706634521484e-02
-1.342725157737731934e-01
-1.347525874265897983e-02
8.335185050964355469e-02
-2.150635123252868652e-01
-2.192960670330990069e-02
5.769044160842895508e-02
-2.633448243141174316e-01
-3.292397400477398151e-02
4.446977376937866211e-02
-1.754037737846374512e-01
-4.195811217763889545e-02
1.917439699172973633e-02
-3.056807518005371094e-01
-5.869200071433056110e-02
1.230657100677490234e-03
-3.691432476043701172e-01
-6.576832002141941302e-02
-1.379978656768798828e-02
-4.142130613327026367e-01
-6.876013791301716083e-02
8.859872817993164062e-03
-1.617568731307983398e-01
-4.826655229666698688e-02
-1.572948694229125977e-02
-3.044787049293518066e-01
-6.567389136293400043e-02
-3.188705444335937500e-02
-3.814738094806671143e-01
-7.277810936906803363e-02
-4.382374882698059082e-02
-4.319788515567779541e-01
-7.739979392030704730e-02
-2.741074562072753906e-02
-1.476302146911621094e-01
-5.231605460980404132e-02
-4.647958278656005859e-02
-2.844318151473999023e-01
-6.607312327363956683e-02
-5.864867568016052246e-02
-3.643031418323516846e-01
-7.225986188390720599e-02
-6.788665056228637695e-02
-4.190877377986907959e-01
-7.588225221374500506e-02
-6.189554929733276367e-02
-1.325067877769470215e-01
-5.505824079850185626e-02
-7.248395681381225586e-02
-2.541327476501464844e-01
-6.573124593236912006e-02
-7.924127578735351562e-02
-3.148090839385986328e-01
-6.858823066690433734e-02
-8.570420742034912109e-02
-3.610294759273529053e-01
-6.969537204244602435e-02
