0.000000000000000000e+00
0.000000000000000000e+00
0.000000000000000000e+00
3.365802764892578125e-02
-8.526438474655151367e-02
1.013802947836239809e-02
5.131500959396362305e-02
-1.655462980270385742e-01
1.061975887404997820e-02
4.064333438873291016e-02
-2.368957996368408203e-01
9.674863204232053704e-03
1.362574100494384766e-02
-2.595269680023193359e-01
6.206199306866722054e-03
1.475042104721069336e-02
-2.191433310508728027e-01
-9.416819304355783515e-03
-3.221189975738525391e-02
-3.036288619041442871e-01
-1.382757605625073438e-02
-5.737259984016418457e-02
-3.388485610485076904e-01
-1.469734286529700285e-02
-7.445436716079711914e-02
-3.639797270298004150e-01
-1.535624799890200620e-02
-1.636582612991333008e-02
-2.032047510147094727e-01
-1.913866841805855756e-02
-6.034794449806213379e-02
-3.024216294288635254e-01
-2.354144373548905378e-02
-8.293730020523071289e-02
-3.542944192886352539e-01
-2.510273897660653120e-02
-9.828451275825500488e-02
-3.901749253273010254e-01
-2.722791464639584547e-02
-4.721838235855102539e-02
-1.758145093917846680e-01
-2.697478303326050764e-02
-8.323556184768676758e-02
-2.743824124336242676e-01
-3.149857813132683759e-02
-1.019440293312072754e-01
-3.326344192028045654e-01
-3.473705866945664411e-02
-1.148716509342193604e-01
-3.775011301040649414e-01
-3.799409487856308942e-02
-7.636496424674987793e-02
-1.395900249481201172e-01
-3.307942742122094160e-02
-1.050982773303985596e-01
-2.292520999908447266e-01
-3.864371472609917646e-02
-1.199610233306884766e-01
-2.785120010375976562e-01
-4.001449862135331159e-02
-1.314956545829772949e-01
-3.235537409782409668e-01
-4.097672620428483015e-02
