0.000000000000000000e+00
0.000000000000000000e+00
0.000000000000000000e+00
4.151386022567749023e-02
-6.540387868881225586e-02
-2.490286742656167007e-03
7.532882690429687500e-02
-1.406741142272949219e-01
-1.516350082060569093e-02
7.884967327117919922e-02
-2.120621800422668457e-01
-2.546104139587157533e-02
5.072140693664550781e-02
-2.448501586914062500e-01
-3.909960112473243043e-02
5.037087202072143555e-02
-1.722562909126281738e-01
-5.622283465167754457e-02
2.279692888259887695e-02
-3.146434426307678223e-01
-7.697947419187300966e-02
5.608737468719482422e-03
-3.868070244789123535e-01
-8.513461894294493959e-02
-8.293330669403076172e-03
-4.430616497993469238e-01
-8.890593892833464906e-02
1.219671964645385742e-02
-1.489520668983459473e-01
-6.470102167627089784e-02
-1.205563545227050781e-02
-3.067088127136230469e-01
-8.653461283942931459e-02
-2.699863910675048828e-02
-3.954191803932189941e-01
-9.467403686544173524e-02
-3.655296564102172852e-02
-4.571633338928222656e-01
-1.000891709973501520e-01
-2.580523490905761719e-02
-1.327122449874877930e-01
-6.992165840169661806e-02
-4.478347301483154297e-02
-2.826488614082336426e-01
-8.737342155477278993e-02
-5.674284696578979492e-02
-3.737275898456573486e-01
-9.495057261487716005e-02
-6.329032778739929199e-02
-4.374167025089263916e-01
-9.913714325925582216e-02
-6.104061007499694824e-02
-1.209859848022460938e-01
-7.345649695893996522e-02
-7.200849056243896484e-02
-2.524940967559814453e-01
-8.730755842229598329e-02
-7.875552773475646973e-02
-3.213587701320648193e-01
-9.151881284019225404e-02
-8.336928486824035645e-02
-3.746156990528106689e-01
-9.344562984010451601e-02
