0.000000000000000000e+00
0.000000000000000000e+00
0.000000000000000000e+00
3.971713781356811523e-02
-6.147402524948120117e-02
2.811044413903118766e-03
6.507247686386108398e-02
-1.306143403053283691e-01
3.674895229124786056e-03
5.767101049423217773e-02
-2.028918266296386719e-01
4.348753445157171882e-03
3.418564796447753906e-02
-2.195098996162414551e-01
4.327639896729351676e-03
1.838630437850952148e-02
-1.994011402130126953e-01
2.439987106555463470e-03
-7.035613059997558594e-03
-2.685145139694213867e-01
3.534403821760179198e-03
-2.102971076965332031e-02
-2.996715605258941650e-01
3.958193544605137504e-03
-3.081858158111572266e-02
-3.210009634494781494e-01
3.486747347125174201e-03
-1.068049669265747070e-02
-1.927061080932617188e-01
-1.880104344962774121e-03
-3.365576267242431641e-02
-2.717095315456390381e-01
-5.332176631043239468e-04
-4.487925767898559570e-02
-3.109132647514343262e-01
-1.315720070778070294e-03
-5.199617147445678711e-02
-3.383446335792541504e-01
-2.876823343029855096e-03
-3.712654113769531250e-02
-1.732299327850341797e-01
-5.768551066211102807e-03
-5.659908056259155273e-02
-2.526758611202239990e-01
-6.501798093012212121e-03
-6.521934270858764648e-02
-2.961188852787017822e-01
-8.488650008729337060e-03
-7.089260220527648926e-02
-3.287953436374664307e-01
-1.067524174570166906e-02
-6.164517998695373535e-02
-1.434982419013977051e-01
-9.050948120346902215e-03
-7.772231101989746094e-02
-2.169228792190551758e-01
-1.123171815990531286e-02
-8.565458655357360840e-02
-2.551927566528320312e-01
-1.141595146029317220e-02
-9.110474586486816406e-02
-2.899636626243591309e-01
-1.137750087647759756e-02
