0.000000000000000000e+00
0.000000000000000000e+00
0.000000000000000000e+00
3.586596250534057617e-02
-6.984710693359375000e-02
6.148570947814846477e-03
5.169850587844848633e-02
-1.452739238739013672e-01
6.027062222827339610e-03
3.734326362609863281e-02
-2.113583683967590332e-01
5.251138736028337917e-03
1.017820835113525391e-02
-2.297345399856567383e-01
2.675817845855021915e-03
2.719622850418090820e-02
-1.866326332092285156e-01
-1.035920317796978907e-02
-3.579258918762207031e-04
-2.802123427391052246e-01
-1.523840121505770639e-02
-1.554840803146362305e-02
-3.210462629795074463e-01
-1.581417928962025599e-02
-2.632415294647216797e-02
-3.475712835788726807e-01
-1.554418701259407953e-02
-2.681612968444824219e-03
-1.786080002784729004e-01
-1.737004678277287439e-02
-2.788335084915161133e-02
-2.822941541671752930e-01
-2.235217738477501825e-02
-4.015141725540161133e-02
-3.337097764015197754e-01
-2.323446396319184259e-02
-4.778644442558288574e-02
-3.665972948074340820e-01
-2.359569977549824671e-02
-3.213495016098022461e-02
-1.619683504104614258e-01
-2.304668698040757135e-02
-5.314579606056213379e-02
-2.619881629943847656e-01
-2.764151963917527155e-02
-6.329295039176940918e-02
-3.156843185424804688e-01
-3.038336868910107569e-02
-6.935006380081176758e-02
-3.532677292823791504e-01
-3.209465715615067438e-02
-6.008744239807128906e-02
-1.388955116271972656e-01
-2.733637552289280848e-02
-7.526716589927673340e-02
-2.296011447906494141e-01
-3.169619638053688959e-02
-8.302226662635803223e-02
-2.769422531127929688e-01
-3.270924437372002558e-02
-8.770218491554260254e-02
-3.162770867347717285e-01
-3.280477571813378290e-02
