0.000000000000000000e+00
0.000000000000000000e+00
0.000000000000000000e+00
3.960692882537841797e-02
-6.711506843566894531e-02
5.028960047120278887e-03
6.164515018463134766e-02
-1.390426754951477051e-01
6.040254359895413927e-03
5.499017238616943359e-02
-2.023191452026367188e-01
6.378633187914317659e-03
3.209042549133300781e-02
-2.123751640319824219e-01
5.730629185045188478e-03
1.964730024337768555e-02
-1.931288838386535645e-01
-1.259264202026599833e-03
-7.807254791259765625e-03
-2.685423195362091064e-01
-3.129461795261079260e-03
-2.205520868301391602e-02
-3.022393882274627686e-01
-3.804596156051331945e-03
-3.152328729629516602e-02
-3.240360915660858154e-01
-4.223079202866131254e-03
-1.107710599899291992e-02
-1.845456361770629883e-01
-6.677806159650856443e-03
-3.621852397918701172e-02
-2.689850330352783203e-01
-8.521774565970474669e-03
-4.770052433013916016e-02
-3.109373450279235840e-01
-9.303104845976406523e-03
-5.441373586654663086e-02
-3.374744355678558350e-01
-9.987926824187809416e-03
-3.916573524475097656e-02
-1.652728319168090820e-01
-1.131257672438579220e-02
-6.078273057937622070e-02
-2.473008036613464355e-01
-1.305062208900409360e-02
-6.995430588722229004e-02
-2.943400442600250244e-01
-1.451031655648904461e-02
-7.509490847587585449e-02
-3.280159533023834229e-01
-1.575711999664264340e-02
-6.381991505622863770e-02
-1.384078264236450195e-01
-1.507477440515714306e-02
-8.024343848228454590e-02
-2.153479456901550293e-01
-1.644042764434772153e-02
-8.835500478744506836e-02
-2.560911476612091064e-01
-1.538793162087159772e-02
-9.304293990135192871e-02
-2.906753420829772949e-01
-1.430764027515607495e-02
