0.000000000000000000e+00
0.000000000000000000e+00
0.000000000000000000e+00
4.004681110382080078e-02
-6.206560134887695312e-02
-6.325953174126652812e-04
6.962835788726806641e-02
-1.349885463714599609e-01
-7.717620511513700876e-03
7.165151834487915039e-02
-2.063120603561401367e-01
-1.366408953906272927e-02
4.442185163497924805e-02
-2.267949581146240234e-01
-2.215905713380550424e-02
3.665620088577270508e-02
-1.822640895843505859e-01
-3.248659374655460397e-02
9.838283061981201172e-03
-2.998938262462615967e-01
-4.521857427896236459e-02
-7.052123546600341797e-03
-3.578121662139892578e-01
-5.035230743230556527e-02
-2.160322666168212891e-02
-4.017044305801391602e-01
-5.280005040110324899e-02
3.651559352874755859e-03
-1.675767898559570312e-01
-3.931778522671436349e-02
-2.093636989593505859e-02
-2.993810772895812988e-01
-5.263883473814701119e-02
-3.493922948837280273e-02
-3.717666268348693848e-01
-5.849912988485073129e-02
-4.561400413513183594e-02
-4.211520254611968994e-01
-6.246551724613880197e-02
-2.969509363174438477e-02
-1.510939002037048340e-01
-4.413914161266063729e-02
-5.036300420761108398e-02
-2.792083024978637695e-01
-5.533632116855358163e-02
-6.177026033401489258e-02
-3.540621995925903320e-01
-6.224077793301319161e-02
-7.010918855667114258e-02
-4.067780077457427979e-01
-6.656598898113941232e-02
-6.157431006431579590e-02
-1.325325369834899902e-01
-4.769157099069332162e-02
-7.431894540786743164e-02
-2.464185953140258789e-01
-5.703878256024097482e-02
-8.123552799224853516e-02
-3.048637211322784424e-01
-6.061937885822032968e-02
-8.668437600135803223e-02
-3.517947196960449219e-01
-6.261928977907871285e-02
