0.000000000000000000e+00
0.000000000000000000e+00
0.000000000000000000e+00
4.921090602874755859e-02
-4.101085662841796875e-02
-3.636161865856024633e-02
8.025383949279785156e-02
-6.244981288909912109e-02
-7.778300227786871801e-02
8.919572830200195312e-02
-8.010393381118774414e-02
-1.142952951994118393e-01
8.772253990173339844e-02
-1.172485947608947754e-01
-1.522569197621521653e-01
1.260347366333007812e-01
7.351213693618774414e-02
-1.158864486422714890e-01
1.113835573196411133e-01
-1.942580938339233398e-02
-1.743250477519211472e-01
8.412986993789672852e-02
-9.685766696929931641e-02
-2.063852387871918381e-01
6.146258115768432617e-02
-1.762009859085083008e-01
-2.229634958710846604e-01
8.127319812774658203e-02
1.056684851646423340e-01
-1.258692282643494309e-01
6.295418739318847656e-02
-2.012306451797485352e-02
-1.881392288413223923e-01
3.932052850723266602e-02
-1.195988059043884277e-01
-2.093702841010269822e-01
1.811808347702026367e-02
-2.032172679901123047e-01
-2.194044131245789231e-01
2.926743030548095703e-02
1.103895902633666992e-01
-1.359748381581482590e-01
1.244688034057617188e-02
-2.214878797531127930e-02
-1.907207954135117234e-01
-9.610652923583984375e-04
-1.171426177024841309e-01
-1.979013520684418381e-01
-1.252704858779907227e-02
-1.938404440879821777e-01
-1.971718657221970261e-01
-1.837849617004394531e-02
8.969581127166748047e-02
-1.477730411496338547e-01
-3.908094763755798340e-02
-1.186525821685791016e-02
-1.890163558926758469e-01
-4.732549190521240234e-02
-8.774572610855102539e-02
-1.934499281850037278e-01
-5.158466100692749023e-02
-1.405512690544128418e-01
-1.920554477181610764e-01
