0.000000000000000000e+00
0.000000000000000000e+00
0.000000000000000000e+00
3.347516059875488281e-02
-7.236909866333007812e-02
8.459641749460899973e-03
4.346728324890136719e-02
-1.441401839256286621e-01
1.037969827880402818e-02
2.127361297607421875e-02
-2.072160243988037109e-01
1.156818881859322801e-02
-3.238677978515625000e-03
-2.367253303527832031e-01
1.136451788475056901e-02
2.489256858825683594e-02
-1.873289346694946289e-01
-5.711284780453240728e-03
-3.823757171630859375e-03
-2.727193832397460938e-01
-7.714588975112235403e-03
-2.061325311660766602e-02
-3.093260228633880615e-01
-5.950737593273913717e-03
-3.314810991287231445e-02
-3.324868083000183105e-01
-4.225082078527009344e-03
-5.017459392547607422e-03
-1.805758476257324219e-01
-1.236243158350447402e-02
-3.014481067657470703e-02
-2.748703658580780029e-01
-1.488441865662792907e-02
-4.377260804176330566e-02
-3.180618286132812500e-01
-1.387745965043762908e-02
-5.259174108505249023e-02
-3.445464670658111572e-01
-1.284942947099665389e-02
-3.333443403244018555e-02
-1.636829376220703125e-01
-1.752224828819493041e-02
-5.439564585685729980e-02
-2.567439675331115723e-01
-1.993433277825573668e-02
-6.489995121955871582e-02
-3.031437695026397705e-01
-2.026342678586701140e-02
-7.166212797164916992e-02
-3.360300064086914062e-01
-2.044184397677639708e-02
-5.908185243606567383e-02
-1.381324529647827148e-01
-2.112224776069382415e-02
-7.419240474700927734e-02
-2.226369976997375488e-01
-2.427538934866646514e-02
-8.180764317512512207e-02
-2.655420899391174316e-01
-2.399237531940201507e-02
-8.679997920989990234e-02
-3.025743365287780762e-01
-2.289251502374867187e-02
