0.000000000000000000e+00
0.000000000000000000e+00
0.000000000000000000e+00
4.842346906661987305e-02
-5.266493558883666992e-02
-2.018452496886879999e-02
9.080117940902709961e-02
-1.259721517562866211e-01
-4.617506513059765894e-02
1.050339937210083008e-01
-2.008428573608398438e-01
-6.617065021455914575e-02
8.216351270675659180e-02
-2.592508196830749512e-01
-8.873096355856091577e-02
5.891817808151245117e-02
-1.150596737861633301e-01
-9.885366508424908716e-02
4.475319385528564453e-02
-2.713425159454345703e-01
-1.346802587217155178e-01
3.305357694625854492e-02
-3.628939986228942871e-01
-1.482234174913230618e-01
2.367711067199707031e-02
-4.347747564315795898e-01
-1.545928741401496609e-01
1.434922218322753906e-02
-9.976452589035034180e-02
-1.030080492204490383e-01
2.779185771942138672e-03
-2.716410756111145020e-01
-1.420027191346946438e-01
-6.631135940551757812e-03
-3.824003934860229492e-01
-1.555038119262519558e-01
-1.164382696151733398e-02
-4.625307917594909668e-01
-1.638183469480338772e-01
-2.715688943862915039e-02
-9.974533319473266602e-02
-1.041141475147071560e-01
-3.834944963455200195e-02
-2.542903423309326172e-01
-1.343546385473075588e-01
-4.254627227783203125e-02
-3.598030209541320801e-01
-1.464152658885780056e-01
-4.159954190254211426e-02
-4.388290643692016602e-01
-1.531163329786124905e-01
-6.323161721229553223e-02
-1.115009784698486328e-01
-1.045032242840591152e-01
-6.979504227638244629e-02
-2.320083379745483398e-01
-1.282979721731010159e-01
-7.198354601860046387e-02
-3.070832490921020508e-01
-1.391271675533118923e-01
-7.194545865058898926e-02
-3.664242029190063477e-01
-1.458609277910056790e-01
