0.000000000000000000e+00
0.000000000000000000e+00
0.000000000000000000e+00
4.069828987121582031e-02
-6.120622158050537109e-02
-5.348073207613879276e-04
6.839150190353393555e-02
-1.378815770149230957e-01
-6.392419909204249961e-03
6.557750701904296875e-02
-2.093096971511840820e-01
-1.108527333762765466e-02
3.727298974990844727e-02
-2.232108712196350098e-01
-1.821819004889846383e-02
3.624129295349121094e-02
-1.803787946701049805e-01
-2.940688339349151192e-02
8.707284927368164062e-03
-2.902506589889526367e-01
-4.122641925987124978e-02
-8.444726467132568359e-03
-3.444768786430358887e-01
-4.597016294773936806e-02
-2.215111255645751953e-02
-3.837997317314147949e-01
-4.809171577271342812e-02
4.195868968963623047e-03
-1.659061312675476074e-01
-3.561489154871821938e-02
-2.242690324783325195e-02
-2.903146147727966309e-01
-4.777776693281055032e-02
-3.705835342407226562e-02
-3.597003221511840820e-01
-5.277618264135242043e-02
-4.750752449035644531e-02
-4.058571457862854004e-01
-5.603975673493266640e-02
-2.785986661911010742e-02
-1.498938798904418945e-01
-4.003032912787318764e-02
-5.006957054138183594e-02
-2.699902951717376709e-01
-5.045612772282481728e-02
-6.143891811370849609e-02
-3.415334224700927734e-01
-5.675064270671725808e-02
-6.912484765052795410e-02
-3.917784988880157471e-01
-6.056068708475947915e-02
-5.902558565139770508e-02
-1.315484642982482910e-01
-4.325524215873599587e-02
-7.354134321212768555e-02
-2.391112446784973145e-01
-5.185624082859874306e-02
-8.065485954284667969e-02
-2.953203618526458740e-01
-5.503921081599116860e-02
-8.554512262344360352e-02
-3.410867452621459961e-01
-5.678410326417804299e-02
