0.000000000000000000e+00
0.000000000000000000e+00
0.000000000000000000e+00
3.088688850402832031e-02
-7.768970727920532227e-02
1.380442204944332119e-02
4.297679662704467773e-02
-1.563036441802978516e-01
1.619883562497337337e-02
2.670764923095703125e-02
-2.183759212493896484e-01
1.684098626546104427e-02
2.787172794342041016e-03
-2.392634153366088867e-01
1.494361582271297451e-02
3.319787979125976562e-02
-1.857134103775024414e-01
-7.361246914942665143e-03
4.093647003173828125e-03
-2.800672948360443115e-01
-1.186201878764192585e-02
-1.368629932403564453e-02
-3.208397328853607178e-01
-1.197346829750101094e-02
-2.754020690917968750e-02
-3.491399288177490234e-01
-1.134739973523180012e-02
4.097998142242431641e-03
-1.774870157241821289e-01
-1.775658567376892094e-02
-2.322274446487426758e-02
-2.845949530601501465e-01
-2.151981805392066960e-02
-3.819566965103149414e-02
-3.334053456783294678e-01
-2.068320539720813755e-02
-4.831099510192871094e-02
-3.637640774250030518e-01
-2.001025591917793278e-02
-2.495825290679931641e-02
-1.629562377929687500e-01
-2.603548084326545720e-02
-4.677227139472961426e-02
-2.690095305442810059e-01
-2.897568111248771672e-02
-5.821216106414794922e-02
-3.224388360977172852e-01
-2.906930697091381077e-02
-6.538298726081848145e-02
-3.610031902790069580e-01
-2.934135188289443974e-02
-5.326265096664428711e-02
-1.423755288124084473e-01
-3.229930688567916874e-02
-6.865647435188293457e-02
-2.365673780441284180e-01
-3.541463677712242131e-02
-7.572805881500244141e-02
-2.833941876888275146e-01
-3.411669348307411198e-02
-8.045783638954162598e-02
-3.235426843166351318e-01
-3.263855789728919987e-02
