0.000000000000000000e+00
0.000000000000000000e+00
0.000000000000000000e+00
1.091957092285156250e-02
-9.664416313171386719e-02
-1.131422622424338442e-02
3.390729427337646484e-03
-2.167310714721679688e-01
-3.103680434000466448e-02
-9.323835372924804688e-03
-3.022529482841491699e-01
-4.810729706954930407e-02
-1.767516136169433594e-02
-3.485434651374816895e-01
-6.821439871859524828e-02
2.359604835510253906e-02
-2.329378128051757812e-01
-7.884310642552350146e-02
-4.569649696350097656e-02
-3.427483439445495605e-01
-1.158425630099770842e-01
-1.023577451705932617e-01
-3.826318979263305664e-01
-1.349010736711022673e-01
-1.436951160430908203e-01
-3.978025913238525391e-01
-1.464396090276238738e-01
9.207069873809814453e-03
-1.669200062751770020e-01
-9.053478846621487719e-02
-6.443554162979125977e-02
-2.836613059043884277e-01
-1.277774692542550383e-01
-1.286827921867370605e-01
-3.314219117164611816e-01
-1.395527244575021086e-01
-1.737456619739532471e-01
-3.543873429298400879e-01
-1.495683015353677092e-01
-1.684176921844482422e-02
-9.452402591705322266e-02
-1.004293606646058379e-01
-8.114802837371826172e-02
-1.948674321174621582e-01
-1.339834154613015471e-01
-1.379345059394836426e-01
-2.505174875259399414e-01
-1.403398633964059172e-01
-1.761218011379241943e-01
-2.840467095375061035e-01
-1.446916730172631560e-01
-5.137419700622558594e-02
-2.909666299819946289e-02
-1.092165083653924285e-01
-1.045812368392944336e-01
-1.116073131561279297e-01
-1.405342490441796599e-01
-1.446839272975921631e-01
-1.663239598274230957e-01
-1.493975640304086028e-01
-1.762699186801910400e-01
-2.086011171340942383e-01
-1.547127933270928679e-01
