0.000000000000000000e+00
0.000000000000000000e+00
0.000000000000000000e+00
4.089975357055664062e-02
-6.276625394821166992e-02
-1.146956907717822105e-03
7.065439224243164062e-02
-1.408320069313049316e-01
-8.473814094571707756e-03
7.056027650833129883e-02
-2.164924144744873047e-01
-1.443986837020361236e-02
3.961986303329467773e-02
-2.323049902915954590e-01
-2.329883594265425018e-02
3.846502304077148438e-02
-1.829631328582763672e-01
-3.461980689516508392e-02
1.164495944976806641e-02
-3.049012124538421631e-01
-4.725574571838819793e-02
-6.140351295471191406e-03
-3.653965294361114502e-01
-5.213605854859792998e-02
-2.074331045150756836e-02
-4.112650156021118164e-01
-5.471473429551565459e-02
4.773139953613281250e-03
-1.684872508049011230e-01
-4.143661502948248199e-02
-1.984924077987670898e-02
-3.029778599739074707e-01
-5.499895531883680633e-02
-3.439646959304809570e-02
-3.780119419097900391e-01
-6.112191323390447906e-02
-4.486662149429321289e-02
-4.293965101242065430e-01
-6.550221760025465301e-02
-2.891194820404052734e-02
-1.514199972152709961e-01
-4.602854941239797881e-02
-4.961395263671875000e-02
-2.819586694240570068e-01
-5.772933978786909393e-02
-6.127893924713134766e-02
-3.603314459323883057e-01
-6.516489256372892669e-02
-6.963124871253967285e-02
-4.152688980102539062e-01
-7.001481075039350799e-02
-6.114286184310913086e-02
-1.319801211357116699e-01
-4.930174593081915191e-02
-7.447800040245056152e-02
-2.485080957412719727e-01
-5.967110265245878509e-02
-8.135065436363220215e-02
-3.094764053821563721e-01
-6.408268828144514373e-02
-8.692306280136108398e-02
-3.586710393428802490e-01
-6.678196657648527435e-02
