0.000000000000000000e+00
0.000000000000000000e+00
0.000000000000000000e+00
3.994709253311157227e-02
-6.569206714630126953e-02
3.388867421023178395e-03
5.986022949218750000e-02
-1.411710381507873535e-01
4.377386705897379215e-03
4.962134361267089844e-02
-2.056587934494018555e-01
4.951704001001644428e-03
2.535754442214965820e-02
-2.101940512657165527e-01
4.209891600481796559e-03
1.668357849121093750e-02
-1.998263001441955566e-01
-3.045791819744181339e-03
-9.611785411834716797e-03
-2.762557566165924072e-01
-5.779723929293822948e-03
-2.421635389328002930e-02
-3.138782978057861328e-01
-7.571687748708200161e-03
-3.419303894042968750e-02
-3.424976170063018799e-01
-9.452614760078859035e-03
-1.229244470596313477e-02
-1.908113956451416016e-01
-8.684150701441240017e-03
-3.779202699661254883e-02
-2.766533493995666504e-01
-1.208200940308756799e-02
-4.988905787467956543e-02
-3.244022130966186523e-01
-1.498641335783190698e-02
-5.738329887390136719e-02
-3.590177595615386963e-01
-1.743603387294001550e-02
-3.930073976516723633e-02
-1.692961454391479492e-01
-1.361909957049078912e-02
-6.239193677902221680e-02
-2.522515058517456055e-01
-1.779640169260687799e-02
-7.281774282455444336e-02
-3.045787513256072998e-01
-2.233054750976748437e-02
-7.954642176628112793e-02
-3.454240858554840088e-01
-2.568676025984473199e-02
-6.324642896652221680e-02
-1.391104459762573242e-01
-1.770092809019274682e-02
-8.140498399734497070e-02
-2.156636118888854980e-01
-2.179791109082884759e-02
-9.070670604705810547e-02
-2.579450607299804688e-01
-2.353313827333636254e-02
-9.701025485992431641e-02
-2.951434850692749023e-01
-2.456754149315543145e-02
