0.000000000000000000e+00
0.000000000000000000e+00
0.000000000000000000e+00
4.981040954589843750e-02
-5.313575267791748047e-02
-1.324396868588451071e-02
8.498203754425048828e-02
-1.205788850784301758e-01
-3.180316192450050039e-02
9.484040737152099609e-02
-1.919106841087341309e-01
-4.681862992586616201e-02
7.759207487106323242e-02
-2.514824271202087402e-01
-6.544597176255706472e-02
6.542891263961791992e-02
-9.668552875518798828e-02
-7.187274572791579885e-02
4.696989059448242188e-02
-2.368900179862976074e-01
-1.035057502740812652e-01
3.267955780029296875e-02
-3.319249749183654785e-01
-1.227007481211614959e-01
1.943498849868774414e-02
-4.063726067543029785e-01
-1.340763094777059905e-01
2.168458700180053711e-02
-7.293546199798583984e-02
-7.913953540267470999e-02
2.540290355682373047e-03
-2.371817231178283691e-01
-1.071511032933187835e-01
-1.223546266555786133e-02
-3.491323590278625488e-01
-1.225760552042913787e-01
-2.439695596694946289e-02
-4.234194755554199219e-01
-1.353457841032934539e-01
-1.884335279464721680e-02
-6.401270627975463867e-02
-8.372036096992019338e-02
-4.021543264389038086e-02
-2.127770781517028809e-01
-1.062687831872892730e-01
-5.150941014289855957e-02
-3.159436583518981934e-01
-1.164267036074591033e-01
-5.996257066726684570e-02
-3.870854973793029785e-01
-1.239725920313787810e-01
-5.503138899803161621e-02
-6.957072019577026367e-02
-8.767419037761214895e-02
-7.122164964675903320e-02
-1.745519042015075684e-01
-1.056781905645323150e-01
-8.166998624801635742e-02
-2.475936412811279297e-01
-1.107779341691923491e-01
-8.851611614227294922e-02
-3.063200116157531738e-01
-1.144038337224912993e-01
