0.000000000000000000e+00
0.000000000000000000e+00
0.000000000000000000e+00
3.903919458389282227e-02
-6.066161394119262695e-02
3.130807275880442830e-03
6.350994110107421875e-02
-1.313177943229675293e-01
3.965238076631294462e-03
5.619996786117553711e-02
-2.027540802955627441e-01
4.626996782604919645e-03
3.239029645919799805e-02
-2.150419354438781738e-01
4.483180087987648221e-03
1.767474412918090820e-02
-1.973927617073059082e-01
1.042820131402777406e-03
-7.893443107604980469e-03
-2.678666710853576660e-01
1.533621074628399583e-03
-2.229225635528564453e-02
-2.995342314243316650e-01
1.683587874282466146e-03
-3.230232000350952148e-02
-3.207500874996185303e-01
1.102912090715335580e-03
-1.149970293045043945e-02
-1.903190016746520996e-01
-3.367618224586976794e-03
-3.469288349151611328e-02
-2.698017656803131104e-01
-2.402627873237861422e-03
-4.570350050926208496e-02
-3.087539374828338623e-01
-3.006957969631685046e-03
-5.239692330360412598e-02
-3.357761502265930176e-01
-4.441544911827577380e-03
-3.803586959838867188e-02
-1.705934405326843262e-01
-7.231222032572759417e-03
-5.800622701644897461e-02
-2.505509257316589355e-01
-8.081219657327665118e-03
-6.667849421501159668e-02
-2.950692474842071533e-01
-1.004065343644811037e-02
-7.211306691169738770e-02
-3.283179700374603271e-01
-1.227488232311202410e-02
-6.214958429336547852e-02
-1.414561271667480469e-01
-1.042184749152852419e-02
-7.861068844795227051e-02
-2.147278785705566406e-01
-1.239594960119916323e-02
-8.644330501556396484e-02
-2.534360587596893311e-01
-1.247870785650206926e-02
-9.150117635726928711e-02
-2.879759073257446289e-01
-1.251397331711245897e-02
