0.000000000000000000e+00
0.000000000000000000e+00
0.000000000000000000e+00
4.322171211242675781e-02
-5.777972936630249023e-02
-4.963180259283106466e-02
7.359337806701660156e-02
-1.037783622741699219e-01
-1.005547998886875405e-01
7.403004169464111328e-02
-1.355018615722656250e-01
-1.454760639410785927e-01
5.662059783935546875e-02
-1.639047265052795410e-01
-1.927368550043873086e-01
1.237062811851501465e-01
4.167819023132324219e-02
-1.273119358759693398e-01
1.361641287803649902e-01
1.408153772354125977e-02
-1.952562688332371010e-01
1.301329135894775391e-01
-2.451288700103759766e-02
-2.370104549866489663e-01
1.152103543281555176e-01
-8.648049831390380859e-02
-2.602232603770069375e-01
8.704298734664916992e-02
9.030580520629882812e-02
-1.335687844496540322e-01
7.069391012191772461e-02
-8.840799331665039062e-03
-2.071821002703480019e-01
5.535566806793212891e-02
-9.009742736816406250e-02
-2.372337041836551919e-01
3.965878486633300781e-02
-1.593639254570007324e-01
-2.520238070231251015e-01
3.765344619750976562e-02
1.060013771057128906e-01
-1.414957253676227822e-01
1.754194498062133789e-02
-6.279766559600830078e-03
-2.048280446272663369e-01
7.273435592651367188e-03
-9.673321247100830078e-02
-2.165229080658725991e-01
-1.827120780944824219e-03
-1.705772280693054199e-01
-2.176478414278797402e-01
-9.319126605987548828e-03
9.268057346343994141e-02
-1.525028108101658120e-01
-3.140527009963989258e-02
-1.016795635223388672e-03
-2.031942366104892983e-01
-4.206874966621398926e-02
-7.335948944091796875e-02
-2.127855627280048623e-01
-4.613992571830749512e-02
-1.237879395484924316e-01
-2.135715840798191323e-01
