0.000000000000000000e+00
0.000000000000000000e+00
0.000000000000000000e+00
4.315137863159179688e-02
-6.474924087524414062e-02
-6.091205575330604916e-03
7.027238607406616211e-02
-1.492117643356323242e-01
-1.533761032374059141e-02
6.401795148849487305e-02
-2.298099398612976074e-01
-2.216119848640119017e-02
3.073483705520629883e-02
-2.552136778831481934e-01
-3.139820665569459379e-02
3.503400087356567383e-02
-1.901974678039550781e-01
-3.972088143677865446e-02
8.463382720947265625e-03
-3.092686235904693604e-01
-5.489578068704759062e-02
-5.870401859283447266e-03
-3.720879554748535156e-01
-6.122586474270974577e-02
-1.598197221755981445e-02
-4.216776788234710693e-01
-6.414589256496583403e-02
-5.578994750976562500e-04
-1.754547953605651855e-01
-4.424519435019647062e-02
-2.434301376342773438e-02
-3.121457099914550781e-01
-6.086523801536714018e-02
-3.637653589248657227e-02
-3.946504294872283936e-01
-6.828186631651078642e-02
-4.348230361938476562e-02
-4.535186588764190674e-01
-7.257663429231797636e-02
-3.462952375411987305e-02
-1.578972935676574707e-01
-4.679953650088464201e-02
-5.460903048515319824e-02
-2.828156948089599609e-01
-6.057590961904679716e-02
-6.515207886695861816e-02
-3.663825690746307373e-01
-6.901561439485703886e-02
-7.143560051918029785e-02
-4.263231158256530762e-01
-7.367544591875230253e-02
-6.587976217269897461e-02
-1.370854377746582031e-01
-4.835928574652825773e-02
-7.916715741157531738e-02
-2.480583786964416504e-01
-5.892698064894830168e-02
-8.592301607131958008e-02
-3.074606060981750488e-01
-6.286201596708451689e-02
-9.068298339843750000e-02
-3.530027270317077637e-01
-6.470408261270677031e-02
