0.000000000000000000e+00
0.000000000000000000e+00
0.000000000000000000e+00
3.770345449447631836e-02
-6.633311510086059570e-02
5.337380802203028907e-03
5.685687065124511719e-02
-1.347715258598327637e-01
6.562300490159600486e-03
5.136924982070922852e-02
-1.988492608070373535e-01
6.514854261595814933e-03
3.262466192245483398e-02
-2.214003801345825195e-01
5.086435468811600913e-03
1.482814550399780273e-02
-2.015238404273986816e-01
-5.108225178531711208e-04
-1.597321033477783203e-02
-2.768655717372894287e-01
-3.358211603071481477e-03
-3.289026021957397461e-02
-3.157981932163238525e-01
-5.197860768120676767e-03
-4.512250423431396484e-02
-3.471734523773193359e-01
-6.893873216640145074e-03
-1.347070932388305664e-02
-1.920116543769836426e-01
-7.591100877206713449e-03
-4.249191284179687500e-02
-2.772726118564605713e-01
-1.154485438210883785e-02
-5.729138851165771484e-02
-3.255383074283599854e-01
-1.478622481418767620e-02
-6.677612662315368652e-02
-3.616609573364257812e-01
-1.725729275686660458e-02
-4.127377271652221680e-02
-1.693189740180969238e-01
-1.408876571996131588e-02
-6.586813926696777344e-02
-2.519126534461975098e-01
-1.888698619050899197e-02
-7.813116908073425293e-02
-3.045827746391296387e-01
-2.364106197101989437e-02
-8.637484908103942871e-02
-3.470535874366760254e-01
-2.689622435910621334e-02
-6.748637557029724121e-02
-1.370672583580017090e-01
-1.959066186292091061e-02
-8.754673600196838379e-02
-2.134849429130554199e-01
-2.437998075230041195e-02
-9.850478172302246094e-02
-2.555852532386779785e-01
-2.638207283062854458e-02
-1.064386367797851562e-01
-2.942821085453033447e-01
-2.727414015872398068e-02
