0.000000000000000000e+00
0.000000000000000000e+00
0.000000000000000000e+00
4.587191343307495117e-02
-6.047773361206054688e-02
-1.813064138684694626e-02
7.306683063507080078e-02
-1.468502879142761230e-01
-3.988604988251154282e-02
6.674349308013916016e-02
-2.247291803359985352e-01
-5.644825841579859116e-02
4.282021522521972656e-02
-2.770823836326599121e-01
-7.495405893121187546e-02
5.110746622085571289e-02
-1.395119428634643555e-01
-8.436616133246843674e-02
3.455156087875366211e-02
-2.876492738723754883e-01
-1.166869438746971355e-01
2.194505929946899414e-02
-3.738979697227478027e-01
-1.293586901882690654e-01
1.196968555450439453e-02
-4.451205432415008545e-01
-1.359710357645553813e-01
5.607068538665771484e-03
-1.248980760574340820e-01
-8.839359502587740280e-02
-5.979180335998535156e-03
-2.855141758918762207e-01
-1.236157603124183879e-01
-1.538068056106567383e-02
-3.889202475547790527e-01
-1.364559642532867656e-01
-2.123439311981201172e-02
-4.683442711830139160e-01
-1.442076675156158672e-01
-3.677177429199218750e-02
-1.207954883575439453e-01
-9.007000546250765183e-02
-4.880326986312866211e-02
-2.649483084678649902e-01
-1.190432942966026530e-01
-5.349314212799072266e-02
-3.633720874786376953e-01
-1.318157724598449931e-01
-5.423563718795776367e-02
-4.390197992324829102e-01
-1.386743448236984477e-01
-7.282802462577819824e-02
-1.245866417884826660e-01
-9.102231632266466477e-02
-7.946807146072387695e-02
-2.352517843246459961e-01
-1.150337419966263042e-01
-8.301007747650146484e-02
-3.061878681182861328e-01
-1.269624642590088115e-01
-8.419927954673767090e-02
-3.653100728988647461e-01
-1.341618261793655620e-01
