0.000000000000000000e+00
0.000000000000000000e+00
0.000000000000000000e+00
3.617817163467407227e-02
-2.316415309906005859e-02
-2.679979820195299567e-02
6.377404928207397461e-02
-4.418891668319702148e-02
-4.904802907649141730e-02
7.968968152999877930e-02
-5.567216873168945312e-02
-6.729864720646006049e-02
8.396673202514648438e-02
-6.047421693801879883e-02
-8.621497843805414618e-02
3.524971008300781250e-02
-3.775942325592041016e-02
-6.561195496860605658e-02
4.557877779006958008e-02
-3.978973627090454102e-02
-9.510206822696787299e-02
4.463672637939453125e-02
-3.399848937988281250e-02
-1.143027508670435566e-01
4.648774862289428711e-02
-1.574903726577758789e-02
-1.246129909569368976e-01
2.210974693298339844e-03
-1.621067523956298828e-02
-6.107831392828089179e-02
3.764808177947998047e-03
-1.178228855133056641e-02
-8.523568902555567206e-02
2.156257629394531250e-03
-4.104018211364746094e-03
-9.889588151517969550e-02
6.863057613372802734e-03
1.629799604415893555e-02
-1.107336098367319721e-01
-2.638095617294311523e-02
7.598817348480224609e-03
-5.671780575457674445e-02
-2.833336591720581055e-02
1.250213384628295898e-02
-7.795967553201776923e-02
-3.082418441772460938e-02
2.412319183349609375e-02
-9.202808533254724921e-02
-2.628928422927856445e-02
4.525130987167358398e-02
-1.025034898931131977e-01
-4.801589250564575195e-02
3.245460987091064453e-02
-5.340687949601274909e-02
-5.741512775421142578e-02
3.068846464157104492e-02
-6.887699310127359809e-02
-5.988866090774536133e-02
3.976488113403320312e-02
-7.901956532541376532e-02
-5.539298057556152344e-02
5.767333507537841797e-02
-8.800198529306513251e-02
