0.000000000000000000e+00
0.000000000000000000e+00
0.000000000000000000e+00
3.970426321029663086e-02
-6.983941793441772461e-02
6.564395066092743036e-03
6.283712387084960938e-02
-1.486455202102661133e-01
5.255882657806409952e-03
5.432492494583129883e-02
-2.244426608085632324e-01
3.730144846926464197e-03
2.658486366271972656e-02
-2.470710277557373047e-01
-1.623839775817259579e-04
3.920072317123413086e-02
-1.924709677696228027e-01
-1.633117810662554348e-02
9.103477001190185547e-03
-2.977240681648254395e-01
-2.247434572156237209e-02
-8.732199668884277344e-03
-3.423402607440948486e-01
-2.381616175945566738e-02
-2.195292711257934570e-02
-3.714918196201324463e-01
-2.398955353375242794e-02
6.954789161682128906e-03
-1.835342645645141602e-01
-2.402866721924112881e-02
-1.956611871719360352e-02
-2.990984916687011719e-01
-3.034415558751391018e-02
-3.431677818298339844e-02
-3.562765419483184814e-01
-3.172455631967352474e-02
-4.545012116432189941e-02
-3.911150991916656494e-01
-3.272238277669714535e-02
-2.582621574401855469e-02
-1.689459085464477539e-01
-2.977624625738428676e-02
-4.536473751068115234e-02
-2.831035256385803223e-01
-3.528634362693594539e-02
-5.549249053001403809e-02
-3.436259031295776367e-01
-3.767267145987318600e-02
-6.332039833068847656e-02
-3.836450576782226562e-01
-3.933949299927519405e-02
-5.816480517387390137e-02
-1.490140557289123535e-01
-3.384956248875425899e-02
-7.061201333999633789e-02
-2.525480389595031738e-01
-3.873028510089682186e-02
-7.631519436836242676e-02
-3.041196167469024658e-01
-3.884470739241407955e-02
-7.995697855949401855e-02
-3.455379307270050049e-01
-3.841611646886633480e-02
