0.000000000000000000e+00
0.000000000000000000e+00
0.000000000000000000e+00
5.004560947418212891e-02
-3.921121358871459961e-02
-3.843566094670336497e-02
8.697223663330078125e-02
-6.889957189559936523e-02
-7.267680083546679271e-02
9.773170948028564453e-02
-9.888541698455810547e-02
-1.023958704355720783e-01
9.482741355895996094e-02
-1.308595538139343262e-01
-1.339558294895653034e-01
9.559804201126098633e-02
3.621250391006469727e-02
-9.303245757851641429e-02
7.778644561767578125e-02
-6.854587793350219727e-02
-1.460669568661216999e-01
5.540245771408081055e-02
-1.461735367774963379e-01
-1.803151301029686238e-01
3.973144292831420898e-02
-2.216158509254455566e-01
-1.981628916147712971e-01
4.769885540008544922e-02
6.266081333160400391e-02
-9.752436046633761180e-02
2.748012542724609375e-02
-5.083000659942626953e-02
-1.525873324755195881e-01
1.039814949035644531e-02
-1.478866934776306152e-01
-1.772870949390892292e-01
-4.454851150512695312e-04
-2.291632294654846191e-01
-1.900519511583809162e-01
2.398490905761718750e-04
7.036823034286499023e-02
-1.029689392927650715e-01
-2.000570297241210938e-02
-4.309701919555664062e-02
-1.540613702419761921e-01
-2.761900424957275391e-02
-1.382687091827392578e-01
-1.652486256245140339e-01
-3.217470645904541016e-02
-2.192298173904418945e-01
-1.660811982038978840e-01
-3.912216424942016602e-02
5.718111991882324219e-02
-1.103629997852806355e-01
-5.886769294738769531e-02
-2.759325504302978516e-02
-1.466981551531318928e-01
-6.662654876708984375e-02
-9.649693965911865234e-02
-1.493083766582969929e-01
-6.884640455245971680e-02
-1.534317731857299805e-01
-1.467430523518089558e-01
