0.000000000000000000e+00
0.000000000000000000e+00
0.000000000000000000e+00
4.557764530181884766e-02
-5.468070507049560547e-02
-8.167178189410151390e-03
7.454514503479003906e-02
-1.293457746505737305e-01
-2.066678908283847704e-02
7.633644342422485352e-02
-2.001823186874389648e-01
-3.017886896248000994e-02
4.745757579803466797e-02
-2.190537452697753906e-01
-4.208515566404003039e-02
4.032784700393676758e-02
-1.657476425170898438e-01
-5.283731949145931139e-02
1.908302307128906250e-02
-2.938857674598693848e-01
-7.193416711504596606e-02
5.658328533172607422e-03
-3.620071113109588623e-01
-7.928984966690677538e-02
-6.119072437286376953e-03
-4.156348407268524170e-01
-8.251153287108081713e-02
4.142284393310546875e-03
-1.506133079528808594e-01
-5.699972417767185107e-02
-1.674890518188476562e-02
-2.950195670127868652e-01
-7.725632545168537035e-02
-2.756446599960327148e-02
-3.799989521503448486e-01
-8.545278367216724291e-02
-3.420919179916381836e-02
-4.406073093414306641e-01
-9.045874681885379687e-02
-3.057485818862915039e-02
-1.389395594596862793e-01
-5.863018315847057238e-02
-4.736900329589843750e-02
-2.729303240776062012e-01
-7.469764706308978930e-02
-5.536466836929321289e-02
-3.593766093254089355e-01
-8.396070805008548632e-02
-5.994114279747009277e-02
-4.204644262790679932e-01
-8.906419929678577319e-02
-6.104418635368347168e-02
-1.291671395301818848e-01
-5.925329384024280444e-02
-7.102605700492858887e-02
-2.455292940139770508e-01
-7.101110723431247607e-02
-7.623404264450073242e-02
-3.089927434921264648e-01
-7.617450859959262743e-02
-7.994535565376281738e-02
-3.570012152194976807e-01
-7.902928796227115527e-02
