0.000000000000000000e+00
0.000000000000000000e+00
0.000000000000000000e+00
-4.431504011154174805e-02
-1.093880534172058105e-01
-8.512100479379114404e-03
-8.508539199829101562e-02
-2.144410610198974609e-01
-2.637881626822036196e-02
-1.303616762161254883e-01
-2.765181064605712891e-01
-4.426933293677848269e-02
-1.704650223255157471e-01
-3.045166134834289551e-01
-6.388375376798194338e-02
-2.903074026107788086e-02
-3.190187811851501465e-01
-5.069769760109466006e-02
-1.191537976264953613e-01
-3.747159242630004883e-01
-8.781266426183265139e-02
-1.813686788082122803e-01
-3.401276469230651855e-01
-1.104824936900286048e-01
-2.187438011169433594e-01
-2.942304611206054688e-01
-1.223548150572923987e-01
-1.709926128387451172e-02
-2.612729668617248535e-01
-6.301455413438361575e-02
-1.015205979347229004e-01
-3.286008238792419434e-01
-9.587202434875052859e-02
-1.664165556430816650e-01
-2.963747382164001465e-01
-1.068196020040659278e-01
-2.026105821132659912e-01
-2.557186484336853027e-01
-1.133028439197687476e-01
-1.982420682907104492e-02
-1.803076267242431641e-01
-7.540937726832908083e-02
-8.910024166107177734e-02
-2.434268593788146973e-01
-1.079273692283777564e-01
-1.525050401687622070e-01
-2.214087843894958496e-01
-1.133726335082201331e-01
-1.875297129154205322e-01
-1.915884017944335938e-01
-1.138161665711550086e-01
-3.293639421463012695e-02
-9.223014116287231445e-02
-8.706122105456870486e-02
-8.908700942993164062e-02
-1.369054317474365234e-01
-1.162952876601366370e-01
-1.400220394134521484e-01
-1.440419554710388184e-01
-1.228483787689356177e-01
-1.737520396709442139e-01
-1.452628970146179199e-01
-1.237914136562494605e-01
