0.000000000000000000e+00
0.000000000000000000e+00
0.000000000000000000e+00
3.883433341979980469e-02
-6.036072969436645508e-02
2.564038825831005397e-03
6.348282098770141602e-02
-1.323238015174865723e-01
3.484880529022404971e-03
5.620849132537841797e-02
-2.069964408874511719e-01
4.424113757586667361e-03
3.088307380676269531e-02
-2.184518575668334961e-01
4.554524529403636279e-03
1.794862747192382812e-02
-2.005117535591125488e-01
1.830949076129684272e-03
-7.579624652862548828e-03
-2.706050872802734375e-01
3.251732304370591464e-03
-2.180498838424682617e-02
-3.010073900222778320e-01
3.811587324044296565e-03
-3.172928094863891602e-02
-3.218223154544830322e-01
3.247966967201421085e-03
-1.155006885528564453e-02
-1.928264498710632324e-01
-2.156719820895602879e-03
-3.378868103027343750e-02
-2.738701701164245605e-01
-4.449549241414274547e-04
-4.411208629608154297e-02
-3.131163418292999268e-01
-1.040014228173902211e-03
-5.078193545341491699e-02
-3.411791324615478516e-01
-2.699705096283366856e-03
-3.809386491775512695e-02
-1.725526452064514160e-01
-5.666716046953013119e-03
-5.728018283843994141e-02
-2.538475096225738525e-01
-6.378473271006157574e-03
-6.533288955688476562e-02
-2.998988330364227295e-01
-8.906274125301649747e-03
-7.086360454559326172e-02
-3.343786001205444336e-01
-1.168817842783909100e-02
-6.217768788337707520e-02
-1.432834267616271973e-01
-8.527432591044714627e-03
-7.770082354545593262e-02
-2.185887098312377930e-01
-1.082331503214817303e-02
-8.526945114135742188e-02
-2.578152120113372803e-01
-1.144576913150530117e-02
-9.060838818550109863e-02
-2.927020192146301270e-01
-1.198254248532037991e-02
