0.000000000000000000e+00
0.000000000000000000e+00
0.000000000000000000e+00
3.460639715194702148e-02
-7.059603929519653320e-02
7.465403838409656601e-03
5.107885599136352539e-02
-1.440666913986206055e-01
6.965056373132938461e-03
4.169446229934692383e-02
-2.090098261833190918e-01
5.430751325889104919e-03
1.643264293670654297e-02
-2.283226251602172852e-01
1.923636146216267662e-03
2.506840229034423828e-02
-1.893526911735534668e-01
-9.582389766023879929e-03
-3.204226493835449219e-03
-2.784300446510314941e-01
-1.565899668787551491e-02
-1.871788501739501953e-02
-3.168545961380004883e-01
-1.774922727202010719e-02
-2.961188554763793945e-02
-3.427171111106872559e-01
-1.842911510323119728e-02
-5.012989044189453125e-03
-1.802887320518493652e-01
-1.751047900472713081e-02
-3.186261653900146484e-02
-2.816582620143890381e-01
-2.297613738630843727e-02
-4.558271169662475586e-02
-3.302160799503326416e-01
-2.433218589578700630e-02
-5.377045273780822754e-02
-3.605780303478240967e-01
-2.504358223234248726e-02
-3.459322452545166016e-02
-1.625329256057739258e-01
-2.403282529269290535e-02
-5.663475394248962402e-02
-2.609038949012756348e-01
-2.826883240197730629e-02
-6.764456629753112793e-02
-3.155533969402313232e-01
-3.025289034997058479e-02
-7.391911745071411133e-02
-3.553508520126342773e-01
-3.164952962254119484e-02
-6.192469596862792969e-02
-1.380301713943481445e-01
-2.914930290137363045e-02
-7.867237925529479980e-02
-2.277676463127136230e-01
-3.239010243271422951e-02
-8.662512898445129395e-02
-2.731313407421112061e-01
-3.173540128921104042e-02
-9.151044487953186035e-02
-3.114754557609558105e-01
-3.079784816657138435e-02
