0.000000000000000000e+00
0.000000000000000000e+00
0.000000000000000000e+00
4.804754257202148438e-02
-4.970216751098632812e-02
-2.591396870533912988e-02
8.204954862594604492e-02
-1.248298287391662598e-01
-5.346075633983105035e-02
8.773207664489746094e-02
-1.951674818992614746e-01
-7.406519169430225702e-02
7.163059711456298828e-02
-2.509929537773132324e-01
-9.675539100985020013e-02
5.689364671707153320e-02
-1.179205179214477539e-01
-1.021156963191458544e-01
4.261541366577148438e-02
-2.654306888580322266e-01
-1.398679223142096362e-01
3.059554100036621094e-02
-3.545551300048828125e-01
-1.558302399001547656e-01
2.037757635116577148e-02
-4.269613027572631836e-01
-1.645025816045233569e-01
1.278525590896606445e-02
-1.034250855445861816e-01
-1.037390958748289904e-01
1.372635364532470703e-03
-2.641122937202453613e-01
-1.440051552138754687e-01
-8.876442909240722656e-03
-3.696063756942749023e-01
-1.592448856912085375e-01
-1.563382148742675781e-02
-4.496842622756958008e-01
-1.690239962420889697e-01
-2.942448854446411133e-02
-1.035668849945068359e-01
-1.030522193990179858e-01
-4.182195663452148438e-02
-2.444900274276733398e-01
-1.365133133016058764e-01
-4.696989059448242188e-02
-3.436683416366577148e-01
-1.515105422816702685e-01
-4.833602905273437500e-02
-4.199189543724060059e-01
-1.600583847842642626e-01
-6.662568449974060059e-02
-1.148633956909179688e-01
-1.019924339137503466e-01
-7.544562220573425293e-02
-2.216061949729919434e-01
-1.302127447209784350e-01
-8.070060610771179199e-02
-2.892872691154479980e-01
-1.444301959357687792e-01
-8.304709196090698242e-02
-3.451724648475646973e-01
-1.533143278441855273e-01
