0.000000000000000000e+00
0.000000000000000000e+00
0.000000000000000000e+00
3.772956132888793945e-02
-6.497943401336669922e-02
5.462520384163838116e-03
5.990356206893920898e-02
-1.356902718544006348e-01
6.576171238840800015e-03
5.073976516723632812e-02
-2.040047645568847656e-01
7.509166003139000622e-03
2.791839838027954102e-02
-2.210460901260375977e-01
7.397337444992047040e-03
2.235668897628784180e-02
-1.939500570297241211e-01
-3.722901129229683193e-03
-5.883395671844482422e-03
-2.765169739723205566e-01
-4.160594101129788669e-03
-2.118450403213500977e-02
-3.116075098514556885e-01
-2.386108179642576488e-03
-3.189623355865478516e-02
-3.343607783317565918e-01
-1.298245996302682670e-03
-7.112562656402587891e-03
-1.854884028434753418e-01
-9.066207706062812122e-03
-3.162986040115356445e-02
-2.771149873733520508e-01
-1.006148420187713555e-02
-4.350614547729492188e-02
-3.170785009860992432e-01
-9.638496114938277515e-03
-5.053997039794921875e-02
-3.412488102912902832e-01
-9.687932579844016345e-03
-3.457874059677124023e-02
-1.668666601181030273e-01
-1.333260480227949074e-02
-5.503982305526733398e-02
-2.578585147857666016e-01
-1.496692690911771706e-02
-6.403747200965881348e-02
-3.044418692588806152e-01
-1.644541826012613228e-02
-6.918883323669433594e-02
-3.368073701858520508e-01
-1.799181979063035897e-02
-5.972898006439208984e-02
-1.412715911865234375e-01
-1.647755820217611245e-02
-7.529982924461364746e-02
-2.247476577758789062e-01
-1.913363058033468178e-02
-8.289769291877746582e-02
-2.670084834098815918e-01
-1.966439504089834145e-02
-8.738404512405395508e-02
-3.042500615119934082e-01
-1.978689562442781380e-02
