0.000000000000000000e+00
0.000000000000000000e+00
0.000000000000000000e+00
3.760969638824462891e-02
-3.261512517929077148e-02
-2.779216789144811628e-02
7.280200719833374023e-02
-4.248178005218505859e-02
-6.083691403705415723e-02
9.551626443862915039e-02
-4.943203926086425781e-02
-8.972965464431581495e-02
1.016144156455993652e-01
-6.571394205093383789e-02
-1.200839309437924385e-01
9.588718414306640625e-02
8.155697584152221680e-02
-1.031931071026974678e-01
9.501135349273681641e-02
-2.638036012649536133e-02
-1.480695112093144417e-01
7.675343751907348633e-02
-1.103978753089904785e-01
-1.728415592058354378e-01
6.056582927703857422e-02
-1.699085831642150879e-01
-1.870651944025212288e-01
5.301368236541748047e-02
1.077204942703247070e-01
-1.025734423144513130e-01
4.574030637741088867e-02
-1.631653308868408203e-02
-1.425547702654057503e-01
3.080523014068603516e-02
-1.128066778182983398e-01
-1.569993002756291389e-01
2.128881216049194336e-02
-1.821419000625610352e-01
-1.701324535949879646e-01
3.054320812225341797e-03
1.035473346710205078e-01
-1.004164023740941047e-01
-9.201765060424804688e-04
-1.026248931884765625e-02
-1.324193580492192268e-01
-1.026910543441772461e-02
-1.044573783874511719e-01
-1.440563304765873909e-01
-1.585215330123901367e-02
-1.662380099296569824e-01
-1.533943666561299324e-01
-4.798200726509094238e-02
8.175426721572875977e-02
-9.918259367782411573e-02
-5.305683612823486328e-02
9.997665882110595703e-03
-1.204516394479924202e-01
-5.758795142173767090e-02
-4.883861541748046875e-02
-1.295463992698842048e-01
-6.014335155487060547e-02
-9.402620792388916016e-02
-1.390084876163655281e-01
