0.000000000000000000e+00
0.000000000000000000e+00
0.000000000000000000e+00
4.889667034149169922e-02
-5.053442716598510742e-02
-2.861230978732010044e-02
7.138717174530029297e-02
-1.256001591682434082e-01
-6.180403912429710545e-02
7.262164354324340820e-02
-1.801363825798034668e-01
-9.248069087033172764e-02
6.670361757278442383e-02
-2.198040485382080078e-01
-1.264740766025056473e-01
7.004243135452270508e-02
-5.998677015304565430e-02
-9.328379640345474400e-02
5.514454841613769531e-02
-2.052934169769287109e-01
-1.330954522824754349e-01
3.812497854232788086e-02
-2.892261743545532227e-01
-1.552649677730073563e-01
2.505123615264892578e-02
-3.537614941596984863e-01
-1.670459897256364457e-01
2.071344852447509766e-02
-3.818976879119873047e-02
-1.004742921329011551e-01
4.078507423400878906e-03
-2.039715051651000977e-01
-1.379104794002046219e-01
-9.472668170928955078e-03
-3.065692186355590820e-01
-1.496544570661058060e-01
-1.791846752166748047e-02
-3.813418149948120117e-01
-1.584551573729982010e-01
-2.727037668228149414e-02
-2.998083829879760742e-02
-1.058899627066125504e-01
-4.105508327484130859e-02
-1.962898373603820801e-01
-1.412650437093248001e-01
-4.760158061981201172e-02
-2.920912504196166992e-01
-1.417254001832475296e-01
-5.237954854965209961e-02
-3.586125373840332031e-01
-1.400395722127427689e-01
-6.740415096282958984e-02
-3.652983903884887695e-02
-1.131120488977899186e-01
-8.253297209739685059e-02
-1.586203575134277344e-01
-1.382896990514268509e-01
-8.361265063285827637e-02
-2.307162880897521973e-01
-1.334650308824052445e-01
-8.244469761848449707e-02
-2.859907150268554688e-01
-1.283857465720643631e-01
