0.000000000000000000e+00
0.000000000000000000e+00
0.000000000000000000e+00
6.190526485443115234e-02
-4.814851284027099609e-02
-4.325599194282858662e-02
9.999513626098632812e-02
-8.274465799331665039e-02
-8.653767005318968586e-02
1.047515869140625000e-01
-1.083300113677978516e-01
-1.238095347654279976e-01
8.752065896987915039e-02
-1.369229555130004883e-01
-1.626390923630651741e-01
9.422260522842407227e-02
7.347643375396728516e-03
-1.221013923060354500e-01
7.939583063125610352e-02
-8.774262666702270508e-02
-1.816353012692388802e-01
5.391877889633178711e-02
-1.598871350288391113e-01
-2.147769589793142586e-01
3.032761812210083008e-02
-2.390301823616027832e-01
-2.309939374100622445e-01
4.124516248703002930e-02
3.743141889572143555e-02
-1.270788867842611580e-01
1.983529329299926758e-02
-8.599466085433959961e-02
-1.920310665738043099e-01
-4.035830497741699219e-03
-1.851931810379028320e-01
-2.139347900521215706e-01
-2.323883771896362305e-02
-2.737638950347900391e-01
-2.236638327013906746e-01
-9.378433227539062500e-03
4.716420173645019531e-02
-1.318545748364385872e-01
-2.822142839431762695e-02
-8.224987983703613281e-02
-1.888557185303625374e-01
-4.735723137855529785e-02
-1.744199395179748535e-01
-1.927431483637747078e-01
-6.084117293357849121e-02
-2.509660720825195312e-01
-1.881301511895117073e-01
-5.136236548423767090e-02
3.711813688278198242e-02
-1.387856115471777230e-01
-7.160502672195434570e-02
-5.419266223907470703e-02
-1.786330451142248421e-01
-8.475783467292785645e-02
-1.238068938255310059e-01
-1.767702658545431404e-01
-9.117051959037780762e-02
-1.789735555648803711e-01
-1.705481220852789193e-01
