0.000000000000000000e+00
0.000000000000000000e+00
0.000000000000000000e+00
6.616383790969848633e-03
-7.787895202636718750e-02
1.176562298768146775e-02
1.711964607238769531e-02
-1.544581055641174316e-01
1.262116011911018632e-02
2.673706412315368652e-02
-2.031553983688354492e-01
8.018198876911242223e-03
3.436246514320373535e-02
-2.443619370460510254e-01
3.458916430631120420e-03
1.492738723754882812e-02
-2.070495486259460449e-01
1.494858366184814713e-02
3.228735923767089844e-02
-2.926214337348937988e-01
3.697044902750690198e-03
4.122680425643920898e-02
-3.590210080146789551e-01
-5.947530281460444712e-03
4.621165990829467773e-02
-4.139410853385925293e-01
-1.286018408156053283e-02
1.368337869644165039e-02
-2.038617730140686035e-01
-2.325286867758791232e-03
3.036332130432128906e-02
-3.004816770553588867e-01
-1.273988793856517532e-02
4.118499159812927246e-02
-3.686015009880065918e-01
-2.164937976068870285e-02
4.880017042160034180e-02
-4.338364005088806152e-01
-2.800334292716399887e-02
1.896578073501586914e-02
-1.979531049728393555e-01
-2.038000758058444717e-02
3.262162208557128906e-02
-2.986401915550231934e-01
-2.858967381781951644e-02
4.208689928054809570e-02
-3.651013970375061035e-01
-3.220418888396636703e-02
4.754647612571716309e-02
-4.246473908424377441e-01
-3.451486724681274154e-02
3.465333580970764160e-02
-1.879839301109313965e-01
-3.870672035283462264e-02
4.096791148185729980e-02
-2.729891538619995117e-01
-4.306587624616042831e-02
4.482725262641906738e-02
-3.285014629364013672e-01
-4.212586256927863815e-02
4.697346687316894531e-02
-3.762377500534057617e-01
-4.150820571250335433e-02
