0.000000000000000000e+00
0.000000000000000000e+00
0.000000000000000000e+00
3.706157207489013672e-03
-7.832223176956176758e-02
1.254879592562474500e-02
1.328936219215393066e-02
-1.561267971992492676e-01
1.303279774839438687e-02
2.386704087257385254e-02
-2.066488265991210938e-01
8.315837035127060517e-03
3.325837850570678711e-02
-2.470336556434631348e-01
3.229690507225768670e-03
1.417574286460876465e-02
-1.989033222198486328e-01
9.980703728444950684e-03
3.424701094627380371e-02
-2.859953045845031738e-01
-1.483974488280637161e-03
4.328548908233642578e-02
-3.525313735008239746e-01
-1.012755089794836749e-02
4.775086045265197754e-02
-4.078401923179626465e-01
-1.626271193271122684e-02
1.358872652053833008e-02
-1.953388452529907227e-01
-7.515329843215567962e-03
3.475108742713928223e-02
-2.954865694046020508e-01
-1.815784533863507022e-02
4.563549160957336426e-02
-3.635875582695007324e-01
-2.587239441817246188e-02
5.262154340744018555e-02
-4.290895462036132812e-01
-3.133707118576012363e-02
1.905590295791625977e-02
-1.882265210151672363e-01
-2.527869490330658664e-02
3.535181283950805664e-02
-2.926646471023559570e-01
-3.376073760335884799e-02
4.431578516960144043e-02
-3.599220514297485352e-01
-3.658534956520043124e-02
4.877614974975585938e-02
-4.199213385581970215e-01
-3.846232218091927280e-02
3.302836418151855469e-02
-1.772654652595520020e-01
-4.301663113182030429e-02
3.901913762092590332e-02
-2.653688788414001465e-01
-4.825651270692787875e-02
4.263493418693542480e-02
-3.210497498512268066e-01
-4.762831700389824618e-02
4.483905434608459473e-02
-3.686363101005554199e-01
-4.723232609575234164e-02
