0.000000000000000000e+00
0.000000000000000000e+00
0.000000000000000000e+00
2.942800521850585938e-03
-6.885743141174316406e-02
1.100683310016847827e-02
1.087644696235656738e-02
-1.461386680603027344e-01
1.059269164636589267e-02
2.009922266006469727e-02
-1.954075694084167480e-01
5.307828587888252514e-03
2.899822592735290527e-02
-2.355312108993530273e-01
-2.859940117332371301e-04
1.573935151100158691e-02
-1.969672441482543945e-01
1.035970733448721148e-02
3.288426995277404785e-02
-2.827218770980834961e-01
-6.204163707934640115e-05
4.073807597160339355e-02
-3.457983732223510742e-01
-8.821845008583295566e-03
4.503622651100158691e-02
-4.001645445823669434e-01
-1.512864879384778760e-02
1.746270060539245605e-02
-1.949960589408874512e-01
-5.301059177668321354e-03
3.521627187728881836e-02
-2.922871708869934082e-01
-1.388788498059057019e-02
4.571318626403808594e-02
-3.559941053390502930e-01
-2.090624994650625013e-02
5.303129553794860840e-02
-4.148280620574951172e-01
-2.618781193211816571e-02
2.375864982604980469e-02
-1.897010803222656250e-01
-2.128459229186319135e-02
3.751561045646667480e-02
-2.906384468078613281e-01
-2.697956278041147016e-02
4.590630531311035156e-02
-3.515861034393310547e-01
-2.826729691639684461e-02
5.067560076713562012e-02
-4.047535657882690430e-01
-2.948669991508268140e-02
3.707298636436462402e-02
-1.819983720779418945e-01
-3.747115931525968335e-02
4.249480366706848145e-02
-2.675576210021972656e-01
-3.955026990786336683e-02
4.651457071304321289e-02
-3.191064000129699707e-01
-3.703555367007993482e-02
4.950892925262451172e-02
-3.619657158851623535e-01
-3.548810160771154187e-02
