0.000000000000000000e+00
0.000000000000000000e+00
0.000000000000000000e+00
2.463012933731079102e-03
-8.133906126022338867e-02
1.406398543390707800e-02
1.187065243721008301e-02
-1.566036343574523926e-01
1.496919651749806235e-02
2.204102277755737305e-02
-2.040348052978515625e-01
1.033738942119555304e-02
3.092795610427856445e-02
-2.434813976287841797e-01
5.312315069616602159e-03
1.221320033073425293e-02
-1.946756839752197266e-01
1.186025736156182120e-02
3.228238224983215332e-02
-2.836046814918518066e-01
1.206782876991496778e-03
4.123333096504211426e-02
-3.496424555778503418e-01
-6.739537350355817580e-03
4.654151201248168945e-02
-4.040619730949401855e-01
-1.239607820984645059e-02
1.193225383758544922e-02
-1.903494596481323242e-01
-5.925977721332742476e-03
3.224337100982666016e-02
-2.931707501411437988e-01
-1.611107273724599054e-02
4.262205958366394043e-02
-3.619875311851501465e-01
-2.381334139731450250e-02
5.061909556388854980e-02
-4.270800948143005371e-01
-2.924060507443471124e-02
1.754325628280639648e-02
-1.833819746971130371e-01
-2.381521335568947961e-02
3.382515907287597656e-02
-2.912784218788146973e-01
-3.184044233289284875e-02
4.251980781555175781e-02
-3.589125871658325195e-01
-3.465876600471062829e-02
4.763713479042053223e-02
-4.194744229316711426e-01
-3.655997908440156152e-02
3.161817789077758789e-02
-1.725830435752868652e-01
-4.146441316929383447e-02
3.824663162231445312e-02
-2.611051201820373535e-01
-4.635201639261765649e-02
4.147082567214965820e-02
-3.168039321899414062e-01
-4.563099018064065149e-02
4.339730739593505859e-02
-3.652585744857788086e-01
-4.517559206810517480e-02
