0.000000000000000000e+00
0.000000000000000000e+00
0.000000000000000000e+00
-1.972490549087524414e-02
-8.476263284683227539e-02
1.334576238778595325e-02
-2.670076489448547363e-02
-1.849299073219299316e-01
9.992239297304195134e-03
-2.405589818954467773e-02
-2.570781111717224121e-01
1.842941622186344830e-03
-1.982483267784118652e-02
-3.140292167663574219e-01
-8.163132472958523067e-03
-2.387490868568420410e-02
-2.325239181518554688e-01
-1.231600972923274639e-02
-5.762904882431030273e-03
-3.558346927165985107e-01
-2.984573016973968151e-02
4.841059446334838867e-03
-4.329720139503479004e-01
-4.029828566226001385e-02
1.459211111068725586e-02
-4.980567395687103271e-01
-4.782019066723819378e-02
-1.793727278709411621e-02
-2.262311577796936035e-01
-3.251455235394473675e-02
1.366406679153442383e-03
-3.686619102954864502e-01
-5.139814945968623761e-02
1.394730806350708008e-02
-4.583000540733337402e-01
-6.270093727025027874e-02
2.470374107360839844e-02
-5.340327918529510498e-01
-7.088359701546664837e-02
-6.696701049804687500e-03
-2.094267606735229492e-01
-5.132771912130351666e-02
8.114457130432128906e-03
-3.503428697586059570e-01
-6.562656420382495526e-02
1.872521638870239258e-02
-4.372048974037170410e-01
-7.274204003724094036e-02
2.730616927146911621e-02
-5.072773993015289307e-01
-7.866994547757144574e-02
1.030442118644714355e-02
-1.873002648353576660e-01
-6.914248573693271283e-02
1.643735170364379883e-02
-2.898961007595062256e-01
-8.094098675164218548e-02
1.906147599220275879e-02
-3.589121699333190918e-01
-8.626917260798450116e-02
2.157250046730041504e-02
-4.183999598026275635e-01
-9.089450049313541058e-02
