0.000000000000000000e+00
0.000000000000000000e+00
0.000000000000000000e+00
-1.155900955200195312e-02
-9.419167041778564453e-02
2.508379133780636039e-02
-1.702016592025756836e-02
-1.949050426483154297e-01
2.655201951404251304e-02
-1.453483104705810547e-02
-2.652862071990966797e-01
2.148674602051414695e-02
-9.334892034530639648e-03
-3.225702941417694092e-01
1.383269286145605292e-02
-1.782059669494628906e-02
-2.312904596328735352e-01
-3.220329187911374902e-03
4.510879516601562500e-03
-3.525899052619934082e-01
-1.940618281821571145e-02
1.823526620864868164e-02
-4.301876127719879150e-01
-2.905056265751682076e-02
3.098380565643310547e-02
-4.944109022617340088e-01
-3.598380474011264596e-02
-1.166501641273498535e-02
-2.230105996131896973e-01
-2.824807552258334908e-02
1.177057623863220215e-02
-3.696892261505126953e-01
-4.533513648073039803e-02
2.789318561553955078e-02
-4.591405987739562988e-01
-5.537160498658977303e-02
4.135307669639587402e-02
-5.328107774257659912e-01
-6.317916897694431100e-02
-7.826983928680419922e-04
-2.073780894279479980e-01
-5.108374742428622994e-02
1.755160093307495117e-02
-3.538363277912139893e-01
-6.391116616885028634e-02
3.085017204284667969e-02
-4.400837719440460205e-01
-7.016216603676639352e-02
4.179295897483825684e-02
-5.080992579460144043e-01
-7.617240039269290719e-02
1.553097367286682129e-02
-1.903170347213745117e-01
-7.186482486883960519e-02
2.411884069442749023e-02
-2.935593724250793457e-01
-8.381426719586215768e-02
3.031760454177856445e-02
-3.637180030345916748e-01
-9.003477183739505563e-02
3.677049279212951660e-02
-4.229428768157958984e-01
-9.572435555617175851e-02
