0.000000000000000000e+00
0.000000000000000000e+00
0.000000000000000000e+00
-2.476483583450317383e-03
-7.889151573181152344e-02
1.118432326887841555e-02
3.672719001770019531e-03
-1.548399925231933594e-01
9.483140583085969411e-03
1.292875409126281738e-02
-2.031595110893249512e-01
2.618664565432027302e-03
2.438238263130187988e-02
-2.405393123626708984e-01
-4.842156388860985317e-03
6.408870220184326172e-03
-1.913213133811950684e-01
7.684115941572144948e-03
2.522143721580505371e-02
-2.852963805198669434e-01
-5.155891490232988872e-03
3.566458821296691895e-02
-3.554871678352355957e-01
-1.499239106948380140e-02
4.157146811485290527e-02
-4.145005345344543457e-01
-2.154384677584175734e-02
7.547169923782348633e-03
-1.881319284439086914e-01
-8.824825597059771098e-03
2.755877375602722168e-02
-2.925855517387390137e-01
-1.961990942533020643e-02
3.995385766029357910e-02
-3.638417720794677734e-01
-2.788986203546528486e-02
4.933658242225646973e-02
-4.296427965164184570e-01
-3.366098490829472212e-02
1.542615890502929688e-02
-1.833496689796447754e-01
-2.546663147683148054e-02
3.150993585586547852e-02
-2.908206582069396973e-01
-3.213238281483654646e-02
4.217979311943054199e-02
-3.593602180480957031e-01
-3.387758446211819319e-02
4.972708225250244141e-02
-4.200025200843811035e-01
-3.513440055127148298e-02
3.105664253234863281e-02
-1.756561994552612305e-01
-4.229948235030178694e-02
3.759926557540893555e-02
-2.669183611869812012e-01
-4.469644588704113630e-02
4.306751489639282227e-02
-3.230812549591064453e-01
-4.192935240740780500e-02
4.843500256538391113e-02
-3.712295889854431152e-01
-4.002346781368260054e-02
