0.000000000000000000e+00
0.000000000000000000e+00
0.000000000000000000e+00
1.046788692474365234e-02
-8.027523756027221680e-02
1.533756517669360164e-02
2.088874578475952148e-02
-1.565836668014526367e-01
1.821144503405491832e-02
2.932012081146240234e-02
-2.071335911750793457e-01
1.545986459454695705e-02
3.582054376602172852e-02
-2.495676875114440918e-01
1.242082119783560756e-02
1.472061872482299805e-02
-1.926252245903015137e-01
1.397145000150601390e-02
3.395289182662963867e-02
-2.815931439399719238e-01
4.515375204888982807e-03
4.297965764999389648e-02
-3.470585346221923828e-01
-2.434245814995961155e-03
4.841056466102600098e-02
-3.997644782066345215e-01
-7.471479281278448070e-03
1.241943240165710449e-02
-1.891397237777709961e-01
-3.925202220173673595e-03
3.157743811607360840e-02
-2.917270064353942871e-01
-1.377760413238604542e-02
4.215520620346069336e-02
-3.604254722595214844e-01
-2.102521415004332539e-02
5.031692981719970703e-02
-4.249556660652160645e-01
-2.593205849775870320e-02
1.649391651153564453e-02
-1.829865574836730957e-01
-2.191826681742270466e-02
3.112187981605529785e-02
-2.898954749107360840e-01
-3.012204150805075642e-02
3.995373845100402832e-02
-3.584984540939331055e-01
-3.305377978036005970e-02
4.556941986083984375e-02
-4.199603796005249023e-01
-3.486169296452601429e-02
2.939325571060180664e-02
-1.733233928680419922e-01
-3.951722550341685292e-02
3.484854102134704590e-02
-2.607741951942443848e-01
-4.520503598401148793e-02
3.797209262847900391e-02
-3.167727589607238770e-01
-4.511810260960658070e-02
4.000473022460937500e-02
-3.651275038719177246e-01
-4.501078444668848988e-02
