0.000000000000000000e+00
0.000000000000000000e+00
0.000000000000000000e+00
1.234760880470275879e-02
-7.229131460189819336e-02
1.589283031296417903e-02
1.824331283569335938e-02
-1.737233400344848633e-01
1.559522618424580287e-02
2.627742290496826172e-02
-2.453492283821105957e-01
9.676323839244105329e-03
2.946233749389648438e-02
-3.041631579399108887e-01
2.894123186138131132e-03
2.112299203872680664e-03
-2.244573831558227539e-01
2.583132925224163046e-03
1.445055007934570312e-02
-3.396995067596435547e-01
-1.232712752300813008e-02
2.309551835060119629e-02
-4.173279404640197754e-01
-2.279436717856242467e-02
3.056624531745910645e-02
-4.792322814464569092e-01
-3.007992859113528539e-02
-9.596347808837890625e-05
-2.179967164993286133e-01
-1.784431691396548558e-02
1.515865325927734375e-02
-3.526645600795745850e-01
-3.234302009570910741e-02
2.582710981369018555e-02
-4.407598972320556641e-01
-4.273897166478946019e-02
3.429856896400451660e-02
-5.154742598533630371e-01
-5.035921315777613927e-02
1.991003751754760742e-03
-2.088190913200378418e-01
-3.773673380840136815e-02
1.400130987167358398e-02
-3.480878174304962158e-01
-4.708890373933627416e-02
2.191266417503356934e-02
-4.350822865962982178e-01
-5.239977817166163732e-02
2.807074785232543945e-02
-5.062794983386993408e-01
-5.755023415315463353e-02
9.263247251510620117e-03
-2.007108926773071289e-01
-5.700200925696208287e-02
1.446631550788879395e-02
-3.004005551338195801e-01
-6.351685281026675511e-02
1.838481426239013672e-02
-3.685659468173980713e-01
-6.620933617580249120e-02
2.339109778404235840e-02
-4.261190891265869141e-01
-6.925336028564288426e-02
