0.000000000000000000e+00
0.000000000000000000e+00
0.000000000000000000e+00
1.307547092437744141e-03
-6.921601295471191406e-02
1.707486662829182933e-02
8.334934711456298828e-03
-1.578918695449829102e-01
2.019135508501790355e-02
1.828536391258239746e-02
-2.134746909141540527e-01
1.649757887983582805e-02
2.743968367576599121e-02
-2.581673264503479004e-01
1.229625608587525676e-02
1.632717251777648926e-02
-2.113832235336303711e-01
2.061211172306798289e-02
3.533989191055297852e-02
-3.116216659545898438e-01
1.432066544705890010e-02
4.731139540672302246e-02
-3.788261413574218750e-01
9.689878148975594740e-03
5.673944950103759766e-02
-4.309541583061218262e-01
6.092674041184409361e-03
1.812461018562316895e-02
-2.111936211585998535e-01
2.002870373445375662e-03
3.942516446113586426e-02
-3.284949660301208496e-01
-3.170214185473696489e-03
5.382978916168212891e-02
-3.970267772674560547e-01
-7.668101286498085756e-03
6.674295663833618164e-02
-4.525886774063110352e-01
-1.084030751323439290e-02
2.512660622596740723e-02
-2.035820484161376953e-01
-1.700361777281500508e-02
4.295423626899719238e-02
-3.236109614372253418e-01
-1.953744102453924825e-02
5.546686053276062012e-02
-3.890492618083953857e-01
-1.935490925049521138e-02
6.505554914474487305e-02
-4.415362477302551270e-01
-1.996174227630831410e-02
3.761661052703857422e-02
-1.903033852577209473e-01
-3.590313490664698293e-02
4.704400897026062012e-02
-2.891324162483215332e-01
-3.609364252722002675e-02
5.309486389160156250e-02
-3.466981649398803711e-01
-3.333794098531939198e-02
5.873075127601623535e-02
-3.938777446746826172e-01
-3.186806436812616994e-02
