0.000000000000000000e+00
0.000000000000000000e+00
0.000000000000000000e+00
-9.347587823867797852e-03
-1.034602522850036621e-01
2.015903468691249145e-02
-1.089969277381896973e-02
-2.058747410774230957e-01
2.194857473932643188e-02
-5.813181400299072266e-03
-2.848329544067382812e-01
1.799723010026355041e-02
-4.761159420013427734e-03
-3.456480801105499268e-01
1.229839182906289352e-02
-1.894629001617431641e-02
-2.379843592643737793e-01
-6.708699047521804459e-04
1.773715019226074219e-03
-3.588259518146514893e-01
-1.673830423987965332e-02
1.353225111961364746e-02
-4.395520091056823730e-01
-2.655306954420666443e-02
2.489641308784484863e-02
-5.070090889930725098e-01
-3.334202554560761200e-02
-1.509496569633483887e-02
-2.313685417175292969e-01
-2.278023522831063019e-02
8.152037858963012695e-03
-3.722126483917236328e-01
-4.216031667328934418e-02
2.235960960388183594e-02
-4.647759795188903809e-01
-5.393184286094765412e-02
3.452247381210327148e-02
-5.423745512962341309e-01
-6.199850824214081513e-02
-4.431724548339843750e-03
-2.166633009910583496e-01
-4.330637243128876435e-02
1.662522554397583008e-02
-3.548788726329803467e-01
-5.864731904603104340e-02
2.946472167968750000e-02
-4.427474141120910645e-01
-6.615457248426537262e-02
3.929033875465393066e-02
-5.108104944229125977e-01
-7.132661652303795563e-02
1.309767365455627441e-02
-1.974974274635314941e-01
-6.230088260508637177e-02
2.250728011131286621e-02
-3.016772866249084473e-01
-7.503325056768517243e-02
2.862054109573364258e-02
-3.713248074054718018e-01
-8.117210429645638214e-02
3.427582979202270508e-02
-4.288971424102783203e-01
-8.584182274080376374e-02
