0.000000000000000000e+00
0.000000000000000000e+00
0.000000000000000000e+00
-1.227599382400512695e-02
-9.473454952239990234e-02
2.310906435317860996e-02
-1.763513684272766113e-02
-1.958729028701782227e-01
2.393780733413564121e-02
-1.396146416664123535e-02
-2.672622799873352051e-01
1.839532042808400547e-02
-8.224546909332275391e-03
-3.251384794712066650e-01
1.052983283020125782e-02
-2.091655135154724121e-02
-2.329208254814147949e-01
-3.108837726045976524e-03
1.930147409439086914e-03
-3.543661832809448242e-01
-1.979717527561319912e-02
1.566848158836364746e-02
-4.320051670074462891e-01
-2.977186729245318020e-02
2.812460064888000488e-02
-4.967128336429595947e-01
-3.691334006421698177e-02
-1.469925045967102051e-02
-2.240443825721740723e-01
-2.753953178458345974e-02
1.008895039558410645e-02
-3.702409863471984863e-01
-4.540792954199446285e-02
2.607628703117370605e-02
-4.586823284626007080e-01
-5.585678768389357174e-02
3.922557830810546875e-02
-5.326771140098571777e-01
-6.360268694393766964e-02
-2.584964036941528320e-03
-2.079465985298156738e-01
-5.010126260154379452e-02
1.663509011268615723e-02
-3.533696830272674561e-01
-6.388163668148649776e-02
2.953219413757324219e-02
-4.401301145553588867e-01
-7.064055752985609615e-02
4.017078876495361328e-02
-5.098879933357238770e-01
-7.648108256094587887e-02
1.588818430900573730e-02
-1.896948218345642090e-01
-7.080834460489882076e-02
2.493214607238769531e-02
-2.948759496212005615e-01
-8.269293707840574825e-02
3.038370609283447266e-02
-3.649280369281768799e-01
-8.849335563414229000e-02
3.649324178695678711e-02
-4.245092868804931641e-01
-9.364348006479872311e-02
