0.000000000000000000e+00
0.000000000000000000e+00
0.000000000000000000e+00
-9.545713663101196289e-03
-9.609681367874145508e-02
2.169968451460135839e-02
-1.086780428886413574e-02
-2.007846832275390625e-01
2.189994121988547704e-02
-3.934085369110107422e-03
-2.769121527671813965e-01
1.604522283275855443e-02
3.214478492736816406e-03
-3.348496556282043457e-01
8.053671411175855610e-03
-1.487565040588378906e-02
-2.371136546134948730e-01
-5.680897430579534557e-03
7.084190845489501953e-03
-3.608392477035522461e-01
-2.140269164840447047e-02
2.026247978210449219e-02
-4.359803795814514160e-01
-2.990563881496655085e-02
3.265655040740966797e-02
-4.982177615165710449e-01
-3.590165746311413386e-02
-9.494781494140625000e-03
-2.259261012077331543e-01
-2.940452207724320033e-02
1.415491104125976562e-02
-3.712294995784759521e-01
-4.638316032389866450e-02
2.933332324028015137e-02
-4.587522745132446289e-01
-5.560621541837917903e-02
4.220697283744812012e-02
-5.310002565383911133e-01
-6.251719516615139582e-02
2.860218286514282227e-03
-2.071555256843566895e-01
-5.128980723122822383e-02
2.346098423004150391e-02
-3.523266613483428955e-01
-6.401420307258831599e-02
3.728514909744262695e-02
-4.372361898422241211e-01
-7.020194006065594294e-02
4.868826270103454590e-02
-5.058324038982391357e-01
-7.585575354198681453e-02
2.281543612480163574e-02
-1.865038275718688965e-01
-7.147272598842846492e-02
3.234708309173583984e-02
-2.921379804611206055e-01
-8.284297508100735286e-02
3.785511851310729980e-02
-3.624477982521057129e-01
-8.864231330255734065e-02
4.337170720100402832e-02
-4.231297671794891357e-01
-9.389170926908718684e-02
