0.000000000000000000e+00
0.000000000000000000e+00
0.000000000000000000e+00
-2.317529916763305664e-02
-9.751260280609130859e-02
2.222299998240373498e-02
-3.818827867507934570e-02
-2.010233998298645020e-01
2.607359228269956475e-02
-4.526773095130920410e-02
-2.773751616477966309e-01
2.374581670002839928e-02
-5.270895361900329590e-02
-3.374226093292236328e-01
1.894788307683370476e-02
-1.707011461257934570e-02
-2.587069869041442871e-01
7.644021917002419286e-03
-2.059206366539001465e-02
-3.716307580471038818e-01
-4.742151092870017237e-03
-2.139854431152343750e-02
-4.487826526165008545e-01
-1.505815187854864234e-02
-2.188351750373840332e-02
-5.175893008708953857e-01
-2.340729484720327491e-02
-1.178851723670959473e-02
-2.547655105590820312e-01
-1.356886649890043373e-02
-1.708555221557617188e-02
-3.907629847526550293e-01
-2.826929601295091743e-02
-1.873263716697692871e-02
-4.771533012390136719e-01
-3.912522035105325813e-02
-1.975062489509582520e-02
-5.547478199005126953e-01
-4.816966640217401618e-02
-1.173332333564758301e-02
-2.343514561653137207e-01
-3.327749060852625007e-02
-1.532742381095886230e-02
-3.680931627750396729e-01
-4.400153594477274055e-02
-1.823842525482177734e-02
-4.545418620109558105e-01
-4.958003150684930915e-02
-1.765188574790954590e-02
-5.223288536071777344e-01
-5.533722551925279731e-02
-1.724323630332946777e-02
-2.059932947158813477e-01
-5.148195611698724861e-02
-2.057936787605285645e-02
-3.037515282630920410e-01
-6.148336219055750007e-02
-2.384746074676513672e-02
-3.734718859195709229e-01
-6.685350226624109382e-02
-2.421864867210388184e-02
-4.336378872394561768e-01
-7.237849520905115241e-02
