0.000000000000000000e+00
0.000000000000000000e+00
0.000000000000000000e+00
3.621429204940795898e-03
-9.560102224349975586e-02
1.964979347083328776e-02
7.842481136322021484e-04
-1.992135643959045410e-01
2.329779144618271403e-02
1.359254121780395508e-03
-2.699533104896545410e-01
2.032741073760746531e-02
-2.606064081192016602e-03
-3.264454901218414307e-01
1.610432666036842875e-02
4.006296396255493164e-03
-2.404773831367492676e-01
1.480289183798788599e-02
3.308445215225219727e-03
-3.506513833999633789e-01
2.421712346929894011e-03
5.996763706207275391e-03
-4.286449849605560303e-01
-8.584882055785669763e-03
8.976638317108154297e-03
-4.919764101505279541e-01
-1.665097001698256918e-02
3.997117280960083008e-03
-2.363249063491821289e-01
-5.981298086609854181e-03
2.125978469848632812e-03
-3.643554449081420898e-01
-1.826415668931247183e-02
5.021572113037109375e-03
-4.501104652881622314e-01
-2.879448134210349508e-02
8.179336786270141602e-03
-5.222516357898712158e-01
-3.694255549218894430e-02
1.137286424636840820e-03
-2.235631346702575684e-01
-2.663723837342502065e-02
-2.819657325744628906e-03
-3.549082577228546143e-01
-3.462012383845092245e-02
-1.391738653182983398e-03
-4.387847185134887695e-01
-3.935897249486686178e-02
1.016288995742797852e-03
-5.046102702617645264e-01
-4.408432442453147360e-02
-4.543662071228027344e-03
-2.069271206855773926e-01
-4.652292925622703024e-02
-8.986502885818481445e-03
-3.026400208473205566e-01
-5.202619258072616049e-02
-8.425712585449218750e-03
-3.675741553306579590e-01
-5.428988013174773641e-02
-6.640970706939697266e-03
-4.219651520252227783e-01
-5.726932260897399374e-02
