0.000000000000000000e+00
0.000000000000000000e+00
0.000000000000000000e+00
5.313131213188171387e-02
-1.126165390014648438e-01
-8.024357946638360772e-03
7.599928975105285645e-02
-2.215025424957275391e-01
-5.893052311662927423e-03
8.053630590438842773e-02
-2.877300381660461426e-01
-3.568574775059119020e-03
8.194988965988159180e-02
-3.206282854080200195e-01
6.241954928043469408e-05
1.214733719825744629e-02
-2.627020478248596191e-01
1.307839179592917844e-02
5.733841657638549805e-02
-2.774567008018493652e-01
7.947944348629221167e-03
7.088834047317504883e-02
-2.333581447601318359e-01
-2.503728482921019349e-03
6.455075740814208984e-02
-2.051216959953308105e-01
-9.992333816413179193e-03
-1.118817925453186035e-02
-2.474487423896789551e-01
1.518949425029347822e-02
4.214176535606384277e-02
-2.563135623931884766e-01
9.036647399838670935e-03
5.523398518562316895e-02
-2.089331746101379395e-01
-3.395841911483898912e-03
4.787531495094299316e-02
-1.718937754631042480e-01
-1.106924073589254931e-02
-2.471199631690979004e-02
-2.200788259506225586e-01
1.584414789634536191e-02
2.335512638092041016e-02
-2.308720946311950684e-01
8.142701594110235419e-03
3.727227449417114258e-02
-1.911261677742004395e-01
1.679335149887606349e-03
3.285208344459533691e-02
-1.569260954856872559e-01
-5.439730482663662769e-04
-3.266158699989318848e-02
-1.911673545837402344e-01
1.610636921780894681e-02
-3.257006406784057617e-03
-2.025635242462158203e-01
1.048131684022735044e-02
9.553939104080200195e-03
-1.740936040878295898e-01
1.046367200272868558e-02
1.098886132240295410e-02
-1.482399702072143555e-01
1.305216016429255887e-02
