0.000000000000000000e+00
0.000000000000000000e+00
0.000000000000000000e+00
3.883779048919677734e-03
-8.079677820205688477e-02
1.578149816333507260e-02
1.050466299057006836e-02
-1.597818136215209961e-01
1.879434718131278714e-02
1.797670125961303711e-02
-2.151569128036499023e-01
1.619569829045985898e-02
2.401024103164672852e-02
-2.596263885498046875e-01
1.320475956737254819e-02
1.042053103446960449e-02
-1.940360665321350098e-01
1.400933472751830777e-02
2.798959612846374512e-02
-2.836614847183227539e-01
4.553547243915545550e-03
3.602576255798339844e-02
-3.497270941734313965e-01
-2.568430152393830213e-03
4.113173484802246094e-02
-4.022633433341979980e-01
-7.788232878453982266e-03
9.842902421951293945e-03
-1.906996369361877441e-01
-4.000932794667733106e-03
2.762764692306518555e-02
-2.935483455657958984e-01
-1.341136393756414691e-02
3.750768303871154785e-02
-3.628584146499633789e-01
-2.031922096074367801e-02
4.550608992576599121e-02
-4.248434305191040039e-01
-2.513465413511539737e-02
1.469254493713378906e-02
-1.840519905090332031e-01
-2.209757396639133731e-02
2.815037965774536133e-02
-2.904116511344909668e-01
-2.976960630775238315e-02
3.605246543884277344e-02
-3.591656088829040527e-01
-3.221125842691208163e-02
4.123097658157348633e-02
-4.184914231300354004e-01
-3.394126834035660067e-02
2.725729346275329590e-02
-1.730977892875671387e-01
-3.979958163262153903e-02
3.172212839126586914e-02
-2.593771815299987793e-01
-4.564507620096946994e-02
3.393727540969848633e-02
-3.154363036155700684e-01
-4.579615534902359286e-02
3.564584255218505859e-02
-3.634200096130371094e-01
-4.591526033044601718e-02
