0.000000000000000000e+00
0.000000000000000000e+00
0.000000000000000000e+00
-1.269116997718811035e-02
-9.090167284011840820e-02
2.150066576663789419e-02
-2.035465836524963379e-02
-1.962076425552368164e-01
2.263144224647817282e-02
-2.037006616592407227e-02
-2.722991108894348145e-01
1.798326529328164725e-02
-1.927199959754943848e-02
-3.283045589923858643e-01
1.124306961659726767e-02
-2.196335792541503906e-02
-2.403249740600585938e-01
-1.794753640439239462e-03
-2.317875623703002930e-03
-3.624885976314544678e-01
-1.622254953022661539e-02
1.095086336135864258e-02
-4.400743246078491211e-01
-2.469960406656923624e-02
2.359569072723388672e-02
-5.033165216445922852e-01
-3.080948248739900919e-02
-1.501166820526123047e-02
-2.328077554702758789e-01
-2.481476769085588785e-02
5.885869264602661133e-03
-3.778472244739532471e-01
-4.042491682108106943e-02
2.035918831825256348e-02
-4.669769108295440674e-01
-4.881138347323599191e-02
3.243726491928100586e-02
-5.391568541526794434e-01
-5.514024190838995310e-02
-3.167450428009033203e-03
-2.163156270980834961e-01
-4.628872491653623911e-02
1.504644751548767090e-02
-3.601965606212615967e-01
-5.778853588040533396e-02
2.778917551040649414e-02
-4.460587501525878906e-01
-6.255913518603506418e-02
3.820714354515075684e-02
-5.133134424686431885e-01
-6.721459321911993356e-02
1.458638906478881836e-02
-1.953986287117004395e-01
-6.624690436061086984e-02
2.213218808174133301e-02
-3.011951446533203125e-01
-7.668016843732061716e-02
2.773916721343994141e-02
-3.717280328273773193e-01
-8.148960761960211130e-02
3.333818912506103516e-02
-4.309053719043731689e-01
-8.597142242129507395e-02
