0.000000000000000000e+00
0.000000000000000000e+00
0.000000000000000000e+00
-1.224344968795776367e-02
-9.397953748703002930e-02
1.815111273663205793e-02
-1.465603709220886230e-02
-1.983436346054077148e-01
1.700827004151506117e-02
-9.507477283477783203e-03
-2.748124003410339355e-01
1.042098821835679701e-02
-3.860831260681152344e-03
-3.339876532554626465e-01
1.473810195420810487e-03
-9.365200996398925781e-03
-2.340846061706542969e-01
-9.884146137665084098e-03
9.887158870697021484e-03
-3.594954013824462891e-01
-2.727511627836065600e-02
2.142307162284851074e-02
-4.373287558555603027e-01
-3.665422750873403857e-02
3.325313329696655273e-02
-5.022575557231903076e-01
-4.298193110389547655e-02
-2.735704183578491211e-03
-2.237974405288696289e-01
-3.243782846493559191e-02
1.966285705566406250e-02
-3.687694072723388672e-01
-5.148720098895864794e-02
3.348821401596069336e-02
-4.597538113594055176e-01
-6.186505509776907274e-02
4.661881923675537109e-02
-5.344310104846954346e-01
-6.896562231941061327e-02
9.421795606613159180e-03
-2.049814462661743164e-01
-5.320381848378019640e-02
2.883467078208923340e-02
-3.485228419303894043e-01
-6.736211581392126391e-02
4.094585776329040527e-02
-4.351841509342193604e-01
-7.388986749811010668e-02
5.207809805870056152e-02
-5.053659379482269287e-01
-7.922100378436880419e-02
2.799430489540100098e-02
-1.819732785224914551e-01
-7.249847157163458178e-02
3.643879294395446777e-02
-2.868152856826782227e-01
-8.436714215440588305e-02
4.101446270942687988e-02
-3.554477989673614502e-01
-8.931949092311697314e-02
4.628986120223999023e-02
-4.136337339878082275e-01
-9.352047844095068285e-02
