0.000000000000000000e+00
0.000000000000000000e+00
0.000000000000000000e+00
-1.920393109321594238e-02
-9.117752313613891602e-02
1.818635318645078769e-02
-3.451243042945861816e-02
-1.914011240005493164e-01
2.019750144549448123e-02
-4.208341240882873535e-02
-2.660199999809265137e-01
1.720569286712247958e-02
-4.872858524322509766e-02
-3.240944743156433105e-01
1.203490983911592593e-02
-1.459074020385742188e-02
-2.463701963424682617e-01
-1.009120866513057990e-04
-1.408022642135620117e-02
-3.640616536140441895e-01
-1.482649888626497159e-02
-1.212248206138610840e-02
-4.455502629280090332e-01
-2.517255019179742703e-02
-9.679049253463745117e-03
-5.153521597385406494e-01
-3.262488167516153226e-02
-9.608656167984008789e-03
-2.433813810348510742e-01
-1.926526423326890836e-02
-8.668869733810424805e-03
-3.827579915523529053e-01
-3.704934190741937527e-02
-7.585793733596801758e-03
-4.742052853107452393e-01
-4.886710639826219449e-02
-6.142675876617431641e-03
-5.533199608325958252e-01
-5.735867094031732449e-02
-7.202595472335815430e-03
-2.268930673599243164e-01
-3.672137480012338528e-02
-5.785256624221801758e-03
-3.605457842350006104e-01
-5.010293792716424832e-02
-6.066530942916870117e-03
-4.498612880706787109e-01
-5.624008547297876248e-02
-4.237264394760131836e-03
-5.214026570320129395e-01
-6.098592277399461636e-02
-7.857322692871093750e-03
-2.033982872962951660e-01
-5.273438986174028287e-02
-9.370118379592895508e-03
-3.033257722854614258e-01
-6.399785350791376004e-02
-1.121139526367187500e-02
-3.727719187736511230e-01
-6.881384920112054715e-02
-1.126986742019653320e-02
-4.322796165943145752e-01
-7.289796691171090970e-02
