0.000000000000000000e+00
0.000000000000000000e+00
0.000000000000000000e+00
1.491039991378784180e-03
-7.749581336975097656e-02
1.016957412785046699e-02
7.436871528625488281e-03
-1.669842004776000977e-01
1.141071605807297829e-02
1.401254534721374512e-02
-2.314361333847045898e-01
8.096964166817599562e-03
1.785734295845031738e-02
-2.853382825851440430e-01
4.520678961036139754e-03
2.908495068550109863e-02
-2.119983434677124023e-01
9.983435341474944380e-03
3.573817014694213867e-02
-3.141288161277770996e-01
-1.885989049554837038e-05
3.989917039871215820e-02
-3.838599920272827148e-01
-8.484201437475746843e-03
4.305440187454223633e-02
-4.409316480159759521e-01
-1.482706603282935021e-02
2.899849414825439453e-02
-2.106481194496154785e-01
-4.544464802982872698e-03
3.762933611869812012e-02
-3.280329108238220215e-01
-1.387907837206370232e-02
4.324296116828918457e-02
-4.035240709781646729e-01
-2.157127105319744942e-02
4.839146137237548828e-02
-4.674211442470550537e-01
-2.740882889056450722e-02
2.688193321228027344e-02
-2.043359875679016113e-01
-1.969275989258534310e-02
3.576338291168212891e-02
-3.223404884338378906e-01
-2.593982212865597603e-02
3.922474384307861328e-02
-3.952223956584930420e-01
-2.936911389851815102e-02
4.180932044982910156e-02
-4.563425481319427490e-01
-3.283959806585556862e-02
2.426078915596008301e-02
-1.944643259048461914e-01
-3.491589606428391335e-02
2.927613258361816406e-02
-2.839988470077514648e-01
-4.033769101524598000e-02
3.121322393417358398e-02
-3.411592841148376465e-01
-4.216239780807740090e-02
3.384831547737121582e-02
-3.912133574485778809e-01
-4.398278326416260597e-02
