0.000000000000000000e+00
0.000000000000000000e+00
0.000000000000000000e+00
-1.280608773231506348e-02
-9.018796682357788086e-02
1.761733045120195129e-02
-1.546147465705871582e-02
-1.905620694160461426e-01
1.668179829854921081e-02
-1.124301552772521973e-02
-2.596552371978759766e-01
1.035127186466411331e-02
-5.661904811859130859e-03
-3.154419958591461182e-01
1.748391806785321023e-03
-1.075580716133117676e-02
-2.336534261703491211e-01
-7.176279525566542361e-03
1.141592860221862793e-02
-3.568222522735595703e-01
-2.393677408556982300e-02
2.535995841026306152e-02
-4.339487850666046143e-01
-3.350929493765875122e-02
3.822454810142517090e-02
-4.974959194660186768e-01
-4.001561875205084107e-02
-4.102170467376708984e-03
-2.258119583129882812e-01
-2.876652355055853150e-02
2.092075347900390625e-02
-3.703207075595855713e-01
-4.666354457597776673e-02
3.680068254470825195e-02
-4.585434794425964355e-01
-5.678184653382345459e-02
5.037796497344970703e-02
-5.319298505783081055e-01
-6.379518235783621094e-02
7.966399192810058594e-03
-2.085370421409606934e-01
-4.891138101677938721e-02
2.898144721984863281e-02
-3.537813127040863037e-01
-6.295150841336294434e-02
4.232150316238403320e-02
-4.404845237731933594e-01
-6.964855218987509033e-02
5.326402187347412109e-02
-5.099811255931854248e-01
-7.481678898196264527e-02
2.584770321846008301e-02
-1.871280074119567871e-01
-6.766246582131429932e-02
3.653398156166076660e-02
-2.951846122741699219e-01
-7.949331725697561524e-02
4.239964485168457031e-02
-3.668924272060394287e-01
-8.493838037114187500e-02
4.824587702751159668e-02
-4.277422130107879639e-01
-8.937269027094885132e-02
