0.000000000000000000e+00
0.000000000000000000e+00
0.000000000000000000e+00
-1.046630740165710449e-02
-9.370279312133789062e-02
1.994908869929190587e-02
-1.710426807403564453e-02
-1.964699029922485352e-01
1.958639443583365392e-02
-1.466941833496093750e-02
-2.720319032669067383e-01
1.380677883244629811e-02
-1.284155249595642090e-02
-3.299661278724670410e-01
5.767234961609801758e-03
-1.682266592979431152e-02
-2.400995492935180664e-01
-9.005193703700342667e-03
2.107053995132446289e-03
-3.581761121749877930e-01
-2.752782508068207790e-02
1.448628306388854980e-02
-4.359182119369506836e-01
-3.870426222019318629e-02
2.709531784057617188e-02
-5.006023645401000977e-01
-4.651291027002457668e-02
-1.297634840011596680e-02
-2.304691076278686523e-01
-3.171408280067566920e-02
7.646679878234863281e-03
-3.729287683963775635e-01
-5.351577430300835658e-02
2.289018034934997559e-02
-4.629025459289550781e-01
-6.543181567721489955e-02
3.638342022895812988e-02
-5.374470949172973633e-01
-7.384890049033288051e-02
-3.730028867721557617e-03
-2.108871936798095703e-01
-5.242945730023507167e-02
1.417845487594604492e-02
-3.500797152519226074e-01
-6.920189141564492274e-02
2.695414423942565918e-02
-4.365152120590209961e-01
-7.527315347724083949e-02
3.890737891197204590e-02
-5.051227509975433350e-01
-8.009893178277138759e-02
1.156750321388244629e-02
-1.880877017974853516e-01
-7.142330437235955287e-02
1.913714408874511719e-02
-2.898813486099243164e-01
-8.501404254965905238e-02
2.517759799957275391e-02
-3.588509559631347656e-01
-9.055302023224953700e-02
3.132107853889465332e-02
-4.173760414123535156e-01
-9.539847552113656093e-02
