0.000000000000000000e+00
0.000000000000000000e+00
0.000000000000000000e+00
-1.412755250930786133e-02
-9.412801265716552734e-02
2.502386847240245515e-02
-1.951923966407775879e-02
-1.967611908912658691e-01
2.459309639138496095e-02
-1.725915074348449707e-02
-2.729858160018920898e-01
1.776754313809192354e-02
-1.312851905822753906e-02
-3.325726091861724854e-01
8.960274213080765549e-03
-2.411150932312011719e-02
-2.330781817436218262e-01
-8.098237051541445908e-03
-2.675384283065795898e-03
-3.617425560951232910e-01
-2.487610077756130522e-02
1.070550084114074707e-02
-4.381082653999328613e-01
-3.328736296194279021e-02
2.286821603775024414e-02
-5.017391741275787354e-01
-3.906046396392071074e-02
-2.004724740982055664e-02
-2.214815616607666016e-01
-3.361629491942608183e-02
2.489566802978515625e-03
-3.722136020660400391e-01
-5.237441307204449004e-02
1.857799291610717773e-02
-4.635517001152038574e-01
-6.119867584007465666e-02
3.242132067680358887e-02
-5.373571217060089111e-01
-6.782349741357052153e-02
-8.918344974517822266e-03
-2.031701207160949707e-01
-5.661986565488064116e-02
1.054567098617553711e-02
-3.538351953029632568e-01
-6.934877282279217070e-02
2.595528960227966309e-02
-4.414885938167572021e-01
-7.383233851092541045e-02
3.957444429397583008e-02
-5.109699964523315430e-01
-7.869995927708828276e-02
1.099058985710144043e-02
-1.847088932991027832e-01
-7.756903564828121489e-02
1.996073126792907715e-02
-2.911770939826965332e-01
-8.822072839635097807e-02
2.621564269065856934e-02
-3.617048561573028564e-01
-9.299488162892544096e-02
3.249740600585937500e-02
-4.224405884742736816e-01
-9.782002663510525053e-02
