0.000000000000000000e+00
0.000000000000000000e+00
0.000000000000000000e+00
1.233547925949096680e-03
-8.948391675949096680e-02
2.396579048846092519e-02
-5.557179450988769531e-03
-1.928702592849731445e-01
2.473952397022571859e-02
-2.097487449645996094e-03
-2.673814892768859863e-01
1.728121153328743276e-02
1.835703849792480469e-03
-3.231502175331115723e-01
9.308017410972979633e-03
-4.147383570671081543e-02
-2.421212196350097656e-01
6.544771690556672183e-03
-1.773211359977722168e-02
-3.610197901725769043e-01
-1.112365760590705577e-02
2.426910400390625000e-02
-4.031248986721038818e-01
-2.089163140144023600e-02
5.568504333496093750e-02
-3.966300189495086670e-01
-2.355919816281470958e-02
-3.943356871604919434e-02
-2.345445752143859863e-01
-1.504547000612888041e-02
-1.631876826286315918e-02
-3.706152439117431641e-01
-2.885021307255897227e-02
2.974766492843627930e-02
-4.117943346500396729e-01
-3.255549297418269816e-02
6.055477261543273926e-02
-4.038991034030914307e-01
-3.352457509126338664e-02
-3.130334615707397461e-02
-2.213052511215209961e-01
-3.609628827061328593e-02
-1.216807961463928223e-02
-3.588267564773559570e-01
-4.506659359421405497e-02
3.325733542442321777e-02
-3.938956558704376221e-01
-4.399276748981151286e-02
6.547984480857849121e-02
-3.861092031002044678e-01
-4.255804271187457744e-02
-1.452714204788208008e-02
-2.057302594184875488e-01
-5.554735512222919169e-02
-3.226727247238159180e-03
-3.150467276573181152e-01
-6.156859026040706340e-02
2.737364172935485840e-02
-3.522184491157531738e-01
-5.953035727824840251e-02
5.217054486274719238e-02
-3.519569635391235352e-01
-5.695696026768359843e-02
