0.000000000000000000e+00
0.000000000000000000e+00
0.000000000000000000e+00
1.289355754852294922e-02
-7.722342014312744141e-02
8.931971604937416487e-03
2.547976374626159668e-02
-1.567041277885437012e-01
1.128992855828414577e-02
3.364834189414978027e-02
-2.083680629730224609e-01
7.725730988198620253e-03
4.038703441619873047e-02
-2.518079876899719238e-01
4.615399505013328962e-03
1.175069808959960938e-02
-2.140074968338012695e-01
1.981813691836009639e-02
3.323733806610107422e-02
-3.099735975265502930e-01
8.461085597986084395e-03
4.598987102508544922e-02
-3.825735449790954590e-01
-1.697746121323007173e-03
5.410125851631164551e-02
-4.401785135269165039e-01
-8.658823107367652483e-03
1.128098368644714355e-02
-2.150968909263610840e-01
3.614953703248602324e-03
2.939525246620178223e-02
-3.216517567634582520e-01
-7.842469510620730944e-03
4.312717914581298828e-02
-3.968915939331054688e-01
-1.821116871852268559e-02
5.347582697868347168e-02
-4.673127830028533936e-01
-2.482317343074669225e-02
2.083417773246765137e-02
-2.133665084838867188e-01
-1.424609079677452428e-02
3.630721569061279297e-02
-3.255831003189086914e-01
-2.398471303004612309e-02
4.774966835975646973e-02
-3.963652849197387695e-01
-2.933168925065388066e-02
5.600571632385253906e-02
-4.597827494144439697e-01
-3.193079076427807195e-02
4.414057731628417969e-02
-2.067425251007080078e-01
-3.284323356766094548e-02
5.186685919761657715e-02
-2.994853258132934570e-01
-3.833620018977512700e-02
5.760428309440612793e-02
-3.586430549621582031e-01
-3.826040170807232244e-02
6.280210614204406738e-02
-4.097161889076232910e-01
-3.772821791190494878e-02
