0.000000000000000000e+00
0.000000000000000000e+00
0.000000000000000000e+00
-1.337885856628417969e-02
-9.391129016876220703e-02
1.994170508729098401e-02
-1.771414279937744141e-02
-1.986675262451171875e-01
1.883676163302538953e-02
-1.454958319664001465e-02
-2.760904431343078613e-01
1.238001956986067853e-02
-1.074513792991638184e-02
-3.365957140922546387e-01
3.666410729380231714e-03
-1.786789298057556152e-02
-2.303179502487182617e-01
-1.277397778434874454e-02
6.572902202606201172e-04
-3.570189774036407471e-01
-3.019331694198967853e-02
1.184403896331787109e-02
-4.337999224662780762e-01
-3.880914226724030414e-02
2.357369661331176758e-02
-4.976477026939392090e-01
-4.463032186581017413e-02
-1.150822639465332031e-02
-2.190371751785278320e-01
-3.604105040980698504e-02
9.685784578323364258e-03
-3.676826059818267822e-01
-5.529525802089096942e-02
2.301663160324096680e-02
-4.587211012840270996e-01
-6.488615200473191180e-02
3.528141975402832031e-02
-5.325524210929870605e-01
-7.181263641072632709e-02
4.379749298095703125e-04
-2.004253864288330078e-01
-5.708078221036316791e-02
1.914590597152709961e-02
-3.475464582443237305e-01
-7.098612115336777606e-02
3.186240792274475098e-02
-4.336998462677001953e-01
-7.701621130658509173e-02
4.315817356109619141e-02
-5.025951266288757324e-01
-8.263429925395371356e-02
1.850652694702148438e-02
-1.794159412384033203e-01
-7.638876811219574847e-02
2.644091844558715820e-02
-2.834066748619079590e-01
-8.914336488200547137e-02
3.137063980102539062e-02
-3.532037138938903809e-01
-9.534769431306244769e-02
3.678762912750244141e-02
-4.126060903072357178e-01
-1.007986210341584865e-01
