0.000000000000000000e+00
0.000000000000000000e+00
0.000000000000000000e+00
2.164646983146667480e-02
-5.384171009063720703e-02
1.968706282582388667e-03
3.661510348320007324e-02
-1.295038461685180664e-01
-1.081742905284954759e-03
4.916602373123168945e-02
-1.767061948776245117e-01
-8.844557893667115422e-03
5.686935782432556152e-02
-2.196689248085021973e-01
-1.633657396325816080e-02
8.934408426284790039e-03
-2.206174135208129883e-01
6.086916453000412730e-03
3.137484192848205566e-02
-3.211176395416259766e-01
-9.851926681790246221e-03
4.667961597442626953e-02
-3.943644165992736816e-01
-2.299044535050143168e-02
5.905196070671081543e-02
-4.529234766960144043e-01
-3.197366625556696818e-02
5.219608545303344727e-03
-2.235625982284545898e-01
-8.676624600980176183e-03
2.541568875312805176e-02
-3.402683138847351074e-01
-2.440327845999945566e-02
4.327741265296936035e-02
-4.182701110839843750e-01
-3.753024966010798380e-02
5.886465311050415039e-02
-4.877834320068359375e-01
-4.597996801624049112e-02
1.147228479385375977e-02
-2.186223268508911133e-01
-2.518229067811716959e-02
2.996560931205749512e-02
-3.395326733589172363e-01
-4.024981216082323954e-02
4.719564318656921387e-02
-4.141809940338134766e-01
-4.963761449346293375e-02
6.183433532714843750e-02
-4.782742857933044434e-01
-5.475725859889735148e-02
3.036847710609436035e-02
-2.064729928970336914e-01
-4.239229366669405863e-02
4.568046331405639648e-02
-2.984806299209594727e-01
-5.293005958685625956e-02
5.670115351676940918e-02
-3.579473495483398438e-01
-5.627383172998179361e-02
6.732115149497985840e-02
-4.100703597068786621e-01
-5.799724415430773661e-02
