0.000000000000000000e+00
0.000000000000000000e+00
0.000000000000000000e+00
4.305005073547363281e-02
-4.039746522903442383e-02
-1.214706408063648269e-04
6.074154376983642578e-02
-1.094903945922851562e-01
-1.548346603158279322e-03
7.351109385490417480e-02
-1.560876965522766113e-01
-7.190292124505504034e-03
8.544483780860900879e-02
-2.087769508361816406e-01
-1.210002264087961521e-02
9.513139724731445312e-03
-2.115107178688049316e-01
1.060567481363250408e-02
3.806787729263305664e-02
-2.966414093971252441e-01
-5.160751641597016715e-03
6.304475665092468262e-02
-3.628794550895690918e-01
-1.985965890889929142e-02
8.199241757392883301e-02
-4.147736430168151855e-01
-2.987366763954923954e-02
2.702891826629638672e-03
-2.163929343223571777e-01
-9.224091827491065487e-04
3.101676702499389648e-02
-3.166738152503967285e-01
-1.675792446440027561e-02
5.673483014106750488e-02
-3.883892893791198730e-01
-3.144586308008001652e-02
7.868880033493041992e-02
-4.500753283500671387e-01
-4.037154315119551029e-02
8.380055427551269531e-03
-2.086253166198730469e-01
-1.455409301524923649e-02
3.708419203758239746e-02
-3.135182261466979980e-01
-3.141473082905577030e-02
6.119352579116821289e-02
-3.838512301445007324e-01
-4.316745920186804142e-02
8.192425966262817383e-02
-4.424291849136352539e-01
-4.878422839647100773e-02
2.815273404121398926e-02
-1.891061067581176758e-01
-2.877555450504587498e-02
5.558115243911743164e-02
-2.602936029434204102e-01
-4.241386650210188236e-02
7.393926382064819336e-02
-3.090041875839233398e-01
-4.798037780528829899e-02
9.006389975547790527e-02
-3.480176925659179688e-01
-5.007641611700819340e-02
