0.000000000000000000e+00
0.000000000000000000e+00
0.000000000000000000e+00
4.676103591918945312e-03
-7.042384147644042969e-02
1.471868203650217310e-02
1.626721024513244629e-02
-1.619123220443725586e-01
1.787774497340421931e-02
2.970013022422790527e-02
-2.195512056350708008e-01
1.503311516414385096e-02
3.964716196060180664e-02
-2.655799984931945801e-01
1.188837596843939082e-02
2.286526560783386230e-02
-2.117934823036193848e-01
1.848979340563516871e-02
4.162460565567016602e-02
-3.138060569763183594e-01
1.118387514422636286e-02
5.371239781379699707e-02
-3.799322843551635742e-01
5.537729241652300516e-03
6.364911794662475586e-02
-4.304401874542236328e-01
1.607453913194945017e-03
2.633365988731384277e-02
-2.125768065452575684e-01
1.852692916756382147e-03
4.553750157356262207e-02
-3.294534683227539062e-01
-3.764651718782374701e-03
5.980271100997924805e-02
-3.983084261417388916e-01
-8.945304437773415884e-03
7.236650586128234863e-02
-4.527224004268646240e-01
-1.268973527778882726e-02
3.396931290626525879e-02
-2.061715722084045410e-01
-1.536042755772371038e-02
4.948776960372924805e-02
-3.253633975982666016e-01
-1.807764871348638280e-02
6.082454323768615723e-02
-3.918155729770660400e-01
-1.869615866174001440e-02
6.969034671783447266e-02
-4.433381259441375732e-01
-1.995498827029962285e-02
4.614108800888061523e-02
-1.952258944511413574e-01
-3.262056550313729986e-02
5.269154906272888184e-02
-2.932701706886291504e-01
-3.278892999817628606e-02
5.785503983497619629e-02
-3.509528636932373047e-01
-3.054003930022020086e-02
6.306111812591552734e-02
-3.967237472534179688e-01
-2.956147445668477758e-02
