0.000000000000000000e+00
0.000000000000000000e+00
0.000000000000000000e+00
4.592537879943847656e-03
-8.178311586380004883e-02
1.537616854862733362e-02
1.427701115608215332e-02
-1.614912152290344238e-01
1.929325728075070856e-02
2.408090233802795410e-02
-2.154710888862609863e-01
1.760152286247773645e-02
3.095087409019470215e-02
-2.592923641204833984e-01
1.570411144153638361e-02
1.490119099617004395e-02
-1.948407888412475586e-01
1.687818510787053583e-02
3.322061896324157715e-02
-2.816160917282104492e-01
8.618184610767798404e-03
4.158467054367065430e-02
-3.465074300765991211e-01
1.880855312137441615e-03
4.605579376220703125e-02
-3.994984030723571777e-01
-3.212473109797997495e-03
1.397904753684997559e-02
-1.921497583389282227e-01
-5.151899405433368884e-04
3.335955739021301270e-02
-2.912430167198181152e-01
-8.785019383267922422e-03
4.313269257545471191e-02
-3.594186305999755859e-01
-1.570195214493708136e-02
5.060845613479614258e-02
-4.234160184860229492e-01
-2.061975070877508642e-02
1.820966601371765137e-02
-1.850210428237915039e-01
-1.815838994129137518e-02
3.378421068191528320e-02
-2.868315577507019043e-01
-2.520861731512979986e-02
4.180639982223510742e-02
-3.533726930618286133e-01
-2.782329985542730810e-02
4.625186324119567871e-02
-4.134259819984436035e-01
-2.968955108566717627e-02
2.941942214965820312e-02
-1.731107234954833984e-01
-3.551484713001684668e-02
3.598478436470031738e-02
-2.570244669914245605e-01
-4.062961855574087622e-02
3.872287273406982422e-02
-3.105834722518920898e-01
-4.042775625033812048e-02
4.013964533805847168e-02
-3.575441241264343262e-01
-4.035844722433523657e-02
