0.000000000000000000e+00
0.000000000000000000e+00
0.000000000000000000e+00
-1.032337546348571777e-02
-9.003704786300659180e-02
1.552767342454330901e-02
-1.224899291992187500e-02
-1.931603550910949707e-01
1.236924285566942672e-02
-6.389439105987548828e-03
-2.677938342094421387e-01
4.294535038383173742e-03
-4.216134548187255859e-04
-3.246224522590637207e-01
-6.184471877901387415e-03
-8.169174194335937500e-03
-2.302833795547485352e-01
-1.586954911672933122e-02
1.195859909057617188e-02
-3.576417267322540283e-01
-3.508910594010217210e-02
2.522093057632446289e-02
-4.343637526035308838e-01
-4.562545997524125596e-02
3.790459036827087402e-02
-4.983676075935363770e-01
-5.276973230266435166e-02
-1.686066389083862305e-03
-2.184582948684692383e-01
-3.762218785905702134e-02
2.122044563293457031e-02
-3.686667382717132568e-01
-5.842362774038178941e-02
3.646361827850341797e-02
-4.588615894317626953e-01
-7.015674245977265855e-02
4.983493685722351074e-02
-5.338930189609527588e-01
-7.844672781848771592e-02
1.091539859771728516e-02
-1.983265876770019531e-01
-5.748608020567758103e-02
3.129458427429199219e-02
-3.479036390781402588e-01
-7.335223687314851304e-02
4.471611976623535156e-02
-4.346971511840820312e-01
-8.079137337827546617e-02
5.646947026252746582e-02
-5.045939981937408447e-01
-8.675276917838914414e-02
3.082552552223205566e-02
-1.742898821830749512e-01
-7.594394368553025743e-02
4.115974903106689453e-02
-2.821754813194274902e-01
-8.911218923950059434e-02
4.713183641433715820e-02
-3.530116081237792969e-01
-9.505861682319505235e-02
5.327045917510986328e-02
-4.141732752323150635e-01
-1.000790266456590416e-01
