0.000000000000000000e+00
0.000000000000000000e+00
0.000000000000000000e+00
-1.448622345924377441e-02
-8.749395608901977539e-02
1.619332078237789574e-02
-1.863205432891845703e-02
-1.895810961723327637e-01
1.460930592705267372e-02
-1.392728090286254883e-02
-2.622665762901306152e-01
8.156855398311790850e-03
-8.968114852905273438e-03
-3.189239501953125000e-01
-4.595760724157571531e-04
-1.758998632431030273e-02
-2.373457551002502441e-01
-1.150021814416390953e-02
5.041927099227905273e-03
-3.585667908191680908e-01
-2.878146079044086036e-02
1.914259791374206543e-02
-4.332085549831390381e-01
-3.853718769411784706e-02
3.174126148223876953e-02
-4.956160485744476318e-01
-4.525769707422000465e-02
-1.103726029396057129e-02
-2.272024154663085938e-01
-3.248075228790980873e-02
1.429077982902526855e-02
-3.710157573223114014e-01
-5.138585549454433021e-02
3.015264868736267090e-02
-4.575665593147277832e-01
-6.165684965114337501e-02
4.265278577804565430e-02
-5.311211645603179932e-01
-6.885230374197703895e-02
1.523047685623168945e-03
-2.073199748992919922e-01
-5.180525612692576942e-02
2.239787578582763672e-02
-3.510449826717376709e-01
-6.695613098005992470e-02
3.507760167121887207e-02
-4.367295801639556885e-01
-7.363200020651561317e-02
4.492238163948059082e-02
-5.058168768882751465e-01
-7.866504621367198524e-02
2.049583196640014648e-02
-1.829686760902404785e-01
-6.975057554106456337e-02
3.069147467613220215e-02
-2.917550504207611084e-01
-8.239706438641292152e-02
3.610405325889587402e-02
-3.627823293209075928e-01
-8.781993967156154213e-02
4.128715395927429199e-02
-4.225350916385650635e-01
-9.218417686085444984e-02
