0.000000000000000000e+00
0.000000000000000000e+00
0.000000000000000000e+00
3.296434879302978516e-04
-6.707412004470825195e-02
1.045106276157525826e-02
7.504433393478393555e-03
-1.474879980087280273e-01
1.000679022851613809e-02
1.563104987144470215e-02
-1.984955072402954102e-01
4.604662947684801111e-03
2.489674091339111328e-02
-2.400713562965393066e-01
-1.204783732674741259e-03
1.385861635208129883e-02
-2.044378519058227539e-01
1.137481834027198602e-02
3.290095925331115723e-02
-2.991832494735717773e-01
1.071467941955006609e-03
4.330217838287353516e-02
-3.694523572921752930e-01
-7.216993074536048880e-03
5.070340633392333984e-02
-4.263922870159149170e-01
-1.315811444786163520e-02
1.645892858505249023e-02
-2.036904096603393555e-01
-4.573600653230869284e-03
3.666493296623229980e-02
-3.116560578346252441e-01
-1.380932033774229239e-02
4.952844977378845215e-02
-3.831684589385986328e-01
-2.188827452030750464e-02
6.098273396492004395e-02
-4.453561305999755859e-01
-2.728439663317772101e-02
2.431064844131469727e-02
-1.977602243423461914e-01
-2.093999256160827827e-02
3.912028670310974121e-02
-3.098720908164978027e-01
-2.746857126024337958e-02
4.939740896224975586e-02
-3.798548579216003418e-01
-2.993774582412811469e-02
5.733349919319152832e-02
-4.390166103839874268e-01
-3.136657533016773414e-02
3.808280825614929199e-02
-1.853229999542236328e-01
-3.751405683127018165e-02
4.383927583694458008e-02
-2.794555425643920898e-01
-4.064916428890796851e-02
4.791066050529479980e-02
-3.369975090026855469e-01
-3.893848863211246680e-02
5.193907022476196289e-02
-3.846980929374694824e-01
-3.751277905669780921e-02
