0.000000000000000000e+00
0.000000000000000000e+00
0.000000000000000000e+00
-1.619243621826171875e-02
-8.904790878295898438e-02
2.203288654754942399e-02
-2.746435999870300293e-02
-1.891167163848876953e-01
2.296210992108171922e-02
-2.930358052253723145e-02
-2.589514255523681641e-01
1.747464369009321672e-02
-2.867010235786437988e-02
-3.152174353599548340e-01
9.234852892859635176e-03
-2.727562189102172852e-02
-2.286195755004882812e-01
-1.542225559660437284e-03
-1.100617647171020508e-02
-3.467839062213897705e-01
-1.710046102334672469e-02
-1.627802848815917969e-03
-4.244252443313598633e-01
-2.748940904666596907e-02
7.626891136169433594e-03
-4.899996519088745117e-01
-3.533656355966741103e-02
-2.075019478797912598e-02
-2.226816415786743164e-01
-2.548966762651616591e-02
-3.587901592254638672e-03
-3.642547428607940674e-01
-4.190883618821317214e-02
7.776647806167602539e-03
-4.535034298896789551e-01
-5.304682460655385512e-02
1.779642701148986816e-02
-5.292870700359344482e-01
-6.173712221016103285e-02
-1.031166315078735352e-02
-2.086586952209472656e-01
-4.776323420037442702e-02
2.349287271499633789e-03
-3.491973876953125000e-01
-6.067094040145093459e-02
1.147204637527465820e-02
-4.347955584526062012e-01
-6.841115114320928114e-02
1.892372965812683105e-02
-5.039059221744537354e-01
-7.530965116848165053e-02
4.432290792465209961e-03
-1.911925077438354492e-01
-6.829160657753163832e-02
9.407222270965576172e-03
-2.928654849529266357e-01
-7.973340359558278578e-02
1.250025629997253418e-02
-3.619403243064880371e-01
-8.600052651991063613e-02
1.570397615432739258e-02
-4.206649065017700195e-01
-9.184706416954213637e-02
