0.000000000000000000e+00
0.000000000000000000e+00
0.000000000000000000e+00
-9.296536445617675781e-03
-8.829671144485473633e-02
2.069415856325207415e-02
-1.841005682945251465e-02
-1.915790438652038574e-01
2.659404423260269823e-02
-2.000340819358825684e-02
-2.674359679222106934e-01
2.649937901818333330e-02
-2.434003353118896484e-02
-3.271026313304901123e-01
2.420623559677181902e-02
-3.248572349548339844e-03
-2.389612197875976562e-01
7.534835545207840823e-03
-5.279630422592163086e-03
-3.471800386905670166e-01
-6.194554211710112668e-03
-4.839390516281127930e-03
-4.235265552997589111e-01
-1.709259155965270338e-02
-3.094226121902465820e-03
-4.880460202693939209e-01
-2.593056525862635908e-02
-9.771287441253662109e-04
-2.343144416809082031e-01
-1.432799123055161772e-02
-2.253890037536621094e-03
-3.643252551555633545e-01
-3.009992133653582869e-02
-8.972883224487304688e-04
-4.511980116367340088e-01
-4.287095967507781324e-02
3.301799297332763672e-04
-5.280702114105224609e-01
-5.312454927540244398e-02
-2.702921628952026367e-03
-2.179543375968933105e-01
-3.549688163972319899e-02
-3.778845071792602539e-03
-3.486631214618682861e-01
-4.937163967466773329e-02
-3.863036632537841797e-03
-4.333614706993103027e-01
-6.057641882276953993e-02
-3.767549991607666016e-03
-5.028117299079895020e-01
-7.003634650087775526e-02
-7.511317729949951172e-03
-1.950120329856872559e-01
-5.499623197889746962e-02
-1.071342825889587402e-02
-2.860742211341857910e-01
-7.100685912943305311e-02
-1.188042759895324707e-02
-3.513389229774475098e-01
-8.234346885061682997e-02
-1.151823997497558594e-02
-4.088872075080871582e-01
-9.156871814108313856e-02
