0.000000000000000000e+00
0.000000000000000000e+00
0.000000000000000000e+00
2.865165472030639648e-03
-7.966613769531250000e-02
1.337271289690988851e-02
1.237916946411132812e-02
-1.561251878738403320e-01
1.479526156350630117e-02
2.185213565826416016e-02
-2.071595788002014160e-01
1.081772440835493398e-02
3.027310967445373535e-02
-2.480683922767639160e-01
6.617969030287440546e-03
1.449069380760192871e-02
-1.971068978309631348e-01
1.376566676213997198e-02
3.341597318649291992e-02
-2.832255959510803223e-01
3.932734148349936731e-03
4.212448000907897949e-02
-3.472704887390136719e-01
-3.818689950037423841e-03
4.716214537620544434e-02
-3.999019861221313477e-01
-9.344901761267010443e-03
1.395213603973388672e-02
-1.936364173889160156e-01
-3.342324972379628889e-03
3.282099962234497070e-02
-2.918735146522521973e-01
-1.253894331142646479e-02
4.260301589965820312e-02
-3.589344024658203125e-01
-1.959452392742377924e-02
4.990720748901367188e-02
-4.227734208106994629e-01
-2.464015955314380335e-02
1.882168650627136230e-02
-1.871072053909301758e-01
-2.084792206272823023e-02
3.441256284713745117e-02
-2.887498736381530762e-01
-2.830181258008224177e-02
4.268532991409301758e-02
-3.544659614562988281e-01
-3.066939102694732355e-02
4.720428586006164551e-02
-4.136280417442321777e-01
-3.230938116297465967e-02
3.161549568176269531e-02
-1.766940355300903320e-01
-3.828565204725009608e-02
3.894624114036560059e-02
-2.613116502761840820e-01
-4.277833352074367212e-02
4.248371720314025879e-02
-3.149993419647216797e-01
-4.181164304003459620e-02
4.416599869728088379e-02
-3.617035150527954102e-01
-4.124248201236468958e-02
