0.000000000000000000e+00
0.000000000000000000e+00
0.000000000000000000e+00
-1.886147260665893555e-02
-8.774554729461669922e-02
1.561084482568730891e-02
-2.725613117218017578e-02
-1.906484961509704590e-01
1.434166542935599864e-02
-2.601152658462524414e-02
-2.675592899322509766e-01
8.301926774265666609e-03
-2.324444055557250977e-02
-3.258333504199981689e-01
7.406067493320733774e-05
-2.482214570045471191e-02
-2.331391572952270508e-01
-1.130117848765621602e-02
-7.415413856506347656e-03
-3.572943806648254395e-01
-2.802804112684498250e-02
2.982437610626220703e-03
-4.329209029674530029e-01
-3.722028061997662007e-02
1.341935992240905762e-02
-4.959798455238342285e-01
-4.360137507569561421e-02
-1.729792356491088867e-02
-2.235280275344848633e-01
-3.192276880395183980e-02
2.807766199111938477e-03
-3.675527274608612061e-01
-5.035988986742268025e-02
1.480922102928161621e-02
-4.547964632511138916e-01
-6.072591990482578694e-02
2.593314647674560547e-02
-5.278767049312591553e-01
-6.809058040630588948e-02
-4.826724529266357422e-03
-2.044451832771301270e-01
-5.093162134539852559e-02
1.175338029861450195e-02
-3.464687764644622803e-01
-6.494098901998768270e-02
2.274954319000244141e-02
-4.313845336437225342e-01
-7.228308916342029988e-02
3.287756443023681641e-02
-4.997239708900451660e-01
-7.835133373987446248e-02
1.286101341247558594e-02
-1.804874539375305176e-01
-6.859423965465794026e-02
2.016466856002807617e-02
-2.840515971183776855e-01
-8.078942448150883138e-02
2.470657229423522949e-02
-3.520666658878326416e-01
-8.679661154997120320e-02
2.992132306098937988e-02
-4.101205468177795410e-01
-9.192901849996815145e-02
