0.000000000000000000e+00
0.000000000000000000e+00
0.000000000000000000e+00
-1.427599787712097168e-02
-9.453231096267700195e-02
1.762546234510864451e-02
-1.677775382995605469e-02
-1.995838880538940430e-01
1.622120671652282908e-02
-1.053100824356079102e-02
-2.781256437301635742e-01
9.518092579469339398e-03
-4.504621028900146484e-03
-3.385273218154907227e-01
8.699843541535301483e-04
-1.592281460762023926e-02
-2.329043745994567871e-01
-1.028909060426030919e-02
5.419671535491943359e-03
-3.588569462299346924e-01
-2.781759008087192342e-02
1.759770512580871582e-02
-4.367945194244384766e-01
-3.737972482360873983e-02
2.879711985588073730e-02
-5.026305317878723145e-01
-4.374185382641826436e-02
-9.789794683456420898e-03
-2.228415608406066895e-01
-3.225964113391910359e-02
1.469889283180236816e-02
-3.682865500450134277e-01
-5.095053269781146810e-02
2.836102247238159180e-02
-4.594705402851104736e-01
-6.148128389634166524e-02
4.072812199592590332e-02
-5.364382565021514893e-01
-6.876791446723018453e-02
2.669215202331542969e-03
-2.045621871948242188e-01
-5.232024743474994466e-02
2.315863966941833496e-02
-3.489712774753570557e-01
-6.622786253012691304e-02
3.576231002807617188e-02
-4.362167119979858398e-01
-7.276779591359172628e-02
4.679694771766662598e-02
-5.079567730426788330e-01
-7.800326674498592183e-02
2.209544181823730469e-02
-1.826087236404418945e-01
-7.091812222518001363e-02
3.125724196434020996e-02
-2.890030741691589355e-01
-8.221509485758815572e-02
3.569191694259643555e-02
-3.575607538223266602e-01
-8.674559175290141866e-02
4.057300090789794922e-02
-4.165551364421844482e-01
-9.053173839367900655e-02
