0.000000000000000000e+00
0.000000000000000000e+00
0.000000000000000000e+00
2.884805202484130859e-03
-8.424329757690429688e-02
1.275261231913304982e-02
1.321965456008911133e-02
-1.602624654769897461e-01
1.385210194840169606e-02
2.385768294334411621e-02
-2.100613117218017578e-01
9.358528267881638385e-03
3.175723552703857422e-02
-2.509665489196777344e-01
4.662529297462469913e-03
1.298174262046813965e-02
-2.006855607032775879e-01
1.439259314193463979e-02
3.138199448585510254e-02
-2.858949899673461914e-01
3.142695140383011676e-03
4.040250182151794434e-02
-3.520833849906921387e-01
-6.236641935714715146e-03
4.503732919692993164e-02
-4.066162109375000000e-01
-1.289326119021438899e-02
1.318001747131347656e-02
-1.972376108169555664e-01
-3.126113244974249028e-03
3.162750601768493652e-02
-2.952016592025756836e-01
-1.360344680742286982e-02
4.205965995788574219e-02
-3.642946481704711914e-01
-2.221705372230076136e-02
4.905739426612854004e-02
-4.311217069625854492e-01
-2.837370875076317134e-02
1.965656876564025879e-02
-1.916151642799377441e-01
-2.126435543195270839e-02
3.429257869720458984e-02
-2.930070161819458008e-01
-2.941608036653065028e-02
4.288831353187561035e-02
-3.605336546897888184e-01
-3.275736960367225947e-02
4.748663306236267090e-02
-4.216644167900085449e-01
-3.500002416566871943e-02
3.577488660812377930e-02
-1.824654936790466309e-01
-3.956670108036064448e-02
4.173299670219421387e-02
-2.675085067749023438e-01
-4.421762170986198726e-02
4.467561841011047363e-02
-3.234735131263732910e-01
-4.347346144513153376e-02
4.597234725952148438e-02
-3.721064329147338867e-01
-4.308206754521393123e-02
