0.000000000000000000e+00
0.000000000000000000e+00
0.000000000000000000e+00
6.344914436340332031e-04
-7.364422082901000977e-02
1.830042195705061658e-02
6.924748420715332031e-03
-1.598544716835021973e-01
2.113259812084322675e-02
1.716956496238708496e-02
-2.200207710266113281e-01
1.694106352714186414e-02
2.726122736930847168e-02
-2.660555243492126465e-01
1.233908855554943784e-02
1.211625337600708008e-02
-2.103699445724487305e-01
2.247923840967303022e-02
3.068464994430541992e-02
-3.096373081207275391e-01
1.791528095689898237e-02
4.176729917526245117e-02
-3.716697394847869873e-01
1.435040352133398756e-02
5.066984891891479492e-02
-4.185209870338439941e-01
1.156839770463591321e-02
1.355156302452087402e-02
-2.099956870079040527e-01
3.998557992403561911e-03
3.268730640411376953e-02
-3.226604461669921875e-01
5.590555510792682981e-04
4.569065570831298828e-02
-3.883244395256042480e-01
-2.308486539746468225e-03
5.767443776130676270e-02
-4.405793249607086182e-01
-4.501363307113592782e-03
2.015873789787292480e-02
-2.020941972732543945e-01
-1.486650812240952746e-02
3.601852059364318848e-02
-3.187522292137145996e-01
-1.528117391082162158e-02
4.716500639915466309e-02
-3.805851638317108154e-01
-1.277396878960246340e-02
5.616030097007751465e-02
-4.290255010128021240e-01
-1.230649980517739550e-02
3.282272815704345703e-02
-1.886348128318786621e-01
-3.363679679843301074e-02
4.185485839843750000e-02
-2.837725281715393066e-01
-3.206411334487313525e-02
4.837489128112792969e-02
-3.388464450836181641e-01
-2.786998222383374468e-02
5.500236153602600098e-02
-3.839789927005767822e-01
-2.564712385448331133e-02
