0.000000000000000000e+00
0.000000000000000000e+00
0.000000000000000000e+00
-1.720818877220153809e-02
-9.020930528640747070e-02
2.205403823268170527e-02
-2.866944670677185059e-02
-1.924739480018615723e-01
2.121953222763295344e-02
-2.952215075492858887e-02
-2.659160494804382324e-01
1.427533406626935175e-02
-2.805855870246887207e-02
-3.248952329158782959e-01
4.786267167446567328e-03
-3.105911612510681152e-02
-2.252606153488159180e-01
-7.707768363388822763e-03
-1.163163781166076660e-02
-3.490361273288726807e-01
-2.519418183851485082e-02
-9.626448154449462891e-04
-4.278138279914855957e-01
-3.589607473600153753e-02
9.348094463348388672e-03
-4.937863647937774658e-01
-4.365028139341120550e-02
-2.533602714538574219e-02
-2.157722115516662598e-01
-3.227366577971224615e-02
-4.959881305694580078e-03
-3.648371398448944092e-01
-5.125341262805704901e-02
7.655203342437744141e-03
-4.569742977619171143e-01
-6.302438002217058965e-02
1.851761341094970703e-02
-5.338807106018066406e-01
-7.188020717489962408e-02
-1.379203796386718750e-02
-2.003463506698608398e-01
-5.465896871078257391e-02
9.961724281311035156e-04
-3.485771417617797852e-01
-6.909936737406496832e-02
1.124590635299682617e-02
-4.375074207782745361e-01
-7.709588181364779302e-02
1.960733532905578613e-02
-5.082965493202209473e-01
-8.400640707600359747e-02
3.950268030166625977e-03
-1.831988096237182617e-01
-7.509493153679613897e-02
1.063361763954162598e-02
-2.882196009159088135e-01
-8.685334097731356451e-02
1.469901204109191895e-02
-3.591155111789703369e-01
-9.309919249403719732e-02
1.880761981010437012e-02
-4.193055927753448486e-01
-9.895525943625216314e-02
