0.000000000000000000e+00
0.000000000000000000e+00
0.000000000000000000e+00
-1.989635825157165527e-02
-8.649659156799316406e-02
1.614071811880535279e-02
-2.713832259178161621e-02
-1.820877194404602051e-01
1.415121659036344681e-02
-2.632445096969604492e-02
-2.509533762931823730e-01
7.361108542937699895e-03
-2.223801612854003906e-02
-3.054399788379669189e-01
-1.957076263096269031e-03
-1.993966102600097656e-02
-2.285661101341247559e-01
-1.242040180270009841e-02
-7.247328758239746094e-04
-3.480667173862457275e-01
-3.025545169268184509e-02
1.145368814468383789e-02
-4.250795841217041016e-01
-4.098096293066078033e-02
2.315407991409301758e-02
-4.886810183525085449e-01
-4.843356263492637481e-02
-1.331958174705505371e-02
-2.212750315666198730e-01
-3.304488387558990325e-02
8.183658123016357422e-03
-3.627438843250274658e-01
-5.241548073146873321e-02
2.233830094337463379e-02
-4.515526294708251953e-01
-6.371107500646644439e-02
3.488156199455261230e-02
-5.255952477455139160e-01
-7.193462353799873199e-02
-2.363651990890502930e-03
-2.032372355461120605e-01
-5.181053456519180145e-02
1.460558176040649414e-02
-3.435053527355194092e-01
-6.652641099546485748e-02
2.603337168693542480e-02
-4.295037984848022461e-01
-7.378413331363731231e-02
3.643766045570373535e-02
-4.972352981567382812e-01
-7.986181777570777740e-02
1.339527964591979980e-02
-1.808665990829467773e-01
-6.914750289772086944e-02
2.210387587547302246e-02
-2.818146347999572754e-01
-8.197160613391929473e-02
2.747505903244018555e-02
-3.502474129199981689e-01
-8.811265033338600006e-02
3.331714868545532227e-02
-4.088088870048522949e-01
-9.337189596746497955e-02
