0.000000000000000000e+00
0.000000000000000000e+00
0.000000000000000000e+00
1.528111100196838379e-02
-6.654477119445800781e-02
8.493787306036892915e-03
2.906143665313720703e-02
-1.463531851768493652e-01
9.303188579764309907e-03
4.151892662048339844e-02
-1.957639455795288086e-01
4.041144321348610902e-03
4.998821020126342773e-02
-2.365829348564147949e-01
-1.170281973060127712e-03
8.800894021987915039e-03
-2.196415066719055176e-01
1.548375904062027075e-02
3.132674098014831543e-02
-3.201985955238342285e-01
1.864020642500463509e-03
4.706254601478576660e-02
-3.948645591735839844e-01
-9.925849107418116546e-03
5.988481640815734863e-02
-4.522600173950195312e-01
-1.777124621472125909e-02
8.631855249404907227e-03
-2.209413051605224609e-01
-1.704714796829875922e-03
2.906545996665954590e-02
-3.365449309349060059e-01
-1.516732231280570886e-02
4.692590236663818359e-02
-4.156292676925659180e-01
-2.702012502155071161e-02
6.184792518615722656e-02
-4.857836663722991943e-01
-3.454536602399116418e-02
1.810812950134277344e-02
-2.182620763778686523e-01
-2.052380733690029047e-02
3.620284795761108398e-02
-3.380560278892517090e-01
-3.232881457111602685e-02
5.167084932327270508e-02
-4.131634831428527832e-01
-4.018633097908264062e-02
6.449908018112182617e-02
-4.771474301815032959e-01
-4.440106481811767480e-02
4.030379652976989746e-02
-2.111393213272094727e-01
-3.988683254024749658e-02
5.235394835472106934e-02
-3.052141070365905762e-01
-4.681992188594108484e-02
6.091502308845520020e-02
-3.655333518981933594e-01
-4.839928851029640100e-02
6.925117969512939453e-02
-4.176341295242309570e-01
-4.908997595808273218e-02
