0.000000000000000000e+00
0.000000000000000000e+00
0.000000000000000000e+00
-1.264697313308715820e-02
-9.442138671875000000e-02
2.035433836849165345e-02
-1.833948493003845215e-02
-1.972028017044067383e-01
2.035394907565546418e-02
-1.575407385826110840e-02
-2.717866897583007812e-01
1.466476955087614442e-02
-1.177439093589782715e-02
-3.282479643821716309e-01
6.658051541165832532e-03
-1.843437552452087402e-02
-2.331672310829162598e-01
-6.672890012993093478e-03
2.811253070831298828e-03
-3.561267852783203125e-01
-2.261895089773702239e-02
1.582685112953186035e-02
-4.323741197586059570e-01
-3.161066173939275359e-02
2.761837840080261230e-02
-4.959219396114349365e-01
-3.805773481158780669e-02
-1.087152957916259766e-02
-2.237568497657775879e-01
-2.977819702951478575e-02
1.286068558692932129e-02
-3.691983819007873535e-01
-4.753150566844510649e-02
2.707004547119140625e-02
-4.573866724967956543e-01
-5.766940637855100249e-02
3.833505511283874512e-02
-5.303456485271453857e-01
-6.516582294730710601e-02
2.020150423049926758e-03
-2.060198783874511719e-01
-5.100914239315557097e-02
2.213737368583679199e-02
-3.486983776092529297e-01
-6.422655805377530669e-02
3.482732176780700684e-02
-4.344971776008605957e-01
-7.077258601216840361e-02
4.499578475952148438e-02
-5.028284788131713867e-01
-7.656570299891996001e-02
2.107068896293640137e-02
-1.847034692764282227e-01
-7.064133658437299346e-02
3.045043349266052246e-02
-2.888153195381164551e-01
-8.211314454106855010e-02
3.647673130035400391e-02
-3.581529259681701660e-01
-8.780880793361234282e-02
4.230618476867675781e-02
-4.169534146785736084e-01
-9.298535212306546782e-02
