0.000000000000000000e+00
0.000000000000000000e+00
0.000000000000000000e+00
-4.682838916778564453e-04
-7.263875007629394531e-02
9.423204479332980554e-03
4.232048988342285156e-03
-1.630813479423522949e-01
9.374358472939547937e-03
1.061725616455078125e-02
-2.296060919761657715e-01
4.979659119214829843e-03
1.389595866203308105e-02
-2.831714749336242676e-01
4.124587139244795253e-04
1.123827695846557617e-02
-2.136039733886718750e-01
6.595645347204026621e-03
2.381470799446105957e-02
-3.157966732978820801e-01
-4.787644124064627249e-03
3.168833255767822266e-02
-3.859098255634307861e-01
-1.356434005725759562e-02
3.711903095245361328e-02
-4.422957599163055420e-01
-1.983978900540250834e-02
1.150906085968017578e-02
-2.128410339355468750e-01
-8.078146944228592474e-03
2.596387267112731934e-02
-3.306996226310729980e-01
-1.846623535681146677e-02
3.604406118392944336e-02
-4.081433713436126709e-01
-2.623205188143629130e-02
4.440560936927795410e-02
-4.745641648769378662e-01
-3.202479820180315073e-02
1.370534300804138184e-02
-2.075109481811523438e-01
-2.321999262500185068e-02
2.771198749542236328e-02
-3.260737061500549316e-01
-2.980370375740903910e-02
3.509086370468139648e-02
-4.006221890449523926e-01
-3.279046829271692332e-02
4.014855623245239258e-02
-4.637363553047180176e-01
-3.591311092901605662e-02
1.945686340332031250e-02
-1.975628733634948730e-01
-3.856731321144479807e-02
2.624696493148803711e-02
-2.876093983650207520e-01
-4.352238516736406382e-02
2.908807992935180664e-02
-3.477556705474853516e-01
-4.471599798131364878e-02
3.190317749977111816e-02
-3.996971547603607178e-01
-4.609845321107286509e-02
