0.000000000000000000e+00
0.000000000000000000e+00
0.000000000000000000e+00
-1.664534211158752441e-02
-8.653068542480468750e-02
1.687918741876615059e-02
-2.053111791610717773e-02
-1.856268644332885742e-01
1.610542040938867103e-02
-1.727488636970520020e-02
-2.557848095893859863e-01
9.792178391165862195e-03
-1.216575503349304199e-02
-3.123491108417510986e-01
1.460586080014536492e-03
-1.581135392189025879e-02
-2.281137704849243164e-01
-6.461683673165907749e-03
5.098640918731689453e-03
-3.518369197845458984e-01
-2.376139956837164391e-02
1.745191216468811035e-02
-4.332425296306610107e-01
-3.370180215065943230e-02
2.904373407363891602e-02
-5.003587007522583008e-01
-4.044618691628443230e-02
-1.035103201866149902e-02
-2.230857014656066895e-01
-2.792728740101324547e-02
1.284140348434448242e-02
-3.688565194606781006e-01
-4.620865593975054253e-02
2.759772539138793945e-02
-4.616010785102844238e-01
-5.662344630187021721e-02
4.049804806709289551e-02
-5.383603274822235107e-01
-6.369661028807627190e-02
6.071925163269042969e-04
-2.093727588653564453e-01
-4.811598222082125176e-02
1.891323924064636230e-02
-3.557236194610595703e-01
-6.281192834799753655e-02
3.086808323860168457e-02
-4.449543356895446777e-01
-7.002660866206156243e-02
4.068899154663085938e-02
-5.162998139858245850e-01
-7.541784878199564446e-02
1.775282621383666992e-02
-1.928954124450683594e-01
-6.705671782916056145e-02
2.652424573898315430e-02
-2.994447946548461914e-01
-7.993359352772699822e-02
3.086918592453002930e-02
-3.705770671367645264e-01
-8.602790768568979729e-02
3.523981571197509766e-02
-4.314973354339599609e-01
-9.071904654925333489e-02
