0.000000000000000000e+00
0.000000000000000000e+00
0.000000000000000000e+00
-1.535660028457641602e-02
-8.812224864959716797e-02
1.137474040322672408e-02
-2.856552600860595703e-02
-1.911857128143310547e-01
1.121827169143330138e-02
-3.404185175895690918e-02
-2.682692408561706543e-01
6.791099447838178094e-03
-3.694874048233032227e-02
-3.264687359333038330e-01
2.023285126426799252e-04
-2.547952532768249512e-02
-2.451537251472473145e-01
-3.285238046117910926e-03
-1.410460472106933594e-02
-3.615727126598358154e-01
-1.925233797348369080e-02
-6.437361240386962891e-03
-4.404780566692352295e-01
-3.074649953461516816e-02
1.604974269866943359e-03
-5.068583488464355469e-01
-3.890959964311946351e-02
-1.747977733612060547e-02
-2.399944067001342773e-01
-2.067606196916926820e-02
-5.178421735763549805e-03
-3.770923018455505371e-01
-3.605902240789760071e-02
2.720564603805541992e-03
-4.632011651992797852e-01
-4.681017668164599854e-02
9.302049875259399414e-03
-5.360974669456481934e-01
-5.479210288442004639e-02
-7.655620574951171875e-03
-2.233515381813049316e-01
-3.764453948653567750e-02
2.150893211364746094e-03
-3.559433817863464355e-01
-5.032316641128886658e-02
7.538765668869018555e-03
-4.406836926937103271e-01
-5.692043201244700867e-02
1.227033138275146484e-02
-5.075146257877349854e-01
-6.227668048060763795e-02
3.376454114913940430e-03
-1.997516751289367676e-01
-5.403379396713603455e-02
5.016118288040161133e-03
-2.988483309745788574e-01
-6.533327744520533997e-02
6.151527166366577148e-03
-3.665243387222290039e-01
-7.021968112505305726e-02
8.151590824127197266e-03
-4.224117398262023926e-01
-7.430592970169414002e-02
