0.000000000000000000e+00
0.000000000000000000e+00
0.000000000000000000e+00
-5.957186222076416016e-04
-8.122962713241577148e-02
1.281613042230844712e-02
8.499711751937866211e-03
-1.589606404304504395e-01
1.401327388013839936e-02
1.965114474296569824e-02
-2.107350826263427734e-01
9.988582931711675883e-03
2.781936526298522949e-02
-2.520845532417297363e-01
5.786130443468096018e-03
1.135778427124023438e-02
-1.924312114715576172e-01
1.141583570863247132e-02
2.984830737113952637e-02
-2.824667096138000488e-01
1.076911349102260829e-03
3.799480199813842773e-02
-3.495850563049316406e-01
-6.696036778137681722e-03
4.221370816230773926e-02
-4.046345949172973633e-01
-1.228562252943277144e-02
1.229348778724670410e-02
-1.895107626914978027e-01
-5.477994441733358144e-03
3.152933716773986816e-02
-2.930603027343750000e-01
-1.542008085523605132e-02
4.091599583625793457e-02
-3.624237179756164551e-01
-2.284377696339845443e-02
4.751008749008178711e-02
-4.275727570056915283e-01
-2.811568485920190597e-02
1.877900958061218262e-02
-1.840099096298217773e-01
-2.257154951219320083e-02
3.451731801033020020e-02
-2.907475233078002930e-01
-3.042671898727178359e-02
4.179325699806213379e-02
-3.586660027503967285e-01
-3.320744144146203780e-02
4.511493444442749023e-02
-4.180425405502319336e-01
-3.517760964457750106e-02
3.312224149703979492e-02
-1.747734546661376953e-01
-3.957942383711099410e-02
3.856784105300903320e-02
-2.624284625053405762e-01
-4.446086543028116012e-02
4.016315937042236328e-02
-3.179686665534973145e-01
-4.393368097369432235e-02
4.047134518623352051e-02
-3.652895689010620117e-01
-4.365990938966035628e-02
