0.000000000000000000e+00
0.000000000000000000e+00
0.000000000000000000e+00
4.802608489990234375e-02
-1.091455221176147461e-01
-8.379479629468278290e-03
6.665030121803283691e-02
-2.229769825935363770e-01
-1.836353516347344339e-02
7.399240136146545410e-02
-3.087155818939208984e-01
-2.915076514847214639e-02
7.219079136848449707e-02
-3.699654936790466309e-01
-3.709530992574627817e-02
-9.121924638748168945e-03
-2.878946661949157715e-01
-1.705014681584771097e-02
7.342165708541870117e-02
-3.348754644393920898e-01
-4.047730727262432993e-02
9.541597962379455566e-02
-2.606939077377319336e-01
-5.481178848214085519e-02
8.679661154747009277e-02
-2.138092517852783203e-01
-6.305063678092892587e-02
-1.552313566207885742e-02
-2.569690942764282227e-01
-2.429889677233632028e-02
7.651725411415100098e-02
-3.025344014167785645e-01
-4.744170768327649057e-02
9.268370270729064941e-02
-2.299352884292602539e-01
-5.459997220106060922e-02
8.089485764503479004e-02
-1.841987371444702148e-01
-5.671210749216015756e-02
-1.145377755165100098e-02
-2.176939249038696289e-01
-3.283488912649090707e-02
7.738304138183593750e-02
-2.543704509735107422e-01
-5.293401492900784433e-02
8.995226025581359863e-02
-1.925042867660522461e-01
-4.875642595953877390e-02
7.835039496421813965e-02
-1.555905938148498535e-01
-4.276148764557774484e-02
-4.475414752960205078e-04
-1.744160056114196777e-01
-4.214048920340474069e-02
6.826448440551757812e-02
-2.037369608879089355e-01
-5.366587055988247812e-02
8.020225167274475098e-02
-1.555131077766418457e-01
-4.749990789360936105e-02
7.392498850822448730e-02
-1.231873631477355957e-01
-4.053720621533329904e-02
