0.000000000000000000e+00
0.000000000000000000e+00
0.000000000000000000e+00
-1.398521661758422852e-02
-8.664333820343017578e-02
1.624576237418295932e-02
-1.658239960670471191e-02
-1.888816356658935547e-01
1.416521568216921878e-02
-1.022589206695556641e-02
-2.616224288940429688e-01
6.662832129677553894e-03
-2.739310264587402344e-03
-3.183864057064056396e-01
-3.033759050140361069e-03
-1.170057058334350586e-02
-2.314636111259460449e-01
-9.506452340701798676e-03
1.036360859870910645e-02
-3.531884253025054932e-01
-2.700866710029004025e-02
2.302092313766479492e-02
-4.312289357185363770e-01
-3.738472189388630795e-02
3.488713502883911133e-02
-4.967342019081115723e-01
-4.468731160841343808e-02
-6.536632776260375977e-03
-2.247241735458374023e-01
-3.117091904960034299e-02
1.754015684127807617e-02
-3.678218424320220947e-01
-4.977070118866322446e-02
3.283944725990295410e-02
-4.585486054420471191e-01
-6.044150095067379880e-02
4.607626795768737793e-02
-5.341388285160064697e-01
-6.792327712855694699e-02
5.137562751770019531e-03
-2.083515524864196777e-01
-5.136398922286389279e-02
2.356776595115661621e-02
-3.524948954582214355e-01
-6.579942207417843747e-02
3.519636392593383789e-02
-4.399617612361907959e-01
-7.264738481126187253e-02
4.457700252532958984e-02
-5.101335644721984863e-01
-7.804495792470333981e-02
2.424910664558410645e-02
-1.879860162734985352e-01
-7.037965904555676389e-02
3.437671065330505371e-02
-2.942592203617095947e-01
-8.213312130055783200e-02
3.871104121208190918e-02
-3.647100329399108887e-01
-8.729844491563198972e-02
4.259514808654785156e-02
-4.243918955326080322e-01
-9.164589594684002805e-02
