0.000000000000000000e+00
0.000000000000000000e+00
0.000000000000000000e+00
2.029499411582946777e-02
-7.826310396194458008e-02
2.095752380382975844e-02
2.767521142959594727e-02
-1.837171316146850586e-01
2.507493257117232588e-02
3.308022022247314453e-02
-2.551774978637695312e-01
2.144009418380221632e-02
3.715935349464416504e-02
-3.150058388710021973e-01
1.767442918908557203e-02
-8.313894271850585938e-03
-2.561982274055480957e-01
2.045958287608584669e-02
5.651921033859252930e-03
-3.538369536399841309e-01
6.125305160551874906e-03
3.588661551475524902e-02
-4.050498902797698975e-01
-6.036836341351659030e-03
6.333312392234802246e-02
-4.222805798053741455e-01
-1.206630111146012041e-02
-9.803414344787597656e-03
-2.566308975219726562e-01
7.073704834539285002e-04
5.763649940490722656e-03
-3.705939948558807373e-01
-8.767070401788146228e-03
4.021346569061279297e-02
-4.170738160610198975e-01
-1.511230428177157137e-02
6.629890203475952148e-02
-4.261874556541442871e-01
-1.875888757813015673e-02
-6.275147199630737305e-03
-2.471286058425903320e-01
-1.984187044608631822e-02
1.038962602615356445e-02
-3.598446249961853027e-01
-2.624093011426964495e-02
4.496991634368896484e-02
-3.942513167858123779e-01
-2.605842627990284655e-02
6.978750228881835938e-02
-4.000142216682434082e-01
-2.570749834585228655e-02
5.611509084701538086e-03
-2.291191220283508301e-01
-3.954963587629833910e-02
2.154091000556945801e-02
-3.175041675567626953e-01
-4.076735876905956957e-02
4.681065678596496582e-02
-3.482994437217712402e-01
-3.576956890928784105e-02
6.585741043090820312e-02
-3.528193235397338867e-01
-3.203098304975071642e-02
