0.000000000000000000e+00
0.000000000000000000e+00
0.000000000000000000e+00
-1.248076558113098145e-02
-9.320241212844848633e-02
2.505675086936776097e-02
-1.675385236740112305e-02
-1.963503360748291016e-01
2.548097575268570836e-02
-1.393532752990722656e-02
-2.687173485755920410e-01
1.936542930266682561e-02
-8.717209100723266602e-03
-3.264665603637695312e-01
1.093402819893185551e-02
-1.797631382942199707e-02
-2.338252067565917969e-01
-5.431097576405363725e-03
5.325585603713989258e-03
-3.612360060214996338e-01
-2.188810391166384761e-02
2.042546868324279785e-02
-4.393163323402404785e-01
-3.039104549029048030e-02
3.453657031059265137e-02
-5.024890601634979248e-01
-3.614525368251975124e-02
-1.284635066986083984e-02
-2.234576940536499023e-01
-3.079070394673522060e-02
1.275056600570678711e-02
-3.751414418220520020e-01
-4.910804947652991359e-02
3.076103329658508301e-02
-4.658166766166687012e-01
-5.817144235410864894e-02
4.618462920188903809e-02
-5.381064414978027344e-01
-6.465746333637412135e-02
-1.090437173843383789e-03
-2.067325711250305176e-01
-5.389590060153182094e-02
1.969471573829650879e-02
-3.590481281280517578e-01
-6.704281886854346340e-02
3.488579392433166504e-02
-4.472345709800720215e-01
-7.220645865240271633e-02
4.804614186286926270e-02
-5.156671404838562012e-01
-7.701915373840506618e-02
1.858383417129516602e-02
-1.893410682678222656e-01
-7.497540732660468166e-02
2.838006615638732910e-02
-2.990750670433044434e-01
-8.613011857309516017e-02
3.581178188323974609e-02
-3.722054064273834229e-01
-9.149668237009223049e-02
4.330179095268249512e-02
-4.337909221649169922e-01
-9.642640372553046291e-02
