0.000000000000000000e+00
0.000000000000000000e+00
0.000000000000000000e+00
-1.178652048110961914e-03
-8.353459835052490234e-02
1.092967176046499844e-02
7.987022399902343750e-06
-1.838198304176330566e-01
8.937363225783201415e-03
8.456468582153320312e-03
-2.546406388282775879e-01
2.210307579304071623e-03
1.553234457969665527e-02
-3.102147579193115234e-01
-4.898817099814323228e-03
-1.377239823341369629e-02
-2.311774492263793945e-01
-3.484564654712585252e-03
9.723693132400512695e-03
-3.507852554321289062e-01
-2.117489213887324695e-02
2.827641367912292480e-02
-4.282046854496002197e-01
-3.257206949237456683e-02
4.559913277626037598e-02
-4.868122339248657227e-01
-3.895584988239875202e-02
-9.575188159942626953e-03
-2.239850163459777832e-01
-2.079781825486293201e-02
1.380956172943115234e-02
-3.610510826110839844e-01
-3.805321576837172870e-02
3.537291288375854492e-02
-4.456265270709991455e-01
-4.686346771958938007e-02
5.497932434082031250e-02
-5.128771066665649414e-01
-5.121616023424735431e-02
5.433350801467895508e-03
-2.136050462722778320e-01
-3.810597705486884479e-02
2.529630064964294434e-02
-3.534033894538879395e-01
-5.209220322612395648e-02
4.472279548645019531e-02
-4.364145398139953613e-01
-5.710427212360968952e-02
6.258890032768249512e-02
-5.002589523792266846e-01
-5.880585434678664569e-02
3.183326125144958496e-02
-2.013883590698242188e-01
-5.501878010872474078e-02
4.625919461250305176e-02
-3.077535033226013184e-01
-6.185862543824782733e-02
5.779278278350830078e-02
-3.718137741088867188e-01
-6.173940869811644916e-02
6.961542367935180664e-02
-4.220324158668518066e-01
-6.103223684075942401e-02
