0.000000000000000000e+00
0.000000000000000000e+00
0.000000000000000000e+00
-1.278221607208251953e-03
-6.674724817276000977e-02
6.903021822495247761e-03
6.791323423385620117e-03
-1.606066226959228516e-01
6.495341884715344349e-03
1.875802874565124512e-02
-2.233211994171142578e-01
1.977283268047358433e-03
2.600017189979553223e-02
-2.738736867904663086e-01
-2.638396348061178287e-03
2.778515219688415527e-02
-2.123967409133911133e-01
6.815922672672058980e-03
4.032859206199645996e-02
-3.144129514694213867e-01
-3.735807963835213741e-03
4.684743285179138184e-02
-3.841090798377990723e-01
-1.204366540275714215e-02
5.138158798217773438e-02
-4.403483271598815918e-01
-1.808000100515982922e-02
3.058150410652160645e-02
-2.098512053489685059e-01
-6.973796297984335979e-03
4.526504874229431152e-02
-3.282717466354370117e-01
-1.699687098823687847e-02
5.230274796485900879e-02
-4.027173221111297607e-01
-2.494515036903521832e-02
5.780825018882751465e-02
-4.673455357551574707e-01
-3.055041027926108654e-02
3.266090154647827148e-02
-2.031766772270202637e-01
-2.146336553357741650e-02
4.657170176506042480e-02
-3.233204483985900879e-01
-2.882415173314711865e-02
5.219364166259765625e-02
-3.950612545013427734e-01
-3.230003198348185833e-02
5.509203672409057617e-02
-4.545128941535949707e-01
-3.511810233555934246e-02
3.405451774597167969e-02
-1.939111948013305664e-01
-3.631834244094989117e-02
4.087603092193603516e-02
-2.903480529785156250e-01
-4.131923919283053692e-02
4.349535703659057617e-02
-3.502753376960754395e-01
-4.202097585164210614e-02
4.539650678634643555e-02
-4.009645283222198486e-01
-4.277109658085009869e-02
