0.000000000000000000e+00
0.000000000000000000e+00
0.000000000000000000e+00
-1.576891541481018066e-02
-9.004390239715576172e-02
2.017159739710905342e-02
-2.713131904602050781e-02
-1.870630979537963867e-01
2.281918728925802498e-02
-2.951592206954956055e-02
-2.610167264938354492e-01
2.024667689778425483e-02
-3.078100085258483887e-02
-3.148046731948852539e-01
1.523794399776079445e-02
-1.573336124420166016e-02
-2.360575199127197266e-01
-3.115955710256912425e-03
1.194685697555541992e-03
-3.511288166046142578e-01
-1.835007985852143975e-02
1.212653517723083496e-02
-4.272980690002441406e-01
-2.777765711567781182e-02
2.342432737350463867e-02
-4.903951883316040039e-01
-3.442301062665364952e-02
-8.424937725067138672e-03
-2.297841310501098633e-01
-2.411387881062410088e-02
1.064825057983398438e-02
-3.660982549190521240e-01
-4.170147163591764183e-02
2.144736051559448242e-02
-4.532572627067565918e-01
-5.182492567024610253e-02
3.093144297599792480e-02
-5.244338512420654297e-01
-5.919017849288366051e-02
1.310199499130249023e-03
-2.128925919532775879e-01
-4.331760315022847863e-02
1.734599471092224121e-02
-3.436703681945800781e-01
-5.650750754199407311e-02
2.525836229324340820e-02
-4.270196259021759033e-01
-6.219009889088056298e-02
3.291568160057067871e-02
-4.934000968933105469e-01
-6.718063188515088768e-02
1.354590058326721191e-02
-1.907659769058227539e-01
-6.096490306578061791e-02
1.910132169723510742e-02
-2.878266274929046631e-01
-7.464224679193876000e-02
2.196529507637023926e-02
-3.543879091739654541e-01
-8.129818571529767723e-02
2.587872743606567383e-02
-4.111906588077545166e-01
-8.659748567066571923e-02
