0.000000000000000000e+00
0.000000000000000000e+00
0.000000000000000000e+00
3.227689862251281738e-02
-9.440076351165771484e-02
8.875028909187676618e-03
3.438150882720947266e-02
-1.797336339950561523e-01
4.763507497500540921e-03
3.836709260940551758e-02
-2.429813146591186523e-01
-6.541655185628769686e-03
4.359927773475646973e-02
-2.927620410919189453e-01
-1.505548625345909386e-02
-3.477057814598083496e-02
-2.651092410087585449e-01
1.246402201149976463e-02
2.721226215362548828e-02
-3.495780229568481445e-01
-1.032535663898670464e-02
5.553340911865234375e-02
-2.979762554168701172e-01
-2.730234644468509941e-02
5.869328975677490234e-02
-2.360056638717651367e-01
-3.424218601639950066e-02
-3.611087799072265625e-02
-2.566398382186889648e-01
-2.882831749502656749e-03
3.406596183776855469e-02
-3.529302477836608887e-01
-2.025412886496269493e-02
6.045326590538024902e-02
-2.950903773307800293e-01
-2.529061331506454735e-02
5.994951725006103516e-02
-2.325735688209533691e-01
-2.533505602832519799e-02
-2.912703156471252441e-02
-2.452691793441772461e-01
-2.045226215477669029e-02
3.670141100883483887e-02
-3.459972143173217773e-01
-3.454618088062488823e-02
5.964714288711547852e-02
-2.890844941139221191e-01
-2.809734947140896111e-02
5.969333648681640625e-02
-2.276321053504943848e-01
-1.942851512785637169e-02
-1.535362005233764648e-02
-2.304793000221252441e-01
-3.815999931748592644e-02
3.111714124679565430e-02
-3.292808532714843750e-01
-4.191679439600193291e-02
5.130046606063842773e-02
-2.989573478698730469e-01
-3.056324391718590050e-02
5.466532707214355469e-02
-2.537546753883361816e-01
-1.987669921572887688e-02
