0.000000000000000000e+00
0.000000000000000000e+00
0.000000000000000000e+00
-1.803326606750488281e-02
-9.354400634765625000e-02
2.139933705970520350e-02
-3.142493963241577148e-02
-1.943802833557128906e-01
2.149972618266815516e-02
-3.449076414108276367e-02
-2.674803137779235840e-01
1.580196358904117915e-02
-3.508305549621582031e-02
-3.262153565883636475e-01
7.179232506899779764e-03
-2.873605489730834961e-02
-2.295799255371093750e-01
-8.410747901649529013e-03
-1.346153020858764648e-02
-3.504191339015960693e-01
-2.660249433770900396e-02
-4.874557256698608398e-03
-4.309368729591369629e-01
-3.814006856933360723e-02
2.924412488937377930e-03
-4.989872574806213379e-01
-4.670238009944682744e-02
-2.131712436676025391e-02
-2.210172414779663086e-01
-3.234757370606189397e-02
-5.091965198516845703e-03
-3.673350811004638672e-01
-5.335703752294307378e-02
4.335254430770874023e-03
-4.599274396896362305e-01
-6.706806904927020696e-02
1.118665933609008789e-02
-5.388177186250686646e-01
-7.740314937487369207e-02
-1.119613647460937500e-02
-2.043625712394714355e-01
-5.395476780191188482e-02
-1.529633998870849609e-03
-3.465213775634765625e-01
-7.034932709589725164e-02
4.144012928009033203e-03
-4.368081986904144287e-01
-7.934456951275592473e-02
8.785486221313476562e-03
-5.095764994621276855e-01
-8.687019235745196966e-02
1.677930355072021484e-03
-1.847189068794250488e-01
-7.355333007231479314e-02
4.846185445785522461e-03
-2.871871590614318848e-01
-8.845562375441318181e-02
7.491916418075561523e-03
-3.586117327213287354e-01
-9.650725013867145208e-02
1.065474748611450195e-02
-4.199549555778503418e-01
-1.034203309501720014e-01
