0.000000000000000000e+00
0.000000000000000000e+00
0.000000000000000000e+00
4.454582929611206055e-03
-7.419401407241821289e-02
1.662615068872241864e-02
1.244524121284484863e-02
-1.659886240959167480e-01
1.776352465768127331e-02
2.332156896591186523e-02
-2.257458567619323730e-01
1.238987815250425228e-02
3.598237037658691406e-02
-2.707633972167968750e-01
6.408882668807791561e-03
2.306094765663146973e-02
-2.079884409904479980e-01
1.473006547112731823e-02
4.384616017341613770e-02
-3.110423684120178223e-01
7.078292189731882900e-03
5.502790212631225586e-02
-3.780725002288818359e-01
2.234700011655377239e-03
6.430882215499877930e-02
-4.289394617080688477e-01
-1.283123165734423310e-03
2.437099814414978027e-02
-2.072007656097412109e-01
-3.730131437436057240e-03
4.806324839591979980e-02
-3.276747465133666992e-01
-1.081575046609373203e-02
6.179687380790710449e-02
-3.985271751880645752e-01
-1.542240999023647419e-02
7.344660162925720215e-02
-4.552645385265350342e-01
-1.842379070203037372e-02
3.034251928329467773e-02
-1.994234919548034668e-01
-2.223973035196991077e-02
4.978400468826293945e-02
-3.234091997146606445e-01
-2.547831706087322345e-02
6.090971827507019043e-02
-3.910925090312957764e-01
-2.527170314769477955e-02
6.944620609283447266e-02
-4.446211457252502441e-01
-2.606084070484371296e-02
4.204624891281127930e-02
-1.876251697540283203e-01
-4.049094452838630787e-02
5.230492353439331055e-02
-2.851868867874145508e-01
-4.090317397694320789e-02
5.813694000244140625e-02
-3.431371450424194336e-01
-3.850501089672775379e-02
6.339791417121887207e-02
-3.911423087120056152e-01
-3.747839167098732105e-02
