0.000000000000000000e+00
0.000000000000000000e+00
0.000000000000000000e+00
3.090322017669677734e-02
-9.385627508163452148e-02
1.627506988819504841e-02
2.477011084556579590e-02
-1.781383752822875977e-01
1.658433976348305805e-02
2.120974659919738770e-02
-2.431857585906982422e-01
8.401717271169673040e-03
2.184250950813293457e-02
-2.969252467155456543e-01
1.739889245925496652e-03
-3.595507144927978516e-02
-2.629081010818481445e-01
1.867125111397172077e-02
1.959049701690673828e-02
-3.609536290168762207e-01
-1.556626774856795237e-03
4.823753237724304199e-02
-3.263869285583496094e-01
-1.771331464175318615e-02
5.049368739128112793e-02
-2.721358537673950195e-01
-2.554085922662352459e-02
-3.746756911277770996e-02
-2.562248110771179199e-01
-1.360478555056943151e-04
2.516171336174011230e-02
-3.669723272323608398e-01
-1.443941124949787991e-02
5.296245217323303223e-02
-3.250355720520019531e-01
-1.927486879054640667e-02
5.040895938873291016e-02
-2.687877416610717773e-01
-2.128209618155096905e-02
-3.195858001708984375e-02
-2.473134994506835938e-01
-2.074805160287951367e-02
2.619093656539916992e-02
-3.624892830848693848e-01
-3.251717870358561413e-02
5.092120170593261719e-02
-3.179520368576049805e-01
-2.662750778023337261e-02
4.862067103385925293e-02
-2.627112269401550293e-01
-2.054789734307860272e-02
-2.042597532272338867e-02
-2.368108630180358887e-01
-4.098963995699023144e-02
1.746362447738647461e-02
-3.380420804023742676e-01
-4.470541586402987377e-02
3.795501589775085449e-02
-3.106940388679504395e-01
-3.474205245498751538e-02
3.943294286727905273e-02
-2.668452858924865723e-01
-2.639893886868094341e-02
