0.000000000000000000e+00
0.000000000000000000e+00
0.000000000000000000e+00
-1.277744770050048828e-03
-8.394867181777954102e-02
8.713211492036521122e-03
7.595509290695190430e-03
-1.621571779251098633e-01
7.739159372036397144e-03
1.878124475479125977e-02
-2.163738608360290527e-01
1.519369171333551094e-03
2.839374542236328125e-02
-2.581986188888549805e-01
-4.415997210557520702e-03
6.147950887680053711e-03
-2.041115760803222656e-01
1.093653272870653836e-02
2.521616220474243164e-02
-2.990508079528808594e-01
-2.661085826943576649e-03
3.761956095695495605e-02
-3.690800070762634277e-01
-1.322906780954724582e-02
4.621779918670654297e-02
-4.233596920967102051e-01
-1.991858184304362567e-02
7.015407085418701172e-03
-2.011429071426391602e-01
-4.983010142709076717e-03
2.498230338096618652e-02
-3.067358732223510742e-01
-1.806672513451701434e-02
3.869646787643432617e-02
-3.789361715316772461e-01
-2.729646712508326800e-02
4.948663711547851562e-02
-4.455650448799133301e-01
-3.279666267302161486e-02
1.635918021202087402e-02
-1.959431171417236328e-01
-2.202033475008136065e-02
3.124043345451354980e-02
-3.068555593490600586e-01
-3.197395838763839038e-02
4.241803288459777832e-02
-3.766374588012695312e-01
-3.508059345152503283e-02
5.119982361793518066e-02
-4.374166131019592285e-01
-3.612418509986525805e-02
3.663414716720581055e-02
-1.877698302268981934e-01
-3.964509852197295459e-02
4.252409934997558594e-02
-2.795688509941101074e-01
-4.456785730984336169e-02
4.668214917182922363e-02
-3.373950719833374023e-01
-4.308225251701003344e-02
5.089786648750305176e-02
-3.871782422065734863e-01
-4.147095270421630175e-02
