0.000000000000000000e+00
0.000000000000000000e+00
0.000000000000000000e+00
-2.185663580894470215e-02
-8.600974082946777344e-02
1.509862441119480536e-02
-3.154817223548889160e-02
-1.863433122634887695e-01
1.377123921659517691e-02
-3.364464640617370605e-02
-2.608434557914733887e-01
7.468150011419538714e-03
-3.406691551208496094e-02
-3.167717456817626953e-01
-8.784622045538981183e-04
-3.054058551788330078e-02
-2.409827113151550293e-01
-5.888905362070318006e-03
-1.552325487136840820e-02
-3.608006238937377930e-01
-2.222321320775222375e-02
-4.988789558410644531e-03
-4.374327063560485840e-01
-3.283909101489257409e-02
6.222605705261230469e-03
-5.023470818996429443e-01
-4.075091470483016565e-02
-2.236086130142211914e-02
-2.352056503295898438e-01
-2.620061252716254785e-02
-6.440579891204833984e-03
-3.730147182941436768e-01
-4.399141062501144006e-02
5.660772323608398438e-03
-4.591290950775146484e-01
-5.561130259636115625e-02
1.732212305068969727e-02
-5.335376858711242676e-01
-6.467040766480636194e-02
-1.115542650222778320e-02
-2.167159914970397949e-01
-4.539344970586967065e-02
2.745389938354492188e-03
-3.511052131652832031e-01
-5.954407666328620508e-02
1.352643966674804688e-02
-4.328083992004394531e-01
-6.683542717698287561e-02
2.324739098548889160e-02
-4.985693991184234619e-01
-7.327459890845489099e-02
3.320604562759399414e-03
-1.931026577949523926e-01
-6.351648409369659021e-02
8.875578641891479492e-03
-2.908992767333984375e-01
-7.559362937215041711e-02
1.276785135269165039e-02
-3.568101227283477783e-01
-8.168781687024306848e-02
1.685556769371032715e-02
-4.140795469284057617e-01
-8.735998858216476037e-02
