0.000000000000000000e+00
0.000000000000000000e+00
0.000000000000000000e+00
-1.665055751800537109e-04
-8.128947019577026367e-02
1.361879796668574727e-02
7.346421480178833008e-03
-1.599342823028564453e-01
1.514209617808148778e-02
1.709705591201782227e-02
-2.124106287956237793e-01
1.118954547628447926e-02
2.579507231712341309e-02
-2.534309625625610352e-01
6.878674001839613084e-03
1.025456190109252930e-02
-1.968336701393127441e-01
1.300550249352738774e-02
2.991193532943725586e-02
-2.871472239494323730e-01
2.452156012353157166e-03
3.937733173370361328e-02
-3.550447821617126465e-01
-5.644432763162399169e-03
4.508128762245178223e-02
-4.100543856620788574e-01
-1.143935884401514613e-02
1.049253344535827637e-02
-1.926259398460388184e-01
-4.627822461131358978e-03
3.113418817520141602e-02
-2.955482602119445801e-01
-1.463983862713291728e-02
4.201057553291320801e-02
-3.652929067611694336e-01
-2.248298938438608729e-02
5.038630962371826172e-02
-4.308323264122009277e-01
-2.801535467669680202e-02
1.635846495628356934e-02
-1.858498454093933105e-01
-2.253976094588949763e-02
3.237602114677429199e-02
-2.921845912933349609e-01
-3.057673203811361873e-02
4.142400622367858887e-02
-3.609895706176757812e-01
-3.347422557935431087e-02
4.686376452445983887e-02
-4.221868515014648438e-01
-3.545405346021368587e-02
3.006619215011596680e-02
-1.751177906990051270e-01
-4.034755381807997310e-02
3.527870774269104004e-02
-2.634936571121215820e-01
-4.571784663066580379e-02
3.831890225410461426e-02
-3.198599219322204590e-01
-4.525825011596396052e-02
4.066917300224304199e-02
-3.687973022460937500e-01
-4.494972902402594173e-02
