0.000000000000000000e+00
0.000000000000000000e+00
0.000000000000000000e+00
-6.095767021179199219e-03
-8.783030509948730469e-02
1.795975131864224750e-02
-1.359865069389343262e-02
-1.894470453262329102e-01
1.771460672790681201e-02
-1.557692885398864746e-02
-2.651620507240295410e-01
1.213893121058617908e-02
-1.695790886878967285e-02
-3.218994140625000000e-01
3.975382204600919067e-03
-7.599145174026489258e-03
-2.411358952522277832e-01
-5.641643759361159027e-03
1.159220933914184570e-02
-3.593155741691589355e-01
-2.124072225814188641e-02
2.158036828041076660e-02
-4.360890686511993408e-01
-3.130518259530390424e-02
2.990150451660156250e-02
-5.008693039417266846e-01
-3.872390823488558453e-02
-2.204328775405883789e-03
-2.332627177238464355e-01
-2.710659975235785168e-02
1.846596598625183105e-02
-3.746799528598785400e-01
-4.333310561304415387e-02
2.883535623550415039e-02
-4.624170362949371338e-01
-5.347125964289034528e-02
3.553745150566101074e-02
-5.346575379371643066e-01
-6.117983894472445172e-02
6.363779306411743164e-03
-2.150289416313171387e-01
-4.701580094223345441e-02
2.345007658004760742e-02
-3.516844213008880615e-01
-5.970916511540735883e-02
3.195130825042724609e-02
-4.360979795455932617e-01
-6.583722295289362592e-02
3.763371706008911133e-02
-5.031620860099792480e-01
-7.118709744935358685e-02
1.924645900726318359e-02
-1.918268203735351562e-01
-6.555477889304484052e-02
2.699965238571166992e-02
-2.937852144241333008e-01
-7.599864514594401044e-02
3.051599860191345215e-02
-3.606385886669158936e-01
-8.038005592351282758e-02
3.377661108970642090e-02
-4.158450365066528320e-01
-8.451976986651743573e-02
