0.000000000000000000e+00
0.000000000000000000e+00
0.000000000000000000e+00
3.776073455810546875e-03
-7.329493761062622070e-02
6.975900537966595039e-03
1.828655600547790527e-02
-1.495165228843688965e-01
7.766591075508699760e-03
3.220829367637634277e-02
-1.943640112876892090e-01
2.650481106414304122e-03
4.097199440002441406e-02
-2.324624061584472656e-01
-2.171624528543247834e-03
1.099619269371032715e-02
-2.138273715972900391e-01
1.911499739408384357e-02
3.170895576477050781e-02
-3.101676702499389648e-01
6.257166776507006034e-03
4.509627819061279297e-02
-3.841465115547180176e-01
-5.652683630884780541e-03
5.448552966117858887e-02
-4.421625137329101562e-01
-1.384847781837095226e-02
1.341715455055236816e-02
-2.159206271171569824e-01
2.993603160305724487e-03
3.134661912918090820e-02
-3.235928416252136230e-01
-9.394742392302646294e-03
4.616126418113708496e-02
-3.995267152786254883e-01
-2.151967383205999340e-02
5.749127268791198730e-02
-4.714933931827545166e-01
-2.955332196533788647e-02
2.475422620773315430e-02
-2.159971594810485840e-01
-1.513556095987667049e-02
3.894034028053283691e-02
-3.280410170555114746e-01
-2.564519628167261089e-02
5.144053697586059570e-02
-4.008962512016296387e-01
-3.279139644682516064e-02
6.054678559303283691e-02
-4.678072929382324219e-01
-3.682346440136541332e-02
4.885166883468627930e-02
-2.114230394363403320e-01
-3.423706240236867870e-02
5.539521574974060059e-02
-3.017004132270812988e-01
-3.996466270864118542e-02
6.035992503166198730e-02
-3.615353703498840332e-01
-4.064145109832395519e-02
6.492796540260314941e-02
-4.151428341865539551e-01
-4.097503594339002575e-02
