0.000000000000000000e+00
0.000000000000000000e+00
0.000000000000000000e+00
-1.795291900634765625e-04
-8.179688453674316406e-02
1.189772226310026326e-02
8.891940116882324219e-03
-1.602439880371093750e-01
1.267406903600942769e-02
1.954960823059082031e-02
-2.134275436401367188e-01
7.220174189868089343e-03
2.927124500274658203e-02
-2.550001740455627441e-01
1.853909696663436080e-03
9.306669235229492188e-03
-2.133890390396118164e-01
1.867289841568720021e-02
2.789467573165893555e-02
-3.049378395080566406e-01
7.210562475236770297e-03
3.918778896331787109e-02
-3.738889098167419434e-01
-2.765412438449743604e-03
4.681581258773803711e-02
-4.273728728294372559e-01
-9.423758830664041852e-03
1.113185286521911621e-02
-2.133593559265136719e-01
1.089214467654642249e-03
2.698513865470886230e-02
-3.171862363815307617e-01
-9.309935379562261915e-03
3.915107250213623047e-02
-3.882479667663574219e-01
-1.796230673396337352e-02
4.826441407203674316e-02
-4.536023437976837158e-01
-2.370425127053010783e-02
2.137422561645507812e-02
-2.106009721755981445e-01
-1.771923526727903209e-02
3.599342703819274902e-02
-3.196184039115905762e-01
-2.551093510889756999e-02
4.642692208290100098e-02
-3.875750899314880371e-01
-2.833661809169996104e-02
5.393034219741821289e-02
-4.476401209831237793e-01
-2.986093610131490550e-02
4.314684867858886719e-02
-2.035011649131774902e-01
-3.706526755892980418e-02
5.007302761077880859e-02
-2.950737476348876953e-01
-4.059528186523664317e-02
5.479103326797485352e-02
-3.528167009353637695e-01
-3.864353522264707408e-02
5.909290909767150879e-02
-4.026206135749816895e-01
-3.709169849359739146e-02
