0.000000000000000000e+00
0.000000000000000000e+00
0.000000000000000000e+00
9.417235851287841797e-04
-7.876372337341308594e-02
1.075097045203676771e-02
1.000934839248657227e-02
-1.564461588859558105e-01
1.172544678946962904e-02
1.968508958816528320e-02
-2.079448699951171875e-01
7.643442249801069011e-03
2.763387560844421387e-02
-2.492904663085937500e-01
3.564742741119175662e-03
9.777128696441650391e-03
-1.988461613655090332e-01
1.346194522729149412e-02
2.800601720809936523e-02
-2.888115644454956055e-01
2.446373340617924441e-03
3.803271055221557617e-02
-3.567754030227661133e-01
-6.467463334146827947e-03
4.402762651443481445e-02
-4.114787578582763672e-01
-1.273433526704081942e-02
1.042446494102478027e-02
-1.960238218307495117e-01
-2.647085699308604489e-03
2.912333607673645020e-02
-2.971703410148620605e-01
-1.303269283572205950e-02
4.068019986152648926e-02
-3.666363954544067383e-01
-2.176310063997277666e-02
4.940316081047058105e-02
-4.323971867561340332e-01
-2.781233878532418657e-02
1.736518740653991699e-02
-1.914771199226379395e-01
-1.945269049802789141e-02
3.138771653175354004e-02
-2.950314879417419434e-01
-2.777683304348954607e-02
4.103329777717590332e-02
-3.630614280700683594e-01
-3.145723731914529253e-02
4.679438471794128418e-02
-4.239022135734558105e-01
-3.376858623424539019e-02
3.297889232635498047e-02
-1.827560067176818848e-01
-3.649571852484712053e-02
3.731289505958557129e-02
-2.696483135223388672e-01
-4.161050485173234392e-02
4.037463665008544922e-02
-3.252694606781005859e-01
-4.129037202993401934e-02
4.229256510734558105e-02
-3.731235265731811523e-01
-4.105643870035180498e-02
