0.000000000000000000e+00
0.000000000000000000e+00
0.000000000000000000e+00
-9.367763996124267578e-04
-8.463466167449951172e-02
1.274205915122195165e-02
6.096273660659790039e-03
-1.611182093620300293e-01
1.243578906594677846e-02
1.506072282791137695e-02
-2.109604477882385254e-01
6.548204305161675620e-03
2.432101964950561523e-02
-2.503609061241149902e-01
2.636824707025198222e-04
1.061600446701049805e-02
-1.938765645027160645e-01
1.019155125557347219e-02
2.978301048278808594e-02
-2.827914953231811523e-01
-2.267676326866308045e-03
3.939336538314819336e-02
-3.521055579185485840e-01
-1.190044932575062830e-02
4.499086737632751465e-02
-4.088639020919799805e-01
-1.869177926839427073e-02
1.060843467712402344e-02
-1.891814470291137695e-01
-7.962158103893557382e-03
3.083679080009460449e-02
-2.925996780395507812e-01
-1.985932063819006999e-02
4.170599579811096191e-02
-3.654496669769287109e-01
-2.893815670670107920e-02
4.979628324508666992e-02
-4.350843429565429688e-01
-3.531752821565703471e-02
1.650330424308776855e-02
-1.832394003868103027e-01
-2.638363201678828318e-02
3.228363394737243652e-02
-2.898762226104736328e-01
-3.569661003113822062e-02
4.118984937667846680e-02
-3.608173727989196777e-01
-3.936614018441275675e-02
4.674887657165527344e-02
-4.250316619873046875e-01
-4.178304892541007121e-02
3.057426214218139648e-02
-1.747843623161315918e-01
-4.479750168086127360e-02
3.648501634597778320e-02
-2.623460888862609863e-01
-5.066340338946417887e-02
3.956013917922973633e-02
-3.199869990348815918e-01
-5.047203522683219035e-02
4.229381680488586426e-02
-3.709064722061157227e-01
-5.037422400475577433e-02
