0.000000000000000000e+00
0.000000000000000000e+00
0.000000000000000000e+00
-1.469877362251281738e-02
-9.306234121322631836e-02
1.719632876387322540e-02
-1.819923520088195801e-02
-1.925912499427795410e-01
1.574137752226079101e-02
-1.480978727340698242e-02
-2.618507146835327148e-01
8.937744808406478114e-03
-1.057332754135131836e-02
-3.179503381252288818e-01
-4.714762845310360717e-04
-1.061767339706420898e-02
-2.278861999511718750e-01
-9.525951544731015019e-03
1.040908694267272949e-02
-3.481338024139404297e-01
-2.762281018027579194e-02
2.185508608818054199e-02
-4.275593459606170654e-01
-3.891686777302538758e-02
3.268983960151672363e-02
-4.936303198337554932e-01
-4.667368958422457581e-02
-4.732072353363037109e-03
-2.201894521713256836e-01
-3.124508130082404023e-02
1.798379421234130859e-02
-3.633198440074920654e-01
-5.060308853813921814e-02
3.089287877082824707e-02
-4.545098543167114258e-01
-6.285700256654536133e-02
4.189193248748779297e-02
-5.314553380012512207e-01
-7.153044695684229737e-02
5.911529064178466797e-03
-2.043820023536682129e-01
-5.117056200930392151e-02
2.374938130378723145e-02
-3.474426865577697754e-01
-6.608785743543421631e-02
3.361827135086059570e-02
-4.348236024379730225e-01
-7.405065799781596070e-02
4.193130135536193848e-02
-5.047934055328369141e-01
-8.023700917789255982e-02
2.143085002899169922e-02
-1.845398545265197754e-01
-6.965614909955775147e-02
3.067719936370849609e-02
-2.878165245056152344e-01
-8.152242804595744019e-02
3.531640768051147461e-02
-3.565228283405303955e-01
-8.688507283756052857e-02
4.000934958457946777e-02
-4.148893952369689941e-01
-9.145238305160319214e-02
