0.000000000000000000e+00
0.000000000000000000e+00
0.000000000000000000e+00
3.540846705436706543e-02
-1.135284304618835449e-01
-1.651054782655592135e-03
4.203516244888305664e-02
-2.162827849388122559e-01
-9.445997838724906615e-03
4.327255487442016602e-02
-2.897413969039916992e-01
-2.024843352739935654e-02
4.167601466178894043e-02
-3.481692671775817871e-01
-2.740061650877123611e-02
-3.226411342620849609e-02
-2.930997014045715332e-01
-3.135096001301462820e-03
4.929050803184509277e-02
-3.539112806320190430e-01
-2.639124165182238357e-02
7.033815979957580566e-02
-2.827196121215820312e-01
-4.073153617684965866e-02
6.105864048004150391e-02
-2.347657084465026855e-01
-4.864151212279921310e-02
-3.587502241134643555e-02
-2.693862915039062500e-01
-1.417487948094731109e-02
5.357930064201354980e-02
-3.327721953392028809e-01
-3.596395808165198105e-02
6.908601522445678711e-02
-2.595279216766357422e-01
-3.981553199594145553e-02
5.664861202239990234e-02
-2.121899127960205078e-01
-3.953229444925909775e-02
-3.129455447196960449e-02
-2.357459664344787598e-01
-2.744884970491057175e-02
5.428993701934814453e-02
-2.908576130867004395e-01
-4.578317883317595260e-02
6.678453087806701660e-02
-2.263465523719787598e-01
-3.862225818340903061e-02
5.355563759803771973e-02
-1.852592825889587402e-01
-3.087322967951422470e-02
-1.916718482971191406e-02
-1.954330205917358398e-01
-4.150264891688948410e-02
4.621243476867675781e-02
-2.430011034011840820e-01
-5.120701896851187485e-02
5.805602669715881348e-02
-1.953523755073547363e-01
-4.359146016543036239e-02
4.822304844856262207e-02
-1.600347757339477539e-01
-3.594610276525145309e-02
