0.000000000000000000e+00
0.000000000000000000e+00
0.000000000000000000e+00
-5.290329456329345703e-03
-9.524869918823242188e-02
1.736833191165487733e-02
-6.045013666152954102e-03
-1.972802877426147461e-01
1.687863132605116334e-02
-4.059970378875732422e-04
-2.766562104225158691e-01
1.077409869679968324e-02
3.915488719940185547e-03
-3.374093174934387207e-01
2.998810388760375645e-03
-1.896682381629943848e-02
-2.298353314399719238e-01
-1.367080596594405506e-03
3.088742494583129883e-03
-3.530014753341674805e-01
-1.792144180586774382e-02
1.814079284667968750e-02
-4.326651394367218018e-01
-2.962266804030377898e-02
3.168967366218566895e-02
-4.965010285377502441e-01
-3.730359078696210418e-02
-1.643541455268859863e-02
-2.212932705879211426e-01
-2.214075588932473693e-02
7.290899753570556641e-03
-3.623126149177551270e-01
-3.732954488447148833e-02
2.429404854774475098e-02
-4.525408744812011719e-01
-4.703242481997449431e-02
4.000738263130187988e-02
-5.267148315906524658e-01
-5.413577855875928435e-02
-5.035370588302612305e-03
-2.077634930610656738e-01
-4.197180421402890715e-02
1.542457938194274902e-02
-3.498219847679138184e-01
-5.287357569983441863e-02
3.089728951454162598e-02
-4.359932541847229004e-01
-5.804531053951222930e-02
4.583141207695007324e-02
-5.028079450130462646e-01
-6.267016531279523406e-02
1.589077711105346680e-02
-1.926996707916259766e-01
-6.093001515915830169e-02
2.773547172546386719e-02
-2.934535741806030273e-01
-6.837228090813596282e-02
3.637701272964477539e-02
-3.582015633583068848e-01
-7.034149916222531829e-02
4.555189609527587891e-02
-4.120820164680480957e-01
-7.274191976836164031e-02
