0.000000000000000000e+00
0.000000000000000000e+00
0.000000000000000000e+00
1.416379213333129883e-02
-6.115674972534179688e-02
7.904583850191215788e-03
2.692618966102600098e-02
-1.487006545066833496e-01
6.931555253700594221e-03
3.490611910820007324e-02
-2.063295245170593262e-01
1.678470318452696119e-03
4.109290242195129395e-02
-2.542132735252380371e-01
-3.543406695811768259e-03
2.559882402420043945e-02
-2.140962481498718262e-01
7.642325741485933577e-03
4.185819625854492188e-02
-3.119500279426574707e-01
-4.142891819341798509e-03
5.234602093696594238e-02
-3.807461857795715332e-01
-1.354481905580939838e-02
6.031021475791931152e-02
-4.350567460060119629e-01
-1.997149895758809635e-02
2.522933483123779297e-02
-2.117370367050170898e-01
-7.051216642125268663e-03
4.282215237617492676e-02
-3.226022720336914062e-01
-1.743394669027509281e-02
5.498808622360229492e-02
-3.937956690788269043e-01
-2.626397993297757694e-02
6.544363498687744141e-02
-4.552981853485107422e-01
-3.225993525119008609e-02
2.918097376823425293e-02
-2.049296498298645020e-01
-2.226321000487985202e-02
4.321029782295227051e-02
-3.198319077491760254e-01
-2.958863574893655368e-02
5.285692214965820312e-02
-3.894718885421752930e-01
-3.275771599145116397e-02
6.000328063964843750e-02
-4.458461701869964600e-01
-3.501745846004666873e-02
3.921976685523986816e-02
-1.934254765510559082e-01
-3.778884347410382816e-02
4.465746879577636719e-02
-2.856301665306091309e-01
-4.139844115705670902e-02
4.837983846664428711e-02
-3.420575261116027832e-01
-4.011831592650594303e-02
5.134290456771850586e-02
-3.872064352035522461e-01
-3.922056566806020328e-02
