0.000000000000000000e+00
0.000000000000000000e+00
0.000000000000000000e+00
-1.342317461967468262e-02
-9.065032005310058594e-02
2.041617518312932589e-02
-1.817756891250610352e-02
-1.902657151222229004e-01
2.025018369801045992e-02
-1.562675833702087402e-02
-2.598017454147338867e-01
1.452292611844541170e-02
-1.049858331680297852e-02
-3.152945637702941895e-01
6.466429848444477102e-03
-1.389443874359130859e-02
-2.309595346450805664e-01
-7.019710093516096094e-03
7.907062768936157227e-03
-3.507460653781890869e-01
-2.350279392652510069e-02
2.179199457168579102e-02
-4.277061820030212402e-01
-3.332834394626615904e-02
3.492057323455810547e-02
-4.908375144004821777e-01
-4.025441857032774351e-02
-8.077174425125122070e-03
-2.234752774238586426e-01
-2.940502094082830808e-02
1.559183001518249512e-02
-3.674359917640686035e-01
-4.731362389378546141e-02
3.164407610893249512e-02
-4.557508528232574463e-01
-5.765431823186872862e-02
4.542973637580871582e-02
-5.292288661003112793e-01
-6.530481653265951536e-02
2.536684274673461914e-03
-2.074773907661437988e-01
-4.980202095561025999e-02
2.200567722320556641e-02
-3.506860435009002686e-01
-6.322247611336706541e-02
3.565788269042968750e-02
-4.359357357025146484e-01
-6.954137312226293943e-02
4.731422662734985352e-02
-5.032353401184082031e-01
-7.510117517762182615e-02
1.864495873451232910e-02
-1.884471774101257324e-01
-6.852664129786489866e-02
2.857583761215209961e-02
-2.923068106174468994e-01
-8.030335681490896604e-02
3.487735986709594727e-02
-3.618238568305969238e-01
-8.608772682003973387e-02
4.133653640747070312e-02
-4.210482835769653320e-01
-9.119478689484594724e-02
