0.000000000000000000e+00
0.000000000000000000e+00
0.000000000000000000e+00
3.464022278785705566e-02
-1.170793771743774414e-01
4.640402426190348706e-03
3.511708974838256836e-02
-2.164739370346069336e-01
2.549300926659725519e-04
3.359422087669372559e-02
-2.872890830039978027e-01
-8.824360403053788104e-03
3.046613931655883789e-02
-3.428047299385070801e-01
-1.472267213725331203e-02
-4.097926616668701172e-02
-2.873645424842834473e-01
4.476162293173047146e-03
3.483974933624267578e-02
-3.595081567764282227e-01
-1.649032983445408718e-02
5.881208181381225586e-02
-2.941637039184570312e-01
-3.081096600257637874e-02
5.208665132522583008e-02
-2.402802109718322754e-01
-3.857030238472702877e-02
-4.303729534149169922e-02
-2.684698104858398438e-01
-9.119995715849427143e-03
4.097089171409606934e-02
-3.447704911231994629e-01
-2.702768597268345729e-02
6.140300631523132324e-02
-2.764151692390441895e-01
-2.961228493117573635e-02
5.310824513435363770e-02
-2.236524224281311035e-01
-2.891884076856854335e-02
-3.669783473014831543e-02
-2.384774088859558105e-01
-2.469573992752316371e-02
4.237279295921325684e-02
-3.125775456428527832e-01
-3.884215916954758541e-02
6.025570631027221680e-02
-2.525997161865234375e-01
-3.032429221534016506e-02
5.192208290100097656e-02
-2.050820589065551758e-01
-2.206415947043183223e-02
-2.245262265205383301e-02
-1.995808482170104980e-01
-4.078086729609253780e-02
3.439766168594360352e-02
-2.669637203216552734e-01
-4.701067026221039669e-02
5.013495683670043945e-02
-2.281751036643981934e-01
-3.745758424960854427e-02
4.629269242286682129e-02
-1.906967163085937500e-01
-2.874908674024823085e-02
