0.000000000000000000e+00
0.000000000000000000e+00
0.000000000000000000e+00
4.034000635147094727e-02
-5.575257539749145508e-02
2.972168680230424798e-03
5.063357949256896973e-02
-1.346340775489807129e-01
1.146978065321491158e-03
5.660668015480041504e-02
-1.820788979530334473e-01
-5.521794715946271026e-03
6.500679254531860352e-02
-2.242955565452575684e-01
-1.250061339703734120e-02
1.105460524559020996e-02
-2.188943624496459961e-01
3.290616273829982674e-03
3.814202547073364258e-02
-3.163177371025085449e-01
-1.294218602595265111e-02
5.691775679588317871e-02
-3.876706361770629883e-01
-2.615655719307596883e-02
7.196944952011108398e-02
-4.450636506080627441e-01
-3.522409631875689229e-02
6.589770317077636719e-03
-2.173357009887695312e-01
-1.141606963244612416e-02
3.447455167770385742e-02
-3.322038054466247559e-01
-2.742148882714445790e-02
5.622249841690063477e-02
-4.080671668052673340e-01
-4.048962279227907857e-02
7.350763678550720215e-02
-4.718165695667266846e-01
-4.877001925376589497e-02
1.428371667861938477e-02
-2.077897787094116211e-01
-2.752029283908541402e-02
3.890776634216308594e-02
-3.242385387420654297e-01
-4.282246663240130147e-02
5.882239341735839844e-02
-4.003443717956542969e-01
-5.367359652188952168e-02
7.485467195510864258e-02
-4.614624679088592529e-01
-5.977515636948282918e-02
3.533431887626647949e-02
-1.914701461791992188e-01
-4.401312901643450459e-02
5.495190620422363281e-02
-2.822250127792358398e-01
-5.453882127073939046e-02
6.913167238235473633e-02
-3.422759771347045898e-01
-5.918517841962511739e-02
8.259880542755126953e-02
-3.901877999305725098e-01
-6.206227972177202901e-02
