0.000000000000000000e+00
0.000000000000000000e+00
0.000000000000000000e+00
-1.200520992279052734e-02
-8.813965320587158203e-02
1.763243304684181112e-02
-1.722729206085205078e-02
-1.910967826843261719e-01
1.873533876731414693e-02
-1.714012026786804199e-02
-2.646113038063049316e-01
1.461588574692029852e-02
-1.818239688873291016e-02
-3.236407935619354248e-01
8.360232060098837792e-03
-1.068222522735595703e-02
-2.367626428604125977e-01
-3.777680619364787162e-03
-7.205903530120849609e-04
-3.546505570411682129e-01
-1.977329997227172953e-02
4.959553480148315430e-03
-4.339319765567779541e-01
-2.957063278064708811e-02
9.823679924011230469e-03
-5.009279251098632812e-01
-3.677908440933208567e-02
-6.956368684768676758e-03
-2.289685606956481934e-01
-2.501879183456878764e-02
4.224240779876708984e-03
-3.670333027839660645e-01
-4.357523580894451243e-02
1.053890585899353027e-02
-4.572731852531433105e-01
-5.468898003802280527e-02
1.461237668991088867e-02
-5.371381640434265137e-01
-6.259486934051494700e-02
-1.911103725433349609e-03
-2.109221220016479492e-01
-4.510035103068332774e-02
8.017748594284057617e-03
-3.478385508060455322e-01
-6.015105655298214060e-02
1.294916868209838867e-02
-4.364790916442871094e-01
-6.833352258310299021e-02
1.552197337150573730e-02
-5.089398324489593506e-01
-7.432071229324321848e-02
3.842413425445556641e-03
-1.882545351982116699e-01
-6.371206899986248118e-02
6.047397851943969727e-03
-2.916429042816162109e-01
-7.744641711816768748e-02
6.766498088836669922e-03
-3.633267283439636230e-01
-8.497484138116817576e-02
7.998645305633544922e-03
-4.233106076717376709e-01
-9.073882659778575999e-02
