0.000000000000000000e+00
0.000000000000000000e+00
0.000000000000000000e+00
-2.091452479362487793e-02
-8.457791805267333984e-02
1.641826656845069010e-02
-3.014549612998962402e-02
-1.864594817161560059e-01
1.287143630173659403e-02
-2.865561842918395996e-02
-2.621150016784667969e-01
4.238478366403342079e-03
-2.414646744728088379e-02
-3.205673992633819580e-01
-6.359876606495618034e-03
-2.987489104270935059e-02
-2.301405668258666992e-01
-1.398534747573876302e-02
-9.128272533416748047e-03
-3.587959408760070801e-01
-3.344395617756390493e-02
5.128771066665649414e-03
-4.382912218570709229e-01
-4.453891376766705434e-02
1.896834373474121094e-02
-5.034281313419342041e-01
-5.186663056525731008e-02
-2.446633577346801758e-02
-2.195997834205627441e-01
-3.583461652311825674e-02
-4.313588142395019531e-04
-3.693912327289581299e-01
-5.609948049101376455e-02
1.691946387290954590e-02
-4.604554772377014160e-01
-6.702453504118466299e-02
3.308615088462829590e-02
-5.347467064857482910e-01
-7.469692687305951040e-02
-1.223492622375488281e-02
-2.021335959434509277e-01
-5.587904016289257925e-02
6.300449371337890625e-03
-3.518828153610229492e-01
-7.037653635057949941e-02
2.093163132667541504e-02
-4.404356181621551514e-01
-7.633529464516186636e-02
3.500860929489135742e-02
-5.095592141151428223e-01
-8.135754476103329580e-02
7.926583290100097656e-03
-1.827741265296936035e-01
-7.464615861687207143e-02
1.619940996170043945e-02
-2.914698719978332520e-01
-8.570916811737561147e-02
2.266913652420043945e-02
-3.622362017631530762e-01
-9.007038782152676504e-02
2.985441684722900391e-02
-4.225899577140808105e-01
-9.403635422501110952e-02
