0.000000000000000000e+00
0.000000000000000000e+00
0.000000000000000000e+00
1.482942700386047363e-02
-8.517485857009887695e-02
1.616234727919163561e-02
3.716319799423217773e-03
-1.784256696701049805e-01
1.478196610480608797e-02
2.148389816284179688e-03
-2.493599653244018555e-01
5.405061643273256777e-03
4.444390535354614258e-03
-3.040273785591125488e-01
-2.455742566212393285e-03
-5.173692107200622559e-02
-2.435781359672546387e-01
1.104959682345452165e-02
-1.827114820480346680e-02
-3.553988337516784668e-01
-7.911261871754504682e-03
1.600238680839538574e-02
-3.446316123008728027e-01
-2.153180330276427412e-02
2.455639839172363281e-02
-3.062580823898315430e-01
-2.744141011714873457e-02
-5.432525277137756348e-02
-2.293196320533752441e-01
-7.459434449970103742e-03
-9.771436452865600586e-03
-3.525596261024475098e-01
-1.864089234948096419e-02
2.478253841400146484e-02
-3.302690982818603516e-01
-2.230237960100112105e-02
2.775090932846069336e-02
-2.876536846160888672e-01
-2.509985282301840925e-02
-4.694035649299621582e-02
-2.163881063461303711e-01
-2.701590000867781782e-02
-7.186859846115112305e-03
-3.393813967704772949e-01
-3.512126743078169966e-02
2.405411005020141602e-02
-3.113417625427246094e-01
-2.765643387317595625e-02
2.746677398681640625e-02
-2.649868130683898926e-01
-2.250933996617732191e-02
-3.245145082473754883e-02
-2.052811384201049805e-01
-4.610476806044516707e-02
-7.265597581863403320e-03
-3.155674338340759277e-01
-4.759861692070899153e-02
1.866933703422546387e-02
-2.984760999679565430e-01
-3.621114953637061262e-02
2.566000819206237793e-02
-2.584482431411743164e-01
-2.798819891393122816e-02
