0.000000000000000000e+00
0.000000000000000000e+00
0.000000000000000000e+00
-1.015454530715942383e-03
-8.138877153396606445e-02
1.447925618532508452e-02
5.240470170974731445e-03
-1.558368802070617676e-01
1.429196721556991179e-02
1.463770866394042969e-02
-2.025246024131774902e-01
8.168913374277053663e-03
2.524894475936889648e-02
-2.396202087402343750e-01
1.410357487941382715e-03
9.865701198577880859e-03
-1.908254623413085938e-01
1.286657149586289961e-02
2.852717041969299316e-02
-2.800180912017822266e-01
2.022009991662798711e-03
3.811347484588623047e-02
-3.482425212860107422e-01
-6.691130859223903826e-03
4.368889331817626953e-02
-4.041122794151306152e-01
-1.263302383330255907e-02
1.092693209648132324e-02
-1.873925924301147461e-01
-5.221481950400175265e-03
2.822092175483703613e-02
-2.879561185836791992e-01
-1.426741765197903078e-02
3.876742720603942871e-02
-3.571635484695434570e-01
-2.138530933615356844e-02
4.687407612800598145e-02
-4.197786450386047363e-01
-2.638836675640732210e-02
1.780569553375244141e-02
-1.833757758140563965e-01
-2.335679442938953798e-02
3.100669384002685547e-02
-2.876693010330200195e-01
-2.874670089539677065e-02
3.975120186805725098e-02
-3.542646169662475586e-01
-2.885223464426189821e-02
4.572594165802001953e-02
-4.121056795120239258e-01
-2.894790568706184786e-02
3.263303637504577637e-02
-1.762321591377258301e-01
-4.155368456002861421e-02
3.775686025619506836e-02
-2.649709582328796387e-01
-4.291659319159180086e-02
4.238286614418029785e-02
-3.200656175613403320e-01
-3.875709795710235994e-02
4.642397165298461914e-02
-3.658807873725891113e-01
-3.583030500766426485e-02
