0.000000000000000000e+00
0.000000000000000000e+00
0.000000000000000000e+00
-2.461275458335876465e-02
-8.353543281555175781e-02
1.996549705685879417e-02
-3.742831945419311523e-02
-1.919682621955871582e-01
2.127120199324394889e-02
-3.881135582923889160e-02
-2.751292586326599121e-01
1.704133975030686088e-02
-3.697276115417480469e-02
-3.356887996196746826e-01
1.060962977530266471e-02
-3.658643364906311035e-02
-2.370852828025817871e-01
-6.539418616426928565e-03
-2.055126428604125977e-02
-3.615768551826477051e-01
-2.231348191676829629e-02
-1.033788919448852539e-02
-4.411142766475677490e-01
-3.122860637782309823e-02
-8.513927459716796875e-04
-5.070651769638061523e-01
-3.796644767103884988e-02
-2.958333492279052734e-02
-2.276809215545654297e-01
-2.896277864752505593e-02
-1.241746544837951660e-02
-3.741584718227386475e-01
-4.635769387064669900e-02
-6.830096244812011719e-04
-4.646047949790954590e-01
-5.596319099245761208e-02
9.206533432006835938e-03
-5.413858890533447266e-01
-6.323772554574702554e-02
-1.916465163230895996e-02
-2.094574570655822754e-01
-4.968896766482089333e-02
-6.498605012893676758e-03
-3.537839055061340332e-01
-6.379572187839244179e-02
3.358662128448486328e-03
-4.411920011043548584e-01
-7.073829953847621255e-02
1.176261901855468750e-02
-5.126930177211761475e-01
-7.686336224256251626e-02
-3.958433866500854492e-03
-1.894562840461730957e-01
-6.869013493238185220e-02
-1.762866973876953125e-03
-2.923047542572021484e-01
-8.168706183610652261e-02
1.572817564010620117e-03
-3.605201542377471924e-01
-8.844642226873133950e-02
6.566166877746582031e-03
-4.195608496665954590e-01
-9.435496365009043984e-02
