0.000000000000000000e+00
0.000000000000000000e+00
0.000000000000000000e+00
-1.148673892021179199e-02
-9.846252202987670898e-02
2.328895969770883312e-02
-2.062869071960449219e-02
-2.001428008079528809e-01
2.629260538600419750e-02
-2.367627620697021484e-02
-2.742766737937927246e-01
2.311562007747625103e-02
-2.805018424987792969e-02
-3.343407213687896729e-01
1.769391825877164592e-02
-1.376035809516906738e-02
-2.366516590118408203e-01
-4.742335073615322472e-05
-9.486168622970581055e-03
-3.557596504688262939e-01
-1.553590775944257985e-02
-5.522787570953369141e-03
-4.350382089614868164e-01
-2.526314736820722828e-02
-1.100808382034301758e-03
-5.023244321346282959e-01
-3.256542415834928761e-02
-9.871453046798706055e-03
-2.297871708869934082e-01
-2.362710976518656025e-02
-5.253374576568603516e-03
-3.705619871616363525e-01
-4.295810864783788929e-02
-6.045699119567871094e-04
-4.616523385047912598e-01
-5.504218669153715382e-02
3.100603818893432617e-03
-5.400300920009613037e-01
-6.422851042367483387e-02
-7.348001003265380859e-03
-2.129491567611694336e-01
-4.528144927240873585e-02
-4.895806312561035156e-03
-3.518560528755187988e-01
-5.959898786164785633e-02
-1.593261957168579102e-03
-4.392426908016204834e-01
-6.651688174821401844e-02
1.540392637252807617e-03
-5.073155164718627930e-01
-7.252484367705847035e-02
-6.127715110778808594e-03
-1.932488083839416504e-01
-6.509008066274191151e-02
-7.267057895660400391e-03
-2.940202355384826660e-01
-7.849977718211675892e-02
-6.099402904510498047e-03
-3.641413748264312744e-01
-8.604287908889318715e-02
-3.473550081253051758e-03
-4.224447309970855713e-01
-9.256573574162985096e-02
