0.000000000000000000e+00
0.000000000000000000e+00
0.000000000000000000e+00
4.483997821807861328e-03
-7.512629032135009766e-02
1.812126828188809213e-02
1.561096310615539551e-02
-1.616774797439575195e-01
2.108612065966042337e-02
2.869653701782226562e-02
-2.132823467254638672e-01
1.704313387925537882e-02
4.114514589309692383e-02
-2.547357082366943359e-01
1.256953520531567392e-02
2.369111776351928711e-02
-2.091705799102783203e-01
2.254186166281613168e-02
4.248052835464477539e-02
-3.101488947868347168e-01
1.636772570962818918e-02
5.476006865501403809e-02
-3.742587268352508545e-01
1.148908739740761575e-02
6.490373611450195312e-02
-4.233016669750213623e-01
7.958646545361602875e-03
2.667647600173950195e-02
-2.098532915115356445e-01
3.973999673675621125e-03
4.693096876144409180e-02
-3.263061046600341797e-01
-9.872602222600335153e-04
6.092220544815063477e-02
-3.937946557998657227e-01
-5.896364657033359435e-03
7.371598482131958008e-02
-4.467398226261138916e-01
-9.368458149779712585e-03
3.313213586807250977e-02
-2.033902406692504883e-01
-1.497385310177890005e-02
5.025342106819152832e-02
-3.244790434837341309e-01
-1.692588100378600302e-02
6.212013959884643555e-02
-3.882408142089843750e-01
-1.682839388196555319e-02
7.151070237159729004e-02
-4.395293295383453369e-01
-1.763888294046012106e-02
4.399761557579040527e-02
-1.921351552009582520e-01
-3.365002045576659384e-02
5.358427762985229492e-02
-2.912866473197937012e-01
-3.276514852588263693e-02
5.939438939094543457e-02
-3.473744392395019531e-01
-2.949032778089133444e-02
6.461676955223083496e-02
-3.937173783779144287e-01
-2.779943527822581473e-02
