0.000000000000000000e+00
0.000000000000000000e+00
0.000000000000000000e+00
-1.924228668212890625e-02
-7.939213514328002930e-02
1.294892080883869312e-02
-2.813157439231872559e-02
-1.801033616065979004e-01
1.088437423865684650e-02
-2.724567055702209473e-02
-2.528720498085021973e-01
4.075876761334029652e-03
-2.468484640121459961e-02
-3.114008903503417969e-01
-4.722897570474060558e-03
-2.325785160064697266e-02
-2.392669916152954102e-01
-9.033039353681715511e-03
-4.010647535324096680e-03
-3.590943515300750732e-01
-2.574025294919124462e-02
8.642286062240600586e-03
-4.346747398376464844e-01
-3.606136343617549755e-02
2.066978812217712402e-02
-4.984741210937500000e-01
-4.364433339972606518e-02
-1.633474230766296387e-02
-2.322686910629272461e-01
-2.870174511511436322e-02
4.624336957931518555e-03
-3.712376058101654053e-01
-4.708042196173778393e-02
1.947140693664550781e-02
-4.578205347061157227e-01
-5.857576630253902294e-02
3.285729885101318359e-02
-5.321614444255828857e-01
-6.692405990500560620e-02
-4.561871290206909180e-03
-2.136976122856140137e-01
-4.730655453343501904e-02
1.134091615676879883e-02
-3.511941432952880859e-01
-6.197082824249378064e-02
2.394309639930725098e-02
-4.360124766826629639e-01
-6.969177923340907910e-02
3.504362702369689941e-02
-5.055124163627624512e-01
-7.597709647555461743e-02
1.246327161788940430e-02
-1.903694272041320801e-01
-6.500875405211559155e-02
1.921156048774719238e-02
-2.934736311435699463e-01
-7.821516147990337231e-02
2.392295002937316895e-02
-3.624887168407440186e-01
-8.478301218886485913e-02
2.923041582107543945e-02
-4.225409626960754395e-01
-9.015908292670360424e-02
