0.000000000000000000e+00
0.000000000000000000e+00
0.000000000000000000e+00
6.365984678268432617e-03
-6.243401765823364258e-02
1.367224878632100626e-02
1.479783654212951660e-02
-1.548123359680175781e-01
1.761638405733378931e-02
2.304461598396301270e-02
-2.132813930511474609e-01
1.564714717679294154e-02
2.786934375762939453e-02
-2.592877745628356934e-01
1.327575123869451090e-02
2.467584609985351562e-02
-2.199488878250122070e-01
2.057668599300654932e-02
3.888386487960815430e-02
-3.163619041442871094e-01
1.417714483105214640e-02
4.807466268539428711e-02
-3.812987208366394043e-01
7.967120362451396431e-03
5.522295832633972168e-02
-4.318749904632568359e-01
3.143937652936301674e-03
2.626821398735046387e-02
-2.184394598007202148e-01
4.114951333036742653e-03
4.149824380874633789e-02
-3.302438855171203613e-01
-8.681715349609930854e-04
5.203586816787719727e-02
-3.971382379531860352e-01
-6.901721609750666175e-03
6.090080738067626953e-02
-4.527860581874847412e-01
-1.158609767443863348e-02
3.054657578468322754e-02
-2.097447514533996582e-01
-1.321875457651344732e-02
4.397377371788024902e-02
-3.238771557807922363e-01
-1.625107009894577459e-02
5.253028869628906250e-02
-3.888484239578247070e-01
-1.817242023534504369e-02
5.807524919509887695e-02
-4.415953457355499268e-01
-2.057989654130665258e-02
3.788205981254577637e-02
-1.964269876480102539e-01
-3.070620601064888433e-02
4.381296038627624512e-02
-2.902349233627319336e-01
-3.194394302553860143e-02
4.807341098785400391e-02
-3.459235429763793945e-01
-3.079879251308170751e-02
5.195888876914978027e-02
-3.918807208538055420e-01
-3.071853672153679327e-02
