0.000000000000000000e+00
0.000000000000000000e+00
0.000000000000000000e+00
4.669606685638427734e-03
-7.957422733306884766e-02
1.360548163975749958e-02
1.403880119323730469e-02
-1.558824181556701660e-01
1.543674773748193729e-02
2.293965220451354980e-02
-2.068284749984741211e-01
1.182351696516548145e-02
2.945214509963989258e-02
-2.482631206512451172e-01
8.079783685758457068e-03
1.642769575119018555e-02
-1.947950124740600586e-01
1.451990070964370716e-02
3.355389833450317383e-02
-2.806166410446166992e-01
5.034130692735061530e-03
4.145503044128417969e-02
-3.453668951988220215e-01
-2.528457974761977312e-03
4.606378078460693359e-02
-3.976680040359497070e-01
-8.059795319780960199e-03
1.550912857055664062e-02
-1.911765933036804199e-01
-2.851712589830412981e-03
3.314071893692016602e-02
-2.912514209747314453e-01
-1.166569099549974453e-02
4.247993230819702148e-02
-3.586408495903015137e-01
-1.854892291848386776e-02
4.949119687080383301e-02
-4.218400120735168457e-01
-2.348671884064401638e-02
1.948362588882446289e-02
-1.845595836639404297e-01
-2.066951089327062618e-02
3.336533904075622559e-02
-2.876395583152770996e-01
-2.799946845297540676e-02
4.079428315162658691e-02
-3.545830845832824707e-01
-3.025818087880338680e-02
4.486268758773803711e-02
-4.136006832122802734e-01
-3.188072734300817501e-02
3.085112571716308594e-02
-1.740429997444152832e-01
-3.845192336265768063e-02
3.626891970634460449e-02
-2.582104206085205078e-01
-4.321293004576887142e-02
3.881943225860595703e-02
-3.127936124801635742e-01
-4.245994829361166012e-02
4.006126523017883301e-02
-3.595697879791259766e-01
-4.206028052394117367e-02
