0.000000000000000000e+00
0.000000000000000000e+00
0.000000000000000000e+00
2.683281898498535156e-03
-7.262241840362548828e-02
1.832285421488677457e-02
9.809613227844238281e-03
-1.619780659675598145e-01
2.145473370848094419e-02
1.977568864822387695e-02
-2.211185097694396973e-01
1.770714009700213865e-02
2.885687351226806641e-02
-2.664637565612792969e-01
1.317957314250861600e-02
1.872578263282775879e-02
-2.116094231605529785e-01
2.003364721832667783e-02
3.744477033615112305e-02
-3.117046356201171875e-01
1.485479521153365567e-02
4.776972532272338867e-02
-3.761892318725585938e-01
1.039343132225667432e-02
5.559295415878295898e-02
-4.261334240436553955e-01
6.688127206246008427e-03
2.063840627670288086e-02
-2.106113433837890625e-01
1.326469965817977936e-03
4.144313931465148926e-02
-3.269134163856506348e-01
-2.780192619582066982e-03
5.400699377059936523e-02
-3.944237232208251953e-01
-7.189590571840653865e-03
6.488722562789916992e-02
-4.486869871616363525e-01
-1.067157750429714724e-02
2.623361349105834961e-02
-2.018926143646240234e-01
-1.739706946017349765e-02
4.328256845474243164e-02
-3.204545378684997559e-01
-1.824863356949890658e-02
5.389460921287536621e-02
-3.844921290874481201e-01
-1.715521243812645480e-02
6.178361177444458008e-02
-4.365425109863281250e-01
-1.795108159484470889e-02
3.628295660018920898e-02
-1.876310110092163086e-01
-3.589587574305141970e-02
4.619660973548889160e-02
-2.828311324119567871e-01
-3.503668968977535769e-02
5.196383595466613770e-02
-3.386198878288269043e-01
-3.168429722489918277e-02
5.724281072616577148e-02
-3.853560686111450195e-01
-3.018078123631084964e-02
