0.000000000000000000e+00
0.000000000000000000e+00
0.000000000000000000e+00
3.728717565536499023e-03
-7.409560680389404297e-02
9.751428608282708410e-03
6.839781999588012695e-03
-1.754157543182373047e-01
7.350540012552642111e-03
1.332983374595642090e-02
-2.474827170372009277e-01
5.830669453956716097e-04
1.580321788787841797e-02
-3.051560521125793457e-01
-6.263124066904879328e-03
1.552033424377441406e-02
-2.134208083152770996e-01
-9.598101694479055368e-04
2.448695898056030273e-02
-3.268468379974365234e-01
-1.545563550622830462e-02
3.070721030235290527e-02
-4.000478088855743408e-01
-2.547471156300673556e-02
3.574061393737792969e-02
-4.580367505550384521e-01
-3.226692533077368807e-02
1.542156934738159180e-02
-2.085028886795043945e-01
-1.707074908496508669e-02
2.630922198295593262e-02
-3.355326056480407715e-01
-3.271068936170706820e-02
3.469246625900268555e-02
-4.191134274005889893e-01
-4.318981921257147860e-02
4.188495874404907227e-02
-4.908449053764343262e-01
-5.010724743785033297e-02
1.632821559906005859e-02
-2.004091143608093262e-01
-3.288381477774748873e-02
2.580428123474121094e-02
-3.311008810997009277e-01
-4.358991911591658663e-02
3.159952163696289062e-02
-4.138140082359313965e-01
-4.832573911131987643e-02
3.623315691947937012e-02
-4.815175533294677734e-01
-5.193101918281683993e-02
1.926320791244506836e-02
-1.917022466659545898e-01
-4.841623013795981478e-02
2.285104990005493164e-02
-2.883445620536804199e-01
-5.531737139405379367e-02
2.469894289970397949e-02
-3.533333241939544678e-01
-5.699092825831542086e-02
2.725371718406677246e-02
-4.086944460868835449e-01
-5.851245975078711581e-02
