0.000000000000000000e+00
0.000000000000000000e+00
0.000000000000000000e+00
1.104465126991271973e-02
-7.620990276336669922e-02
1.348455752815880260e-02
2.325311303138732910e-02
-1.551728248596191406e-01
1.623758803691544017e-02
3.289291262626647949e-02
-2.089497447013854980e-01
1.389261185761370143e-02
3.858613967895507812e-02
-2.531972527503967285e-01
1.151119395728983363e-02
1.775169372558593750e-02
-1.936434507369995117e-01
1.283868159737266978e-02
3.672423958778381348e-02
-2.820222973823547363e-01
3.485254613792676537e-03
4.561710357666015625e-02
-3.475804924964904785e-01
-3.493958249578099640e-03
5.025553703308105469e-02
-4.001612663269042969e-01
-8.605401594081740768e-03
1.478558778762817383e-02
-1.901343464851379395e-01
-3.849530689308267029e-03
3.426539897918701172e-02
-2.916918992996215820e-01
-1.350744031731210271e-02
4.488551616668701172e-02
-3.599925637245178223e-01
-2.069195602450690785e-02
5.265912413597106934e-02
-4.243527054786682129e-01
-2.559357378993354359e-02
1.777315139770507812e-02
-1.844167113304138184e-01
-2.076964509103618184e-02
3.287959098815917969e-02
-2.895828485488891602e-01
-2.888208311412654439e-02
4.190573096275329590e-02
-3.586800694465637207e-01
-3.188953791175208607e-02
4.726946353912353516e-02
-4.203128218650817871e-01
-3.376800064359031239e-02
2.873930335044860840e-02
-1.757555007934570312e-01
-3.746934850130401173e-02
3.428032994270324707e-02
-2.609382867813110352e-01
-4.310475159797988454e-02
3.761985898017883301e-02
-3.164959549903869629e-01
-4.325004909549079457e-02
3.973975777626037598e-02
-3.642965555191040039e-01
-4.334131498251281300e-02
