0.000000000000000000e+00
0.000000000000000000e+00
0.000000000000000000e+00
4.220336675643920898e-03
-6.045025587081909180e-02
1.198912846544430977e-02
9.724467992782592773e-03
-1.492972970008850098e-01
1.395665078112529045e-02
1.769039034843444824e-02
-2.100303173065185547e-01
1.025553947934554344e-02
2.350163459777832031e-02
-2.564318776130676270e-01
6.142963344842655715e-03
2.253636717796325684e-02
-2.097359895706176758e-01
1.788493587324069267e-02
3.964957594871520996e-02
-3.034177422523498535e-01
1.148189945766375786e-02
4.924964904785156250e-02
-3.681618571281433105e-01
6.026766418159468230e-03
5.654308199882507324e-02
-4.180884361267089844e-01
1.837397847936017570e-03
2.434208989143371582e-02
-2.089896202087402344e-01
1.938607931748492774e-03
4.428791999816894531e-02
-3.186299204826354980e-01
-2.736205778404610101e-03
5.583333969116210938e-02
-3.851401805877685547e-01
-6.726193086564080659e-03
6.528639793395996094e-02
-4.419583976268768311e-01
-9.803382058947818223e-03
2.863341569900512695e-02
-2.016914486885070801e-01
-1.505495732030226463e-02
4.628807306289672852e-02
-3.143727183341979980e-01
-1.797123656919552559e-02
5.622369050979614258e-02
-3.783566057682037354e-01
-1.759589308252884621e-02
6.306287646293640137e-02
-4.290260374546051025e-01
-1.823658899715496773e-02
3.645592927932739258e-02
-1.907132267951965332e-01
-3.247024708738877052e-02
4.606190323829650879e-02
-2.827292084693908691e-01
-3.375880264988495583e-02
5.273339152336120605e-02
-3.388223648071289062e-01
-3.166676902523590798e-02
5.877006053924560547e-02
-3.845059573650360107e-01
-3.074912012866093391e-02
