0.000000000000000000e+00
0.000000000000000000e+00
0.000000000000000000e+00
-2.726078033447265625e-03
-8.122962713241577148e-02
1.017086235873421174e-02
3.574907779693603516e-03
-1.565755009651184082e-01
8.534327429458699044e-03
1.358911395072937012e-02
-2.076522707939147949e-01
2.167695016339621361e-03
2.342918515205383301e-02
-2.472492456436157227e-01
-4.720015636905827705e-03
9.268015623092651367e-03
-1.884230375289916992e-01
5.490728002712330635e-03
2.789041399955749512e-02
-2.786132693290710449e-01
-7.329567521139779274e-03
3.708067536354064941e-02
-3.461464643478393555e-01
-1.699566999383250732e-02
4.284891486167907715e-02
-4.034597873687744141e-01
-2.363062435694018859e-02
1.035714149475097656e-02
-1.835036873817443848e-01
-1.075657522238770980e-02
2.950873970985412598e-02
-2.866144180297851562e-01
-2.220618510551730651e-02
4.018193483352661133e-02
-3.575673103332519531e-01
-3.052147263593951720e-02
4.863438010215759277e-02
-4.245815277099609375e-01
-3.643757076866904754e-02
1.678359508514404297e-02
-1.775318384170532227e-01
-2.712265374071876067e-02
3.145617246627807617e-02
-2.820072770118713379e-01
-3.537280084498206634e-02
3.997528553009033203e-02
-3.511152267456054688e-01
-3.778415890343467254e-02
4.578778147697448730e-02
-4.125717282295227051e-01
-3.949558706887046355e-02
3.100717067718505859e-02
-1.694927215576171875e-01
-4.366187723286429900e-02
3.587478399276733398e-02
-2.562664747238159180e-01
-4.819522770054618377e-02
3.927066922187805176e-02
-3.131010532379150391e-01
-4.671999039061347503e-02
4.239279031753540039e-02
-3.616954088211059570e-01
-4.578127684004584808e-02
