0.000000000000000000e+00
0.000000000000000000e+00
0.000000000000000000e+00
5.377590656280517578e-03
-7.723158597946166992e-02
9.882203409858902887e-03
1.714926958084106445e-02
-1.562730073928833008e-01
1.051001820195551772e-02
2.969539165496826172e-02
-2.012875080108642578e-01
4.695432832875212625e-03
3.957682847976684570e-02
-2.387096285820007324e-01
-1.061101337484160467e-03
6.514608860015869141e-03
-2.163531184196472168e-01
1.702592998225327392e-02
2.866289019584655762e-02
-3.150683045387268066e-01
3.629144387730320886e-03
4.334616661071777344e-02
-3.886385560035705566e-01
-7.755141133031884237e-03
5.477830767631530762e-02
-4.462705254554748535e-01
-1.543704130273226838e-02
8.003205060958862305e-03
-2.178083658218383789e-01
-6.661522300532851659e-04
2.773112058639526367e-02
-3.305511474609375000e-01
-1.405387919913891892e-02
4.362580180168151855e-02
-4.078817367553710938e-01
-2.557412431161765198e-02
5.665442347526550293e-02
-4.794499874114990234e-01
-3.286617331724528412e-02
1.918497681617736816e-02
-2.154739499092102051e-01
-1.991294779401187043e-02
3.572425246238708496e-02
-3.326986432075500488e-01
-3.139575280766848664e-02
4.913958907127380371e-02
-4.056975245475769043e-01
-3.851277463655833344e-02
5.980044603347778320e-02
-4.714242219924926758e-01
-4.220226489525202851e-02
4.387542605400085449e-02
-2.082008123397827148e-01
-3.961581074219111542e-02
5.365327000617980957e-02
-3.008517622947692871e-01
-4.597430013637904267e-02
5.974248051643371582e-02
-3.598777651786804199e-01
-4.687003873806361298e-02
6.556060910224914551e-02
-4.131075739860534668e-01
-4.711509578447703461e-02
