0.000000000000000000e+00
0.000000000000000000e+00
0.000000000000000000e+00
-4.517734050750732422e-04
-8.370518684387207031e-02
1.413362637613602146e-02
8.268058300018310547e-03
-1.626717448234558105e-01
1.609611209933348164e-02
1.843407750129699707e-02
-2.136851549148559570e-01
1.251127548967190251e-02
2.589157223701477051e-02
-2.562681436538696289e-01
8.702905629618840067e-03
1.107695698738098145e-02
-1.961975097656250000e-01
1.407441474948711857e-02
2.942380309104919434e-02
-2.851468920707702637e-01
4.100267090692000238e-03
3.804048895835876465e-02
-3.520812988281250000e-01
-3.623245735795421751e-03
4.299691319465637207e-02
-4.069494605064392090e-01
-9.107810664133353384e-03
1.155424118041992188e-02
-1.926701664924621582e-01
-3.427975331575794371e-03
3.045570850372314453e-02
-2.949117422103881836e-01
-1.286670587505511776e-02
4.014801979064941406e-02
-3.644508123397827148e-01
-2.024625915582589641e-02
4.737868905067443848e-02
-4.300948977470397949e-01
-2.542448903913907543e-02
1.770287752151489258e-02
-1.862380504608154297e-01
-2.118886377211026684e-02
3.284260630607604980e-02
-2.923169732093811035e-01
-2.869083847399167553e-02
4.058885574340820312e-02
-3.606157898902893066e-01
-3.127311098869256512e-02
4.477345943450927734e-02
-4.212957620620727539e-01
-3.299515995676927105e-02
3.166991472244262695e-02
-1.757680177688598633e-01
-3.880879211719445721e-02
3.745123744010925293e-02
-2.643875479698181152e-01
-4.342083561714105144e-02
3.993642330169677734e-02
-3.203957080841064453e-01
-4.261986840064935222e-02
4.115715622901916504e-02
-3.683294653892517090e-01
-4.207174781258515850e-02
