0.000000000000000000e+00
0.000000000000000000e+00
0.000000000000000000e+00
-1.639097929000854492e-03
-8.153647184371948242e-02
1.094928956193541580e-02
7.481753826141357422e-03
-1.599960923194885254e-01
1.120418882531737381e-02
1.892110705375671387e-02
-2.126804590225219727e-01
5.696274475880613863e-03
2.992099523544311523e-02
-2.543565630912780762e-01
2.455933038021385073e-04
1.133719086647033691e-02
-2.099308967590332031e-01
1.536040673566674286e-02
3.031563758850097656e-02
-3.017423748970031738e-01
3.047506227844110072e-03
4.097720980644226074e-02
-3.713804483413696289e-01
-7.518590292207250059e-03
4.775559902191162109e-02
-4.273359179496765137e-01
-1.477421806590939468e-02
1.254892349243164062e-02
-2.093604207038879395e-01
-1.735714244901487291e-03
2.964392304420471191e-02
-3.114952445030212402e-01
-1.355659575598622268e-02
4.149979352951049805e-02
-3.842715024948120117e-01
-2.299888790982151932e-02
5.021101236343383789e-02
-4.530284702777862549e-01
-2.928673462407971329e-02
2.163076400756835938e-02
-2.046461701393127441e-01
-1.993377679424668258e-02
3.646883368492126465e-02
-3.134509325027465820e-01
-2.919290759997750229e-02
4.635986685752868652e-02
-3.825711011886596680e-01
-3.255945803063298172e-02
5.334305763244628906e-02
-4.450371265411376953e-01
-3.424968184368992752e-02
4.150679707527160645e-02
-1.957374215126037598e-01
-3.860542537110234207e-02
4.800578951835632324e-02
-2.875500917434692383e-01
-4.368086145656491226e-02
5.195146799087524414e-02
-3.456078767776489258e-01
-4.266008348601246780e-02
5.554619431495666504e-02
-3.970978856086730957e-01
-4.160897792714024490e-02
