0.000000000000000000e+00
0.000000000000000000e+00
0.000000000000000000e+00
-1.372575759887695312e-02
-8.921247720718383789e-02
1.739420317406370486e-02
-2.215951681137084961e-02
-1.939972043037414551e-01
1.732916333074285831e-02
-2.147486805915832520e-02
-2.746178507804870605e-01
1.255160611415817584e-02
-2.167725563049316406e-02
-3.346701562404632568e-01
6.090130604007981674e-03
-3.304833173751831055e-02
-2.342768907546997070e-01
-8.070452657392479523e-03
-1.503139734268188477e-02
-3.550180792808532715e-01
-2.540438860361859952e-02
-2.833753824234008789e-03
-4.328368008136749268e-01
-3.557634964292333279e-02
8.630037307739257812e-03
-4.968676865100860596e-01
-4.232121869628713284e-02
-2.902218699455261230e-02
-2.237502336502075195e-01
-2.874786831145570432e-02
-9.793192148208618164e-03
-3.641961216926574707e-01
-4.699653625195310269e-02
4.511445760726928711e-03
-4.525864422321319580e-01
-5.667074635331914578e-02
1.687800884246826172e-02
-5.284549593925476074e-01
-6.320325150792882596e-02
-1.857772469520568848e-02
-2.047153115272521973e-01
-4.785882547204778348e-02
-4.524707794189453125e-03
-3.448061943054199219e-01
-6.251654639547155057e-02
6.749212741851806641e-03
-4.301290512084960938e-01
-6.891164794271276151e-02
1.628762483596801758e-02
-5.001129209995269775e-01
-7.364737853114888821e-02
-2.389371395111083984e-03
-1.813227534294128418e-01
-6.542138620918080960e-02
1.085758209228515625e-03
-2.803519964218139648e-01
-7.805412873332784329e-02
4.957765340805053711e-03
-3.461986184120178223e-01
-8.339374378030584012e-02
1.021760702133178711e-02
-4.022349715232849121e-01
-8.739343151157186185e-02
