0.000000000000000000e+00
0.000000000000000000e+00
0.000000000000000000e+00
-3.050357103347778320e-03
-6.840866804122924805e-02
1.084301080858551813e-02
2.896189689636230469e-04
-1.603925824165344238e-01
1.098675113475167109e-02
7.694363594055175781e-03
-2.246218919754028320e-01
5.862479753105276359e-03
1.342633366584777832e-02
-2.743499875068664551e-01
2.161042213089103825e-04
1.790344715118408203e-02
-2.112390995025634766e-01
9.909562955854767097e-03
3.307873010635375977e-02
-3.146720528602600098e-01
9.081534955299730427e-04
4.156365990638732910e-02
-3.842197358608245850e-01
-5.826188527734643685e-03
4.771429300308227539e-02
-4.394085109233856201e-01
-1.081975530529177831e-02
1.964685320854187012e-02
-2.091013789176940918e-01
-6.064247150661117303e-03
3.878086805343627930e-02
-3.290377855300903320e-01
-1.404624692791855978e-02
4.949423670768737793e-02
-4.028846919536590576e-01
-2.000060379201329397e-02
5.799883604049682617e-02
-4.658298194408416748e-01
-2.421804964238560842e-02
2.328324317932128906e-02
-2.013824582099914551e-01
-2.251908629828847097e-02
3.893578052520751953e-02
-3.224942684173583984e-01
-2.767955586010373281e-02
4.756158590316772461e-02
-3.929030597209930420e-01
-2.899431697720444845e-02
5.289039015769958496e-02
-4.504329264163970947e-01
-3.068510144645131277e-02
2.898898720741271973e-02
-1.900615692138671875e-01
-3.920379541510499166e-02
3.682491183280944824e-02
-2.878978252410888672e-01
-4.271830133789933370e-02
4.092374444007873535e-02
-3.470225334167480469e-01
-4.200567938083565878e-02
4.400014877319335938e-02
-3.962718546390533447e-01
-4.186364523762620138e-02
