0.000000000000000000e+00
0.000000000000000000e+00
0.000000000000000000e+00
-8.355379104614257812e-04
-8.526241779327392578e-02
1.353044437006190037e-02
5.100667476654052734e-03
-1.597538590431213379e-01
1.260802617058232045e-02
1.351231336593627930e-02
-2.082650661468505859e-01
5.968818922937657590e-03
2.371588349342346191e-02
-2.467622756958007812e-01
-1.300852962359044795e-03
8.102059364318847656e-03
-1.911393404006958008e-01
8.510831759721781964e-03
2.811810374259948730e-02
-2.823891043663024902e-01
-4.166392127572748905e-03
3.840756416320800781e-02
-3.522433638572692871e-01
-1.356073932960555339e-02
4.518562555313110352e-02
-4.104238152503967285e-01
-2.010758312657401348e-02
8.294165134429931641e-03
-1.867435574531555176e-01
-1.013858707860038066e-02
2.879449725151062012e-02
-2.919767498970031738e-01
-2.190925831213519359e-02
4.061466455459594727e-02
-3.651865720748901367e-01
-3.032470213487670208e-02
5.013516545295715332e-02
-4.340513944625854492e-01
-3.620678464189097667e-02
1.474612951278686523e-02
-1.810894012451171875e-01
-2.879165204480216289e-02
3.048548102378845215e-02
-2.893367409706115723e-01
-3.738114143028781200e-02
4.034230113029479980e-02
-3.604314327239990234e-01
-3.985250646486804271e-02
4.733699560165405273e-02
-4.236029386520385742e-01
-4.152741188421771312e-02
2.968433499336242676e-02
-1.728054285049438477e-01
-4.737049246445224071e-02
3.549042344093322754e-02
-2.616948485374450684e-01
-5.215780342236087108e-02
3.962206840515136719e-02
-3.199334740638732910e-01
-5.073813999310061718e-02
4.359814524650573730e-02
-3.704288601875305176e-01
-4.983128512516543651e-02
