0.000000000000000000e+00
0.000000000000000000e+00
0.000000000000000000e+00
-4.779607057571411133e-03
-7.893574237823486328e-02
1.768217205346900300e-02
-6.087452173233032227e-03
-1.859059333801269531e-01
1.945604353488761262e-02
-1.251995563507080078e-03
-2.630193829536437988e-01
1.589455611349421815e-02
8.197724819183349609e-04
-3.228820562362670898e-01
1.153468682707625703e-02
-1.447039842605590820e-02
-2.305151224136352539e-01
3.765290065643966955e-03
-1.084953546524047852e-03
-3.473444283008575439e-01
-1.021544572620314284e-02
9.221434593200683594e-03
-4.255744516849517822e-01
-1.982796967683952971e-02
1.796242594718933105e-02
-4.882965385913848877e-01
-2.673094191311520262e-02
-1.180651783943176270e-02
-2.240749597549438477e-01
-1.631153591631573363e-02
2.280682325363159180e-03
-3.590424060821533203e-01
-3.048222914992493315e-02
1.409301161766052246e-02
-4.467207193374633789e-01
-3.976528749524277373e-02
2.329114079475402832e-02
-5.218073129653930664e-01
-4.662549526153725310e-02
-6.347030401229858398e-03
-2.138708829879760742e-01
-3.569554567991417571e-02
2.494812011718750000e-03
-3.528866171836853027e-01
-4.498782039343041106e-02
1.005548238754272461e-02
-4.383251368999481201e-01
-4.931495369135063811e-02
1.536813378334045410e-02
-5.094772577285766602e-01
-5.382295728384178801e-02
2.446889877319335938e-03
-2.030358910560607910e-01
-5.421606481729668303e-02
4.086434841156005859e-03
-3.008634448051452637e-01
-6.166941703020256682e-02
6.022214889526367188e-03
-3.680138885974884033e-01
-6.503412530480545684e-02
8.743584156036376953e-03
-4.257962405681610107e-01
-6.851730153618973418e-02
