0.000000000000000000e+00
0.000000000000000000e+00
0.000000000000000000e+00
-2.163997292518615723e-02
-9.363019466400146484e-02
1.919085263219244553e-02
-3.092843294143676758e-02
-1.949505805969238281e-01
1.747587985303766800e-02
-2.902796864509582520e-02
-2.711038589477539062e-01
1.007865379509098602e-02
-2.547496557235717773e-02
-3.298800885677337646e-01
6.723996921493835544e-04
-2.998387813568115234e-02
-2.343207001686096191e-01
-1.107430634144179749e-02
-8.831560611724853516e-03
-3.644305467605590820e-01
-2.937173553797833847e-02
4.122793674468994141e-03
-4.426319599151611328e-01
-3.889595055076711105e-02
1.634305715560913086e-02
-5.076052546501159668e-01
-4.509266548845403122e-02
-2.349212765693664551e-02
-2.238935232162475586e-01
-3.407815926763646530e-02
5.817115306854248047e-04
-3.735756278038024902e-01
-5.438620307538144516e-02
1.680430769920349121e-02
-4.653522074222564697e-01
-6.483321347329251694e-02
3.254109621047973633e-02
-5.397462844848632812e-01
-7.160476305577390121e-02
-9.587496519088745117e-03
-2.043355107307434082e-01
-5.507282250616185593e-02
9.918749332427978516e-03
-3.516455590724945068e-01
-7.063438453766934799e-02
2.433568239212036133e-02
-4.388680756092071533e-01
-7.703373291585080551e-02
3.783038258552551270e-02
-5.093089342117309570e-01
-8.174011566731564926e-02
1.274675130844116211e-02
-1.798798441886901855e-01
-7.434989967438809799e-02
2.081570029258728027e-02
-2.886188626289367676e-01
-8.696026810500256943e-02
2.511030435562133789e-02
-3.573072254657745361e-01
-9.171559372040860580e-02
3.029426932334899902e-02
-4.170941710472106934e-01
-9.534574755522839951e-02
