0.000000000000000000e+00
0.000000000000000000e+00
0.000000000000000000e+00
-7.482022047042846680e-03
-6.597071886062622070e-02
6.793373264429192204e-03
-8.653700351715087891e-03
-1.591587662696838379e-01
4.876883234885553975e-03
-5.192339420318603516e-03
-2.251407504081726074e-01
-9.039989089956179669e-04
-4.426002502441406250e-03
-2.794869542121887207e-01
-6.618407554867644649e-03
-1.346439123153686523e-03
-2.239546775817871094e-01
2.383209299352984090e-03
4.510074853897094727e-03
-3.310773372650146484e-01
-1.144273858511724029e-02
1.029822230339050293e-02
-4.040798544883728027e-01
-2.231775689864434753e-02
1.504522562026977539e-02
-4.635577797889709473e-01
-3.001005295658387695e-02
2.095699310302734375e-04
-2.215713858604431152e-01
-1.214861217880525146e-02
7.422119379043579102e-03
-3.449177443981170654e-01
-2.533135283732690368e-02
1.440501213073730469e-02
-4.263536334037780762e-01
-3.580077085638322387e-02
2.049797773361206055e-02
-4.965839385986328125e-01
-4.330812487745561157e-02
1.662254333496093750e-03
-2.151207923889160156e-01
-2.720276731992044006e-02
8.044093847274780273e-03
-3.384981751441955566e-01
-3.631298709655084167e-02
1.260551810264587402e-02
-4.171186387538909912e-01
-4.189466033125199829e-02
1.582038402557373047e-02
-4.825741350650787354e-01
-4.650769848370828186e-02
4.317164421081542969e-03
-2.056820392608642578e-01
-4.252761695528306518e-02
7.068336009979248047e-03
-2.976594567298889160e-01
-4.909968469286241088e-02
8.356839418411254883e-03
-3.585989475250244141e-01
-5.174734909081735168e-02
1.029136776924133301e-02
-4.107845127582550049e-01
-5.410479847336091552e-02
