0.000000000000000000e+00
0.000000000000000000e+00
0.000000000000000000e+00
4.454106092453002930e-03
-8.081072568893432617e-02
1.142229258863380892e-02
1.422974467277526855e-02
-1.592381596565246582e-01
1.217427410034588320e-02
2.381390333175659180e-02
-2.110000252723693848e-01
7.429479414952311345e-03
3.115281462669372559e-02
-2.547351121902465820e-01
2.919550778699431248e-03
8.788615465164184570e-03
-2.042103409767150879e-01
1.485063254682472689e-02
2.710020542144775391e-02
-2.939140796661376953e-01
3.109332200494918652e-03
3.832238912582397461e-02
-3.621224164962768555e-01
-6.508349647390332393e-03
4.589545726776123047e-02
-4.166991114616394043e-01
-1.293041251750537413e-02
8.410632610321044922e-03
-2.014539837837219238e-01
-1.989419545623150043e-03
2.668383717536926270e-02
-3.023177385330200195e-01
-1.255676403792449491e-02
3.959539532661437988e-02
-3.721250295639038086e-01
-2.089647457154342192e-02
4.934868216514587402e-02
-4.375324249267578125e-01
-2.649467878194400328e-02
1.615917682647705078e-02
-1.963936686515808105e-01
-1.975066282005855101e-02
3.137853741645812988e-02
-3.018915057182312012e-01
-2.755519814940043943e-02
4.228672385215759277e-02
-3.693705201148986816e-01
-3.026259385200091856e-02
5.000174045562744141e-02
-4.290311932563781738e-01
-3.174586475046226042e-02
3.499832749366760254e-02
-1.884412765502929688e-01
-3.791624561102935331e-02
4.199114441871643066e-02
-2.770355939865112305e-01
-4.123259216697761076e-02
4.664301872253417969e-02
-3.329440355300903320e-01
-3.943908840568610685e-02
5.030098557472229004e-02
-3.807601928710937500e-01
-3.818263739498206633e-02
