0.000000000000000000e+00
0.000000000000000000e+00
0.000000000000000000e+00
3.338873386383056641e-03
-8.143031597137451172e-02
1.362650466941772720e-02
1.210123300552368164e-02
-1.584340929985046387e-01
1.540745233975826523e-02
2.108910679817199707e-02
-2.106883525848388672e-01
1.158835364364563247e-02
2.900367975234985352e-02
-2.525911331176757812e-01
7.548986914088118283e-03
1.086717844009399414e-02
-2.003321647644042969e-01
1.518707441024957916e-02
2.998858690261840820e-02
-2.853382825851440430e-01
4.751148613621580807e-03
3.944051265716552734e-02
-3.511192798614501953e-01
-3.823977682287704738e-03
4.452633857727050781e-02
-4.050849080085754395e-01
-9.970228207777154239e-03
1.125210523605346680e-02
-1.975759267807006836e-01
-2.410996725330960544e-03
3.069466352462768555e-02
-2.950957417488098145e-01
-1.207879373944820145e-02
4.139411449432373047e-02
-3.631110191345214844e-01
-1.980684885896266678e-02
4.922941327095031738e-02
-4.290211200714111328e-01
-2.530754918373645523e-02
1.731845736503601074e-02
-1.922910809516906738e-01
-2.053607070959628800e-02
3.284978866577148438e-02
-2.925329804420471191e-01
-2.835572326696933487e-02
4.167982935905456543e-02
-3.593971133232116699e-01
-3.108372168756545761e-02
4.665625095367431641e-02
-4.203613996505737305e-01
-3.291106039799274185e-02
3.194835782051086426e-02
-1.827017664909362793e-01
-3.869035283244670609e-02
3.814360499382019043e-02
-2.669126987457275391e-01
-4.359549472249568680e-02
4.131552577018737793e-02
-3.221301436424255371e-01
-4.283442163981021622e-02
4.307776689529418945e-02
-3.703020215034484863e-01
-4.235232809699596146e-02
