0.000000000000000000e+00
0.000000000000000000e+00
0.000000000000000000e+00
-1.694935560226440430e-02
-9.101909399032592773e-02
2.431960050279258212e-02
-2.228024601936340332e-02
-1.947611570358276367e-01
2.422979679221270999e-02
-1.876232028007507324e-02
-2.725588679313659668e-01
1.786359232181666812e-02
-1.313200592994689941e-02
-3.314734101295471191e-01
9.103599193338141049e-03
-2.429556846618652344e-02
-2.275279760360717773e-01
-9.185555202122941409e-03
-1.338154077529907227e-03
-3.557536602020263672e-01
-2.699587475245834867e-02
1.359507441520690918e-02
-4.324659407138824463e-01
-3.605363685375095884e-02
2.752134203910827637e-02
-4.951955080032348633e-01
-4.208732936268688718e-02
-1.884549856185913086e-02
-2.162871360778808594e-01
-3.467979449516178647e-02
6.598621606826782227e-03
-3.681077361106872559e-01
-5.461918357497097531e-02
2.416402101516723633e-02
-4.599582552909851074e-01
-6.448101419692875425e-02
3.957819938659667969e-02
-5.328490734100341797e-01
-7.131391931062580625e-02
-6.289064884185791016e-03
-1.976408362388610840e-01
-5.777825209980846921e-02
1.446843147277832031e-02
-3.508047461509704590e-01
-7.309547979122044126e-02
3.023794293403625488e-02
-4.394431412220001221e-01
-7.945430446153523008e-02
4.417255520820617676e-02
-5.096227526664733887e-01
-8.472871947770954648e-02
1.508080959320068359e-02
-1.773862838745117188e-01
-7.860839534288288633e-02
2.511626482009887695e-02
-2.858608961105346680e-01
-9.137909281736256162e-02
3.231477737426757812e-02
-3.569584190845489502e-01
-9.730930793767811338e-02
3.970560431480407715e-02
-4.185060858726501465e-01
-1.024975495386684088e-01
