0.000000000000000000e+00
0.000000000000000000e+00
0.000000000000000000e+00
-2.015447616577148438e-02
-9.150069952011108398e-02
1.967541049346266391e-02
-3.494355082511901855e-02
-1.956480145454406738e-01
2.286881688162623050e-02
-4.098147153854370117e-02
-2.738850116729736328e-01
2.078640754446325900e-02
-4.676759243011474609e-02
-3.351865708827972412e-01
1.649732622429667117e-02
-2.701979875564575195e-02
-2.422111034393310547e-01
-2.905662729219216089e-03
-2.593475580215454102e-02
-3.605171144008636475e-01
-1.686217714920701383e-02
-2.403241395950317383e-02
-4.360698759555816650e-01
-2.590010953024091123e-02
-2.009820938110351562e-02
-5.024460256099700928e-01
-3.348780688718022702e-02
-2.151793241500854492e-02
-2.352498173713684082e-01
-2.413016450479688046e-02
-2.229648828506469727e-02
-3.731020390987396240e-01
-4.170786854699315427e-02
-1.952502131462097168e-02
-4.609858691692352295e-01
-5.300681558325948117e-02
-1.595199108123779297e-02
-5.397744178771972656e-01
-6.248694923594655393e-02
-1.747936010360717773e-02
-2.161830663681030273e-01
-4.378201332762898801e-02
-1.718461513519287109e-02
-3.501210808753967285e-01
-5.714289736822308896e-02
-1.493892073631286621e-02
-4.369276165962219238e-01
-6.588573274090947507e-02
-1.226446032524108887e-02
-5.047194659709930420e-01
-7.413395759537877439e-02
-1.414781808853149414e-02
-1.933017969131469727e-01
-6.184532013610066770e-02
-1.574924588203430176e-02
-2.894310355186462402e-01
-7.617122945264043210e-02
-1.737600564956665039e-02
-3.579775691032409668e-01
-8.633934226706685422e-02
-1.746588945388793945e-02
-4.150632619857788086e-01
-9.543022033646764157e-02
