0.000000000000000000e+00
0.000000000000000000e+00
0.000000000000000000e+00
1.630234718322753906e-02
-8.097070455551147461e-02
1.207403359833847389e-02
2.327901124954223633e-02
-1.780443787574768066e-01
1.310824217173944817e-02
2.904370427131652832e-02
-2.434803247451782227e-01
8.978929239248145677e-03
3.173175454139709473e-02
-2.989469170570373535e-01
5.270785055046189882e-03
-5.881488323211669922e-03
-2.410085201263427734e-01
1.045027455214153633e-02
1.273775100708007812e-02
-3.449541330337524414e-01
-2.464545090759884260e-03
3.485232591629028320e-02
-4.134845137596130371e-01
-1.245888801392425194e-02
5.669194459915161133e-02
-4.605060219764709473e-01
-1.814768010851253166e-02
-6.874710321426391602e-03
-2.411165237426757812e-01
-5.291983150954138182e-03
1.140695810317993164e-02
-3.633208870887756348e-01
-1.638556005534042015e-02
3.842306137084960938e-02
-4.344097673892974854e-01
-2.250939713891852989e-02
6.384587287902832031e-02
-4.820989072322845459e-01
-2.553483018752444877e-02
3.646045923233032227e-03
-2.312783002853393555e-01
-2.187977278705943718e-02
2.203655242919921875e-02
-3.504630327224731445e-01
-3.036049673434604301e-02
4.777455329895019531e-02
-4.191876947879791260e-01
-3.317175166782249107e-02
7.135674357414245605e-02
-4.669973254203796387e-01
-3.453577416118491783e-02
2.557465434074401855e-02
-2.135918140411376953e-01
-3.839770810779441490e-02
4.052025079727172852e-02
-3.038140535354614258e-01
-4.203286500748504295e-02
5.733931064605712891e-02
-3.580629527568817139e-01
-4.051967071470130577e-02
7.375630736351013184e-02
-3.971988260746002197e-01
-3.924482049521316185e-02
