0.000000000000000000e+00
0.000000000000000000e+00
0.000000000000000000e+00
3.090623021125793457e-02
-1.118310093879699707e-01
8.739161027051522979e-03
3.036367893218994141e-02
-2.032871842384338379e-01
5.532657449521138915e-03
3.331172466278076172e-02
-2.707464098930358887e-01
-3.889625005967900506e-03
3.478121757507324219e-02
-3.267562985420227051e-01
-9.778469147704527131e-03
-4.901185631752014160e-02
-2.676411271095275879e-01
1.215594979134948517e-02
1.772287487983703613e-02
-3.514378070831298828e-01
-7.695413007013485185e-03
4.144918918609619141e-02
-2.966281175613403320e-01
-2.197805074843017792e-02
3.705683350563049316e-02
-2.435103654861450195e-01
-2.876324048133938049e-02
-4.831755161285400391e-02
-2.537503242492675781e-01
-2.921086082778856508e-03
2.566272020339965820e-02
-3.491177558898925781e-01
-1.942063895853607391e-02
4.746249318122863770e-02
-2.891558408737182617e-01
-2.238045288117973541e-02
4.284775257110595703e-02
-2.328819036483764648e-01
-2.126809982451050018e-02
-3.861564397811889648e-02
-2.353240847587585449e-01
-2.000131485851852631e-02
2.990940213203430176e-02
-3.283543586730957031e-01
-3.079032739492504334e-02
4.864397644996643066e-02
-2.734456062316894531e-01
-2.142696110399811005e-02
4.442229866981506348e-02
-2.208952307701110840e-01
-1.230775220187751984e-02
-2.211940288543701172e-02
-2.097414135932922363e-01
-3.755798777433483338e-02
2.778205275535583496e-02
-2.907476425170898438e-01
-3.859136840196697449e-02
4.394677281379699707e-02
-2.566021680831909180e-01
-2.685979036482422089e-02
4.286533594131469727e-02
-2.177655100822448730e-01
-1.703338911624996399e-02
