0.000000000000000000e+00
0.000000000000000000e+00
0.000000000000000000e+00
4.278719425201416016e-03
-7.714420557022094727e-02
9.563904947185619676e-03
1.406034827232360840e-02
-1.548073887825012207e-01
9.811894728386505449e-03
2.373102307319641113e-02
-2.065125107765197754e-01
5.187298397117956483e-03
3.140830993652343750e-02
-2.490229010581970215e-01
7.705106330604394316e-04
9.051531553268432617e-03
-2.019511461257934570e-01
1.169375958158980211e-02
2.676460146903991699e-02
-2.924347519874572754e-01
-6.441363768772134790e-05
3.631117939949035645e-02
-3.610771894454956055e-01
-9.415400454258815444e-03
4.217058420181274414e-02
-4.160926938056945801e-01
-1.607164298877705733e-02
8.609414100646972656e-03
-1.994239091873168945e-01
-4.078671110278264678e-03
2.626043558120727539e-02
-3.011346459388732910e-01
-1.585924369976510206e-02
3.773194551467895508e-02
-3.700881004333496094e-01
-2.515041945264329115e-02
4.655301570892333984e-02
-4.350716471672058105e-01
-3.135373560473908583e-02
1.497998833656311035e-02
-1.944996118545532227e-01
-2.064860542998303572e-02
2.874895930290222168e-02
-2.999430894851684570e-01
-3.021544707701195875e-02
3.858166933059692383e-02
-3.684914708137512207e-01
-3.461443377420891920e-02
4.493650794029235840e-02
-4.297394752502441406e-01
-3.715756280109872023e-02
3.118008375167846680e-02
-1.855562925338745117e-01
-3.749199701235284010e-02
3.613549470901489258e-02
-2.726305723190307617e-01
-4.359184322640885512e-02
3.869962692260742188e-02
-3.289784193038940430e-01
-4.410283012077798048e-02
4.010674357414245605e-02
-3.785559535026550293e-01
-4.427288962290276686e-02
