0.000000000000000000e+00
0.000000000000000000e+00
0.000000000000000000e+00
-1.112541556358337402e-02
-9.347641468048095703e-02
1.645966166685752796e-02
-1.602539420127868652e-02
-1.961041092872619629e-01
1.378319704960517811e-02
-1.185268163681030273e-02
-2.698478102684020996e-01
6.091733594047354927e-03
-6.893038749694824219e-03
-3.276022970676422119e-01
-3.887702579987717399e-03
-1.475217938423156738e-02
-2.348572015762329102e-01
-1.192494934369392467e-02
7.029175758361816406e-03
-3.587676584720611572e-01
-3.043292170335121227e-02
2.008450031280517578e-02
-4.373090863227844238e-01
-4.102620562483139111e-02
3.248563408851623535e-02
-5.019541382789611816e-01
-4.814696391989059521e-02
-8.440852165222167969e-03
-2.253872752189636230e-01
-3.354402711559600903e-02
1.497364044189453125e-02
-3.733568489551544189e-01
-5.249622171689338757e-02
2.917349338531494141e-02
-4.639456868171691895e-01
-6.307279026080436779e-02
4.077166318893432617e-02
-5.378908216953277588e-01
-7.075381731559104992e-02
4.214107990264892578e-03
-2.078737020492553711e-01
-5.350843524504966808e-02
2.315780520439147949e-02
-3.550612926483154297e-01
-6.781774466801948620e-02
3.507372736930847168e-02
-4.430432021617889404e-01
-7.466557329465217663e-02
4.469472169876098633e-02
-5.119426250457763672e-01
-8.044690346289939953e-02
2.290552854537963867e-02
-1.869759559631347656e-01
-7.212925409842796398e-02
3.127640485763549805e-02
-2.920953631401062012e-01
-8.459417229462928844e-02
3.619933128356933594e-02
-3.637971282005310059e-01
-9.057129627038307262e-02
4.160711169242858887e-02
-4.240761995315551758e-01
-9.563887571860618664e-02
