0.000000000000000000e+00
0.000000000000000000e+00
0.000000000000000000e+00
-1.157784461975097656e-02
-9.044885635375976562e-02
1.872327747548752086e-02
-1.349917054176330566e-02
-1.929855346679687500e-01
1.640873039866619365e-02
-8.033335208892822266e-03
-2.669379115104675293e-01
8.747471596848299669e-03
-1.867234706878662109e-03
-3.249287307262420654e-01
-1.199342908535072638e-03
-1.082080602645874023e-02
-2.295300364494323730e-01
-1.420609829222030385e-02
1.063871383666992188e-02
-3.556775748729705811e-01
-3.324332264458007558e-02
2.468004822731018066e-02
-4.320693314075469971e-01
-4.374936771785087330e-02
3.800317645072937012e-02
-4.950020015239715576e-01
-5.087127340232200368e-02
-6.039559841156005859e-03
-2.178689241409301758e-01
-3.715251562391586049e-02
1.758870482444763184e-02
-3.685854673385620117e-01
-5.871026766692466481e-02
3.362968564033508301e-02
-4.591200947761535645e-01
-7.045535919462508900e-02
4.740032553672790527e-02
-5.340731739997863770e-01
-7.871532616411514027e-02
5.156904458999633789e-03
-1.990008354187011719e-01
-5.787193951402969105e-02
2.589905261993408203e-02
-3.495290875434875488e-01
-7.382197109257049306e-02
4.010358452796936035e-02
-4.371176958084106445e-01
-8.055695322548217518e-02
5.273422598838806152e-02
-5.067402124404907227e-01
-8.596347448622054799e-02
2.424502372741699219e-02
-1.778544783592224121e-01
-7.692083892618484242e-02
3.518998622894287109e-02
-2.873848080635070801e-01
-8.923157480751342518e-02
4.146972298622131348e-02
-3.588843047618865967e-01
-9.453708109651870473e-02
4.784178733825683594e-02
-4.200185239315032959e-01
-9.928441968952483876e-02
