0.000000000000000000e+00
0.000000000000000000e+00
0.000000000000000000e+00
-1.930609345436096191e-02
-8.457618951797485352e-02
1.584455217488311973e-02
-2.828907966613769531e-02
-1.859571933746337891e-01
1.262045591391824928e-02
-2.717107534408569336e-02
-2.608193159103393555e-01
4.400215440170995862e-03
-2.385458350181579590e-02
-3.192523717880249023e-01
-5.782485145402915805e-03
-2.920612692832946777e-02
-2.323173284530639648e-01
-1.339409933171964440e-02
-9.627103805541992188e-03
-3.574890196323394775e-01
-3.191452254287696633e-02
2.770304679870605469e-03
-4.341875016689300537e-01
-4.247467745773292336e-02
1.525413990020751953e-02
-4.983229935169219971e-01
-4.975417782299018654e-02
-2.276372909545898438e-02
-2.233908772468566895e-01
-3.503719870678878578e-02
-9.582638740539550781e-04
-3.692729175090789795e-01
-5.466799963943458351e-02
1.407244801521301270e-02
-4.592794775962829590e-01
-6.581123326651550087e-02
2.831709384918212891e-02
-5.334896445274353027e-01
-7.391475294463134560e-02
-9.839206933975219727e-03
-2.055401802062988281e-01
-5.492870663039184365e-02
8.373528718948364258e-03
-3.497492671012878418e-01
-6.960898046128249916e-02
2.223527431488037109e-02
-4.357751309871673584e-01
-7.670208965174651894e-02
3.479433059692382812e-02
-5.047401189804077148e-01
-8.277704720131850991e-02
1.029303669929504395e-02
-1.841996312141418457e-01
-7.350935195319152626e-02
1.846233010292053223e-02
-2.878308892250061035e-01
-8.573573236100173744e-02
2.317270636558532715e-02
-3.568311333656311035e-01
-9.133133445612884316e-02
2.834320068359375000e-02
-4.164817333221435547e-01
-9.627446685664153847e-02
