0.000000000000000000e+00
0.000000000000000000e+00
0.000000000000000000e+00
-1.229161024093627930e-02
-9.352952241897583008e-02
2.480036199460755597e-02
-2.042120695114135742e-02
-1.950169801712036133e-01
2.672534242640267621e-02
-2.126479148864746094e-02
-2.685700058937072754e-01
2.205471687386761914e-02
-2.024352550506591797e-02
-3.272715210914611816e-01
1.475100025902520429e-02
-2.444228529930114746e-02
-2.283155918121337891e-01
-2.470289893494737044e-03
-7.623910903930664062e-03
-3.489702343940734863e-01
-1.825900196661223163e-02
2.181231975555419922e-03
-4.276431500911712646e-01
-2.774091817070711841e-02
1.257374882698059082e-02
-4.928280711174011230e-01
-3.475807241727579822e-02
-1.977631449699401855e-02
-2.207216620445251465e-01
-2.748793929447401752e-02
-2.100855112075805664e-03
-3.649103939533233643e-01
-4.506644241143931140e-02
1.026037335395812988e-02
-4.548592567443847656e-01
-5.550593144823778857e-02
2.143332362174987793e-02
-5.298219919204711914e-01
-6.352418668200243701e-02
-1.010131835937500000e-02
-2.057055234909057617e-01
-5.037346861888636340e-02
3.441154956817626953e-03
-3.484745025634765625e-01
-6.419463462759722461e-02
1.419091224670410156e-02
-4.344857633113861084e-01
-7.123383141686190356e-02
2.365028858184814453e-02
-5.030087828636169434e-01
-7.758409537007082690e-02
5.627512931823730469e-03
-1.890275478363037109e-01
-7.116024203230608691e-02
1.079738140106201172e-02
-2.897964417934417725e-01
-8.385246254135836352e-02
1.477289199829101562e-02
-3.587120175361633301e-01
-9.050838656355608691e-02
1.915115118026733398e-02
-4.177894592285156250e-01
-9.653928883005846728e-02
