0.000000000000000000e+00
0.000000000000000000e+00
0.000000000000000000e+00
-1.004505157470703125e-02
-9.343475103378295898e-02
1.986069978670457203e-02
-1.770696043968200684e-02
-1.978515386581420898e-01
2.085402795569279988e-02
-1.703545451164245605e-02
-2.757161259651184082e-01
1.637589187816956837e-02
-1.653277873992919922e-02
-3.331497013568878174e-01
9.858153774302991224e-03
-1.498991250991821289e-02
-2.407070398330688477e-01
-5.139083122003285098e-03
4.095137119293212891e-03
-3.612136542797088623e-01
-2.097059784932753246e-02
1.627495884895324707e-02
-4.373376965522766113e-01
-3.013569673998972576e-02
2.791929244995117188e-02
-5.008072853088378906e-01
-3.658983482523581188e-02
-1.003566384315490723e-02
-2.324106693267822266e-01
-2.718645705385824840e-02
1.077592372894287109e-02
-3.760788738727569580e-01
-4.613678901000639598e-02
2.430218458175659180e-02
-4.643487036228179932e-01
-5.628080664678236644e-02
3.588560223579406738e-02
-5.373239219188690186e-01
-6.322727350993773143e-02
5.949735641479492188e-04
-2.144704461097717285e-01
-4.736254735394140880e-02
1.997324824333190918e-02
-3.537040352821350098e-01
-6.177204100890776317e-02
3.186184167861938477e-02
-4.388722181320190430e-01
-6.678389756484648387e-02
4.252746701240539551e-02
-5.070120990276336670e-01
-7.071337847514769237e-02
1.756706833839416504e-02
-1.912592053413391113e-01
-6.598186491532942455e-02
2.587306499481201172e-02
-2.959138751029968262e-01
-7.778246699376722972e-02
3.112396597862243652e-02
-3.641712367534637451e-01
-8.201255647941252391e-02
3.671431541442871094e-02
-4.217220842838287354e-01
-8.559720961852690380e-02
