0.000000000000000000e+00
0.000000000000000000e+00
0.000000000000000000e+00
-2.546215057373046875e-02
-8.974105119705200195e-02
2.021062642148763189e-02
-4.298776388168334961e-02
-1.897865533828735352e-01
1.895301870814591894e-02
-4.693108797073364258e-02
-2.642202377319335938e-01
1.179250225237638006e-02
-4.719609022140502930e-02
-3.224527239799499512e-01
2.368012096724214643e-03
-4.756876826286315918e-02
-2.262039780616760254e-01
-7.809697764002976328e-03
-3.017726540565490723e-02
-3.510633409023284912e-01
-2.582615718432634822e-02
-1.911121606826782227e-02
-4.312351644039154053e-01
-3.682275034674376002e-02
-8.114755153656005859e-03
-4.987257719039916992e-01
-4.472590901144712916e-02
-4.109501838684082031e-02
-2.186495065689086914e-01
-3.158623270877569666e-02
-2.308747172355651855e-02
-3.671685457229614258e-01
-5.118502967246740809e-02
-9.671211242675781250e-03
-4.598463773727416992e-01
-6.257397972234457484e-02
2.538323402404785156e-03
-5.376090705394744873e-01
-7.097912125476568690e-02
-2.798929810523986816e-02
-2.039688825607299805e-01
-5.352177761682241908e-02
-1.574328541755676270e-02
-3.514841794967651367e-01
-6.856072239764898768e-02
-5.206823348999023438e-03
-4.402914047241210938e-01
-7.566761516221731654e-02
3.928542137145996094e-03
-5.107245743274688721e-01
-8.158731006273001185e-02
-8.132964372634887695e-03
-1.867870688438415527e-01
-7.383267872222631922e-02
-4.662126302719116211e-03
-2.938280105590820312e-01
-8.621895604022711268e-02
-1.728981733322143555e-03
-3.658595979213714600e-01
-9.219563298114508143e-02
1.608729362487792969e-03
-4.273776113986968994e-01
-9.749532036670416346e-02
