0.000000000000000000e+00
0.000000000000000000e+00
0.000000000000000000e+00
-2.943384647369384766e-02
-8.851712942123413086e-02
1.281668401989577433e-02
-4.362520575523376465e-02
-1.984936594963073730e-01
1.037028588089583536e-02
-4.578042030334472656e-02
-2.813193202018737793e-01
3.448278342517596684e-03
-4.679504036903381348e-02
-3.458744883537292480e-01
-5.007795824525373973e-03
-5.089512467384338379e-02
-2.395951151847839355e-01
-1.095025364574553350e-02
-3.818556666374206543e-02
-3.671734631061553955e-01
-3.004885308709503988e-02
-2.870631217956542969e-02
-4.462938904762268066e-01
-4.256501078870655874e-02
-1.876461505889892578e-02
-5.132864117622375488e-01
-5.175128981736065725e-02
-4.431286454200744629e-02
-2.300271391868591309e-01
-3.078175366189839224e-02
-3.252035379409790039e-02
-3.777650892734527588e-01
-5.243245169785382132e-02
-1.987507939338684082e-02
-4.679487645626068115e-01
-6.576336205270649771e-02
-8.475154638290405273e-03
-5.483263731002807617e-01
-7.559061080482365469e-02
-3.166097402572631836e-02
-2.119080424308776855e-01
-4.958580836918713430e-02
-2.474716305732727051e-02
-3.601375520229339600e-01
-6.648315519359471182e-02
-1.526203751564025879e-02
-4.494235515594482422e-01
-7.431568980481983999e-02
-6.307214498519897461e-03
-5.204060971736907959e-01
-8.054844320085408071e-02
-1.299315690994262695e-02
-1.916458010673522949e-01
-6.747423142459751944e-02
-1.160711050033569336e-02
-2.976539134979248047e-01
-8.073808282878758291e-02
-8.987307548522949219e-03
-3.686541616916656494e-01
-8.718246251609684805e-02
-5.519419908523559570e-03
-4.282252192497253418e-01
-9.293869167831303457e-02
