0.000000000000000000e+00
0.000000000000000000e+00
0.000000000000000000e+00
-1.253539323806762695e-02
-8.761596679687500000e-02
1.803665723548419919e-02
-1.746079325675964355e-02
-1.869736909866333008e-01
1.533247273312099423e-02
-1.389059424400329590e-02
-2.591373324394226074e-01
7.226064092378692294e-03
-8.926331996917724609e-03
-3.136147260665893555e-01
-3.161520009030027722e-03
-1.385360956192016602e-02
-2.341725230216979980e-01
-1.158621419324390445e-02
8.104324340820312500e-03
-3.534983396530151367e-01
-2.994149249150268588e-02
2.197933197021484375e-02
-4.287340044975280762e-01
-4.073282774641029391e-02
3.528964519500732422e-02
-4.911528229713439941e-01
-4.794579815222732577e-02
-1.015487313270568848e-02
-2.250307202339172363e-01
-3.405008163406364474e-02
1.455524563789367676e-02
-3.685595691204071045e-01
-5.429658737136833224e-02
3.074929118156433105e-02
-4.583332836627960205e-01
-6.469060551478378329e-02
4.487791657447814941e-02
-5.313721895217895508e-01
-7.174448739840499911e-02
1.330077648162841797e-04
-2.065808176994323730e-01
-5.466345768525116000e-02
2.257964015007019043e-02
-3.491241931915283203e-01
-6.939799409462921176e-02
3.635326027870178223e-02
-4.358309507369995117e-01
-7.432218711926452670e-02
4.878887534141540527e-02
-5.053768455982208252e-01
-7.831245731665603671e-02
1.775395870208740234e-02
-1.843841075897216797e-01
-7.387843053891174350e-02
2.902799844741821289e-02
-2.905104458332061768e-01
-8.451517742230407748e-02
3.581815958023071289e-02
-3.598866462707519531e-01
-8.767652582480423007e-02
4.281824827194213867e-02
-4.190301299095153809e-01
-9.070495586945526156e-02
