0.000000000000000000e+00
0.000000000000000000e+00
0.000000000000000000e+00
-1.294544339179992676e-02
-9.260380268096923828e-02
1.893215519348245834e-02
-1.670891046524047852e-02
-2.007000446319580078e-01
1.763799120644193863e-02
-1.089674234390258789e-02
-2.809156179428100586e-01
1.123827681848865723e-02
-5.597531795501708984e-03
-3.412330448627471924e-01
2.446844568197548142e-03
-1.785543560981750488e-02
-2.306014895439147949e-01
-1.437317407717841888e-02
3.666639328002929688e-03
-3.578654825687408447e-01
-3.211698415717023636e-02
1.665362715721130371e-02
-4.348083734512329102e-01
-4.100219267448323990e-02
2.952903509140014648e-02
-4.987944066524505615e-01
-4.720334443291562820e-02
-1.049447059631347656e-02
-2.185695171356201172e-01
-3.717410299023526932e-02
1.349952816963195801e-02
-3.677150011062622070e-01
-5.673311385353940750e-02
2.894172072410583496e-02
-4.581034481525421143e-01
-6.702548372587102676e-02
4.282140731811523438e-02
-5.319793224334716797e-01
-7.459642845233815933e-02
3.351807594299316406e-03
-1.989980340003967285e-01
-5.776205766042608047e-02
2.307689189910888672e-02
-3.479291498661041260e-01
-7.284675645669835831e-02
3.712588548660278320e-02
-4.345271587371826172e-01
-8.028852301677602554e-02
4.950794577598571777e-02
-5.037894248962402344e-01
-8.675366002162832046e-02
2.396947145462036133e-02
-1.768611073493957520e-01
-7.655111062368291641e-02
3.254163265228271484e-02
-2.811993956565856934e-01
-9.069044995149511124e-02
3.806146979331970215e-02
-3.520707190036773682e-01
-9.831246095737355972e-02
4.440733790397644043e-02
-4.134349524974822998e-01
-1.047723900063886049e-01
