0.000000000000000000e+00
0.000000000000000000e+00
0.000000000000000000e+00
5.822265148162841797e-02
2.576005458831787109e-02
5.427468906091803547e-03
1.177594363689422607e-01
1.063716411590576172e-02
4.193555436032170292e-03
1.614451110363006592e-01
2.512699365615844727e-02
-3.673178038624769215e-03
1.905017793178558350e-01
6.170850992202758789e-02
-1.123400371248806096e-02
1.330916285514831543e-01
-1.291983723640441895e-01
1.701208703492795848e-02
1.674492657184600830e-01
-2.034763991832733154e-01
1.548726100409680839e-03
1.919407546520233154e-01
-1.801041066646575928e-01
-1.277071576292598820e-02
1.997625529766082764e-01
-1.370759904384613037e-01
-2.052085719729745961e-02
1.195053756237030029e-01
-1.483244597911834717e-01
2.648652170719856258e-03
1.614184379577636719e-01
-2.383843064308166504e-01
-1.399016067112768269e-02
1.895488202571868896e-01
-2.041019499301910400e-01
-2.645678505028570271e-02
1.950847208499908447e-01
-1.525048017501831055e-01
-3.169568128610933400e-02
1.039372682571411133e-01
-1.557350158691406250e-01
-1.431110560621107197e-02
1.507518291473388672e-01
-2.480720281600952148e-01
-3.102400772000635243e-02
1.821872293949127197e-01
-2.107065320014953613e-01
-3.946422658587778187e-02
1.922474503517150879e-01
-1.561307907104492188e-01
-4.098858557368600941e-02
8.826836943626403809e-02
-1.482788324356079102e-01
-3.170493863250101185e-02
1.345270574092864990e-01
-1.947529315948486328e-01
-4.688512034441316700e-02
1.683655381202697754e-01
-1.740185618400573730e-01
-5.380305148388231373e-02
1.870607137680053711e-01
-1.373507976531982422e-01
-5.557708315278375721e-02
