0.000000000000000000e+00
0.000000000000000000e+00
0.000000000000000000e+00
5.516639351844787598e-02
2.724289894104003906e-02
1.604699828376965343e-03
1.117924153804779053e-01
2.037286758422851562e-02
-4.527668053569300355e-03
1.529650092124938965e-01
3.999310731887817383e-02
-1.618255726462791699e-02
1.823098957538604736e-01
7.584756612777709961e-02
-2.770120702153633374e-02
1.264117360115051270e-01
-1.206408143043518066e-01
3.236815282789962112e-03
1.604264676570892334e-01
-2.052307724952697754e-01
-1.558638881361673612e-02
1.828022897243499756e-01
-1.795689165592193604e-01
-2.996671996480415601e-02
1.896667182445526123e-01
-1.352125406265258789e-01
-3.729495644039104718e-02
1.119101047515869141e-01
-1.362961828708648682e-01
-1.031157705402563352e-02
1.519581675529479980e-01
-2.330996394157409668e-01
-2.923345617419670361e-02
1.782271564006805420e-01
-1.963314414024353027e-01
-4.072132199472378034e-02
1.824669837951660156e-01
-1.446791291236877441e-01
-4.514339804119060773e-02
9.436836838722229004e-02
-1.423443555831909180e-01
-2.599730766779373425e-02
1.374602317810058594e-01
-2.314811646938323975e-01
-4.361269115871380109e-02
1.675920784473419189e-01
-1.943521499633789062e-01
-4.943053289717624921e-02
1.775026023387908936e-01
-1.432989239692687988e-01
-4.922308265632580060e-02
7.505506277084350586e-02
-1.353044807910919189e-01
-4.229215397900532025e-02
1.153016090393066406e-01
-1.821348667144775391e-01
-5.812902613944004315e-02
1.481920182704925537e-01
-1.650835573673248291e-01
-6.357090785569141644e-02
1.671462059020996094e-01
-1.343196332454681396e-01
-6.403755261963794965e-02
