0.000000000000000000e+00
0.000000000000000000e+00
0.000000000000000000e+00
5.650416016578674316e-02
2.561187744140625000e-02
1.583819011500509077e-03
1.140218675136566162e-01
1.861733198165893555e-02
-4.426942356587915128e-03
1.569202542304992676e-01
3.726685047149658203e-02
-1.622550576990988702e-02
1.874582171440124512e-01
7.374203205108642578e-02
-2.787728622621443719e-02
1.270087659358978271e-01
-1.219151020050048828e-01
4.266903120367260271e-03
1.617461144924163818e-01
-2.081056535243988037e-01
-1.475389037346985788e-02
1.840834915637969971e-01
-1.815636456012725830e-01
-2.939491733974364251e-02
1.919793784618377686e-01
-1.366533935070037842e-01
-3.698377139932063074e-02
1.128844320774078369e-01
-1.377290189266204834e-01
-9.677479193271665281e-03
1.550472080707550049e-01
-2.339919805526733398e-01
-2.892802856928256006e-02
1.821322143077850342e-01
-1.964265704154968262e-01
-4.109407045012858362e-02
1.875163912773132324e-01
-1.444573402404785156e-01
-4.593283511763956994e-02
9.601706266403198242e-02
-1.429999470710754395e-01
-2.588788062399771661e-02
1.415558755397796631e-01
-2.327450811862945557e-01
-4.376201532846835107e-02
1.726058721542358398e-01
-1.951018869876861572e-01
-5.033534966474917383e-02
1.832940578460693359e-01
-1.430601477622985840e-01
-5.046821214324381799e-02
7.805696129798889160e-02
-1.351599991321563721e-01
-4.273896865612414331e-02
1.198447048664093018e-01
-1.834968328475952148e-01
-5.817508526212122888e-02
1.536111235618591309e-01
-1.677868664264678955e-01
-6.387707047230151147e-02
1.729541718959808350e-01
-1.373729705810546875e-01
-6.461280040508654565e-02
