0.000000000000000000e+00
0.000000000000000000e+00
0.000000000000000000e+00
5.541252344846725464e-02
1.084023714065551758e-02
2.288846414089107384e-03
1.145547702908515930e-01
-1.090937852859497070e-02
-3.824377084598040710e-03
1.603541597723960876e-01
-8.391499519348144531e-03
-1.525967905901381982e-02
1.952232345938682556e-01
1.662123203277587891e-02
-2.638040727607915414e-02
1.167485341429710388e-01
-1.545932888984680176e-01
2.165543961822891106e-03
1.525998935103416443e-01
-2.429898977279663086e-01
-1.755312143497178567e-02
1.786929592490196228e-01
-2.063668370246887207e-01
-3.369858360521504892e-02
1.888538524508476257e-01
-1.574411988258361816e-01
-4.271340614788243784e-02
1.011779233813285828e-01
-1.647694706916809082e-01
-1.160592364750812067e-02
1.452003344893455505e-01
-2.526607513427734375e-01
-2.911459154121587289e-02
1.743276640772819519e-01
-2.081586718559265137e-01
-4.149051255218694223e-02
1.806884333491325378e-01
-1.589469909667968750e-01
-4.847453406684110178e-02
8.428313583135604858e-02
-1.647977232933044434e-01
-2.730146295063207162e-02
1.289774700999259949e-01
-2.413749694824218750e-01
-4.225035256378362192e-02
1.619153246283531189e-01
-1.990582346916198730e-01
-4.803166038028905405e-02
1.736862882971763611e-01
-1.512498259544372559e-01
-5.007128662101933969e-02
6.621981412172317505e-02
-1.509747505187988281e-01
-4.359004518620679391e-02
1.066716238856315613e-01
-1.968227028846740723e-01
-5.540823436014363779e-02
1.388708874583244324e-01
-1.744408607482910156e-01
-5.825903883807370676e-02
1.558743640780448914e-01
-1.433669924736022949e-01
-5.879477656118581308e-02
