0.000000000000000000e+00
0.000000000000000000e+00
0.000000000000000000e+00
5.560085177421569824e-02
2.375540137290954590e-02
3.091007765590347844e-03
1.113745868206024170e-01
1.940277218818664551e-02
-3.140438984871707362e-03
1.503283083438873291e-01
4.038515686988830566e-02
-1.525058800706347029e-02
1.765795350074768066e-01
8.068105578422546387e-02
-2.692463918009480039e-02
1.231583356857299805e-01
-1.246849894523620605e-01
2.720311345740356046e-03
1.579578816890716553e-01
-2.151061296463012695e-01
-1.647840177992065946e-02
1.793850958347320557e-01
-1.814225614070892334e-01
-3.052757604399403135e-02
1.827985346317291260e-01
-1.325517296791076660e-01
-3.724919742325027983e-02
1.083316504955291748e-01
-1.382489800453186035e-01
-1.204615662226160566e-02
1.500817537307739258e-01
-2.349166274070739746e-01
-3.189168608167847196e-02
1.763229370117187500e-01
-1.911425292491912842e-01
-4.319252184012611906e-02
1.755068600177764893e-01
-1.376066207885742188e-01
-4.708858689645012419e-02
9.096848964691162109e-02
-1.435773968696594238e-01
-2.875491528192242185e-02
1.348935663700103760e-01
-2.290051877498626709e-01
-4.583180433490952055e-02
1.649746894836425781e-01
-1.869721710681915283e-01
-5.089614650586327116e-02
1.710347831249237061e-01
-1.354841589927673340e-01
-5.004599055627068083e-02
7.194417715072631836e-02
-1.373915374279022217e-01
-4.608573129752358000e-02
1.120055615901947021e-01
-1.843846440315246582e-01
-6.141261121609886686e-02
1.449909210205078125e-01
-1.658906936645507812e-01
-6.655888742187698881e-02
1.615020632743835449e-01
-1.350114941596984863e-01
-6.669079995134552519e-02
