0.000000000000000000e+00
0.000000000000000000e+00
0.000000000000000000e+00
6.465724110603332520e-02
1.977771520614624023e-02
1.588534699872923284e-02
1.201842129230499268e-01
2.692162990570068359e-03
1.783095063761663823e-02
1.606927514076232910e-01
1.359140872955322266e-02
1.036913549647522359e-02
1.887169778347015381e-01
4.895257949829101562e-02
3.022070006736043979e-03
1.190096437931060791e-01
-1.552175581455230713e-01
3.254946457342100530e-02
1.591838300228118896e-01
-2.166734039783477783e-01
2.134737322226953893e-02
1.875176727771759033e-01
-1.830375790596008301e-01
8.911173288979057361e-03
1.982201635837554932e-01
-1.346691846847534180e-01
1.698849686690095950e-03
1.077601611614227295e-01
-1.695344746112823486e-01
1.286503343031597524e-02
1.585977971553802490e-01
-2.381935417652130127e-01
3.097150696333983433e-04
1.892300248146057129e-01
-1.921725571155548096e-01
-1.072372546299504847e-02
1.949258148670196533e-01
-1.367779374122619629e-01
-1.522882519169854731e-02
9.902530908584594727e-02
-1.687576770782470703e-01
-8.795482608221050214e-03
1.536532044410705566e-01
-2.377477884292602539e-01
-1.993934674068498225e-02
1.874219775199890137e-01
-1.906885802745819092e-01
-2.480883573993253322e-02
1.971417665481567383e-01
-1.349607110023498535e-01
-2.482666870459127040e-02
9.439426660537719727e-02
-1.491578221321105957e-01
-3.060072710617589564e-02
1.450511813163757324e-01
-1.852158308029174805e-01
-4.042584685488748164e-02
1.776810884475708008e-01
-1.572432518005371094e-01
-4.298212615653085322e-02
1.930041015148162842e-01
-1.184514164924621582e-01
-4.218597201510476680e-02
