0.000000000000000000e+00
0.000000000000000000e+00
0.000000000000000000e+00
5.859524011611938477e-02
1.398724317550659180e-02
5.387515815144183762e-03
1.141705811023712158e-01
-1.021206378936767578e-03
-1.043999280611274116e-03
1.552773863077163696e-01
4.890024662017822266e-03
-1.362344710325658070e-02
1.881276220083236694e-01
3.211736679077148438e-02
-2.631262125616729008e-02
1.199472099542617798e-01
-1.433961391448974609e-01
2.460943123494985230e-03
1.549767404794692993e-01
-2.323565483093261719e-01
-1.857161702757537114e-02
1.803411096334457397e-01
-1.974682807922363281e-01
-3.539241472428500401e-02
1.912034898996353149e-01
-1.490974426269531250e-01
-4.480376461690127599e-02
1.044162511825561523e-01
-1.516597867012023926e-01
-1.371984737163245427e-02
1.488343924283981323e-01
-2.418401837348937988e-01
-3.521344060247599828e-02
1.779331713914871216e-01
-1.954248547554016113e-01
-4.968459526246249425e-02
1.839896887540817261e-01
-1.426295638084411621e-01
-5.687858531420886266e-02
8.714580535888671875e-02
-1.503297090530395508e-01
-3.139654914086520421e-02
1.312521547079086304e-01
-2.309720516204833984e-01
-4.833172256296336400e-02
1.652510017156600952e-01
-1.888332366943359375e-01
-5.506833264773547398e-02
1.787202209234237671e-01
-1.399533748626708984e-01
-5.702254915779292332e-02
6.905229389667510986e-02
-1.356620788574218750e-01
-4.941185930913150059e-02
1.076712012290954590e-01
-1.831362247467041016e-01
-6.287740538066088902e-02
1.421897560358047485e-01
-1.667020320892333984e-01
-6.749344984238803136e-02
1.633159369230270386e-01
-1.398699283599853516e-01
-6.886645773595034825e-02
