0.000000000000000000e+00
0.000000000000000000e+00
0.000000000000000000e+00
7.057084143161773682e-02
4.367887973785400391e-03
4.522782465727459567e-03
1.364008486270904541e-01
-1.226466894149780273e-02
-2.583222515596617086e-03
1.826197504997253418e-01
8.288443088531494141e-03
-1.668143068039285026e-02
2.174709737300872803e-01
4.418659210205078125e-02
-3.041633945488797508e-02
1.278380453586578369e-01
-1.927279233932495117e-01
6.434902264089714663e-03
1.631798148155212402e-01
-3.000207543373107910e-01
-1.604669523024426780e-02
1.962044835090637207e-01
-2.716515362262725830e-01
-3.406742755853997551e-02
2.119823992252349854e-01
-2.190939188003540039e-01
-4.343532939040528618e-02
1.097697615623474121e-01
-2.040826976299285889e-01
-1.008614413970576607e-02
1.563782691955566406e-01
-3.161038160324096680e-01
-3.218787704193459831e-02
1.951989233493804932e-01
-2.732994258403778076e-01
-4.696908761346207939e-02
2.076849937438964844e-01
-2.134257256984710693e-01
-5.353531037056313835e-02
9.223112463951110840e-02
-2.030104100704193115e-01
-2.880378049397336326e-02
1.417984664440155029e-01
-3.058122098445892334e-01
-4.686224628770219169e-02
1.850316822528839111e-01
-2.658372521400451660e-01
-5.514018405759202324e-02
2.042950689792633057e-01
-2.095171213150024414e-01
-5.696175415599213920e-02
7.722346484661102295e-02
-1.845427751541137695e-01
-4.818617720687257133e-02
1.223604381084442139e-01
-2.463652193546295166e-01
-6.252989341103898369e-02
1.614416837692260742e-01
-2.305048406124114990e-01
-6.757998634660111748e-02
1.833597123622894287e-01
-1.958565413951873779e-01
-6.829822231614457451e-02
