0.000000000000000000e+00
0.000000000000000000e+00
0.000000000000000000e+00
6.450919806957244873e-02
1.955449581146240234e-02
1.010461448601063239e-02
1.199758797883987427e-01
1.139855384826660156e-02
6.420105406107268209e-03
1.589116603136062622e-01
2.451884746551513672e-02
-4.638202312378325587e-03
1.890227645635604858e-01
5.882561206817626953e-02
-1.525800191888038171e-02
1.238741725683212280e-01
-1.518103480339050293e-01
1.586155145338352668e-02
1.603991538286209106e-01
-2.229626774787902832e-01
-1.321516289351620799e-03
1.850940436124801636e-01
-1.861336231231689453e-01
-1.702456251808825982e-02
1.935833841562271118e-01
-1.382865905761718750e-01
-2.606073656210128320e-02
1.094301193952560425e-01
-1.616842746734619141e-01
-2.061703299148121005e-03
1.575244814157485962e-01
-2.347897887229919434e-01
-1.928750687369529260e-02
1.849630922079086304e-01
-1.856065392494201660e-01
-3.244329505690757287e-02
1.883947104215621948e-01
-1.325025558471679688e-01
-3.887029626497451318e-02
9.639352560043334961e-02
-1.580011248588562012e-01
-2.158900612124625695e-02
1.447903960943222046e-01
-2.210806012153625488e-01
-3.496785723694983972e-02
1.765291839838027954e-01
-1.760104298591613770e-01
-4.026855045088950646e-02
1.865199357271194458e-01
-1.262765526771545410e-01
-4.130594694146338952e-02
8.467017114162445068e-02
-1.367450356483459473e-01
-4.152049013504210961e-02
1.259428411722183228e-01
-1.717410683631896973e-01
-5.154652410277549279e-02
1.573555618524551392e-01
-1.525123715400695801e-01
-5.396480375060264123e-02
1.748412996530532837e-01
-1.245716810226440430e-01
-5.376715102323714746e-02
