0.000000000000000000e+00
0.000000000000000000e+00
0.000000000000000000e+00
6.413535773754119873e-02
1.413077116012573242e-02
1.137263804571375658e-02
1.178110539913177490e-01
5.338668823242187500e-03
6.830463762298677466e-03
1.558113098144531250e-01
1.947516202926635742e-02
-5.448548943832065561e-03
1.875170469284057617e-01
5.167222023010253906e-02
-1.800322428448453138e-02
1.171311587095260620e-01
-1.395447850227355957e-01
1.062201533363804629e-02
1.534449458122253418e-01
-2.201992273330688477e-01
-8.186120429172660806e-03
1.794099509716033936e-01
-1.891604661941528320e-01
-2.344683267278924177e-02
1.898107826709747314e-01
-1.427559256553649902e-01
-3.175044700606122205e-02
1.021385490894317627e-01
-1.478314399719238281e-01
-8.839675114586498239e-03
1.482858657836914062e-01
-2.326498627662658691e-01
-2.757822059197678755e-02
1.785478591918945312e-01
-1.892237663269042969e-01
-4.032498866422429273e-02
1.852576434612274170e-01
-1.367727518081665039e-01
-4.628462612731709669e-02
8.781628310680389404e-02
-1.434376835823059082e-01
-2.962682478232636640e-02
1.349211335182189941e-01
-2.158634662628173828e-01
-4.452949658139004896e-02
1.697760522365570068e-01
-1.760054826736450195e-01
-5.023306131465687940e-02
1.829718649387359619e-01
-1.278344392776489258e-01
-5.130280822618260572e-02
7.535755634307861328e-02
-1.233430504798889160e-01
-5.044640123946919630e-02
1.163163781166076660e-01
-1.672152876853942871e-01
-6.254576414926305006e-02
1.500608623027801514e-01
-1.513091325759887695e-01
-6.607023894889607618e-02
1.692939996719360352e-01
-1.240521669387817383e-01
-6.633260369403615186e-02
