0.000000000000000000e+00
0.000000000000000000e+00
0.000000000000000000e+00
6.494596600532531738e-02
1.040637493133544922e-02
1.261647422123246542e-02
1.192527413368225098e-01
-1.210558414459228516e-02
1.083223525691323630e-02
1.610986292362213135e-01
-1.219749450683593750e-03
7.340986446990882541e-04
1.944755017757415771e-01
2.435594797134399414e-02
-9.030381177780100188e-03
1.048246622085571289e-01
-1.812681257724761963e-01
2.231449544686370245e-02
1.521107256412506104e-01
-2.329386770725250244e-01
8.638641836824945131e-03
1.844387054443359375e-01
-1.997898221015930176e-01
-5.274674349692531905e-03
1.995218992233276367e-01
-1.524177491664886475e-01
-1.319649439048475870e-02
9.375399351119995117e-02
-1.931030154228210449e-01
4.398921078774264970e-03
1.536408662796020508e-01
-2.587342560291290283e-01
-7.594272454497286162e-03
1.886900365352630615e-01
-2.160268425941467285e-01
-1.827575914305157312e-02
2.013688087463378906e-01
-1.627866625785827637e-01
-2.397555015724606164e-02
8.886206150054931641e-02
-1.848101019859313965e-01
-1.508650831621594079e-02
1.505985558032989502e-01
-2.576823234558105469e-01
-2.514764383178658136e-02
1.881927847862243652e-01
-2.175714373588562012e-01
-3.057989194732613214e-02
2.030033767223358154e-01
-1.642131805419921875e-01
-3.259462579828209527e-02
9.105482697486877441e-02
-1.553414762020111084e-01
-3.478399753313965448e-02
1.466205716133117676e-01
-1.983489394187927246e-01
-4.208092480641312250e-02
1.815676987171173096e-01
-1.794193387031555176e-01
-4.344796851020760187e-02
2.002723217010498047e-01
-1.466811001300811768e-01
-4.324183329683251031e-02
