0.000000000000000000e+00
0.000000000000000000e+00
0.000000000000000000e+00
6.389023363590240479e-02
2.102148532867431641e-02
1.331715334116267968e-02
1.215385943651199341e-01
7.155776023864746094e-03
1.245525527654933740e-02
1.637562662363052368e-01
2.129846811294555664e-02
2.961599052909491547e-03
1.912503391504287720e-01
6.158506870269775391e-02
-6.223103479456426612e-03
1.202759891748428345e-01
-1.578107476234436035e-01
2.719943459986495782e-02
1.619970947504043579e-01
-2.149591445922851562e-01
1.557703550814437676e-02
1.904206722974777222e-01
-1.799115240573883057e-01
3.031773743245480546e-03
2.021223455667495728e-01
-1.333035826683044434e-01
-4.611458145987512580e-03
1.076139360666275024e-01
-1.731559038162231445e-01
8.152796438920972832e-03
1.609659045934677124e-01
-2.376293838024139404e-01
-4.004948754769088737e-03
1.914828866720199585e-01
-1.903817653656005859e-01
-1.428909458310556602e-02
1.970389932394027710e-01
-1.360553503036499023e-01
-1.889276642442894172e-02
9.767229855060577393e-02
-1.717841923236846924e-01
-1.269601330251646232e-02
1.539059728384017944e-01
-2.353707551956176758e-01
-2.355708133519840430e-02
1.875861436128616333e-01
-1.881475448608398438e-01
-2.757636968136978339e-02
1.971216052770614624e-01
-1.339596211910247803e-01
-2.761699583471965980e-02
9.210430085659027100e-02
-1.510136127471923828e-01
-3.388872880579185676e-02
1.436255425214767456e-01
-1.816793680191040039e-01
-4.301498968244743537e-02
1.764743775129318237e-01
-1.538033187389373779e-01
-4.459471393467140388e-02
1.924407035112380981e-01
-1.174524426460266113e-01
-4.354588080288124274e-02
