0.000000000000000000e+00
0.000000000000000000e+00
0.000000000000000000e+00
6.624880433082580566e-02
1.410394906997680664e-02
1.064462377539143745e-02
1.237164735794067383e-01
-9.212374687194824219e-03
1.000376953592763130e-02
1.654967963695526123e-01
2.255141735076904297e-03
1.155161297305085100e-03
1.954701840877532959e-01
3.569364547729492188e-02
-6.932198304326675498e-03
1.132007837295532227e-01
-1.857588887214660645e-01
2.463852683862910453e-02
1.544635593891143799e-01
-2.543843388557434082e-01
8.846320908872939981e-03
1.882296502590179443e-01
-2.237577736377716064e-01
-6.742167520911834799e-03
2.038630843162536621e-01
-1.704754829406738281e-01
-1.506059174576535042e-02
9.950524568557739258e-02
-1.979314088821411133e-01
7.472738389282085336e-03
1.511218845844268799e-01
-2.789213061332702637e-01
-8.411688964457653128e-03
1.882619857788085938e-01
-2.381130456924438477e-01
-2.123922039905323800e-02
2.022019028663635254e-01
-1.789581775665283203e-01
-2.665086952188744363e-02
9.150522947311401367e-02
-1.925319731235504150e-01
-1.199328084626927193e-02
1.466550529003143311e-01
-2.763139307498931885e-01
-2.558460016885533150e-02
1.869943439960479736e-01
-2.385075986385345459e-01
-3.338528727331890877e-02
2.043338119983673096e-01
-1.814344823360443115e-01
-3.522706707158818062e-02
9.045720100402832031e-02
-1.670549511909484863e-01
-3.197397594490780648e-02
1.423916220664978027e-01
-2.125101685523986816e-01
-4.326279019156231698e-02
1.794143021106719971e-01
-1.943938136100769043e-01
-4.759100382366909798e-02
2.003965079784393311e-01
-1.582324206829071045e-01
-4.799198662081494149e-02
