0.000000000000000000e+00
0.000000000000000000e+00
0.000000000000000000e+00
6.465342640876770020e-02
2.211552858352661133e-02
1.004263633974744607e-02
1.228682696819305420e-01
1.499885320663452148e-02
8.714746368312376035e-03
1.638127863407135010e-01
3.374075889587402344e-02
-7.038889115591473455e-04
1.909543573856353760e-01
7.339537143707275391e-02
-9.891145246839982974e-03
1.300212442874908447e-01
-1.381417512893676758e-01
2.332466902323915292e-02
1.678513586521148682e-01
-2.136052548885345459e-01
8.158804533266561521e-03
1.947537362575531006e-01
-1.853584945201873779e-01
-6.371697726464731204e-03
2.043293416500091553e-01
-1.399653255939483643e-01
-1.438965121171520423e-02
1.170133352279663086e-01
-1.530650258064270020e-01
5.887869429969327939e-03
1.636233329772949219e-01
-2.375258207321166992e-01
-1.055930120757864188e-02
1.943754553794860840e-01
-1.981447041034698486e-01
-2.406049644461916159e-02
2.001816630363464355e-01
-1.448345184326171875e-01
-3.011416023484514426e-02
1.040265560150146484e-01
-1.578500866889953613e-01
-1.389025928340004157e-02
1.542965471744537354e-01
-2.394209504127502441e-01
-2.860327748469160269e-02
1.877268850803375244e-01
-1.976769566535949707e-01
-3.653147755078123282e-02
1.977990269660949707e-01
-1.431245207786560059e-01
-3.806921778134153556e-02
9.303876757621765137e-02
-1.467460393905639648e-01
-3.397218448928640555e-02
1.401397287845611572e-01
-1.905430555343627930e-01
-4.610549596957014273e-02
1.745124757289886475e-01
-1.667926609516143799e-01
-5.094401476792143058e-02
1.915762424468994141e-01
-1.289306581020355225e-01
-5.159834338239477347e-02
