0.000000000000000000e+00
0.000000000000000000e+00
0.000000000000000000e+00
6.330282986164093018e-02
1.849675178527832031e-02
1.170543404754198491e-02
1.200873106718063354e-01
2.065479755401611328e-03
1.011596722986496388e-02
1.607450693845748901e-01
1.043748855590820312e-02
4.043856565090209187e-04
1.905324608087539673e-01
4.065036773681640625e-02
-9.044612660147777206e-03
1.179526299238204956e-01
-1.614258289337158203e-01
2.353320001151359975e-02
1.591911464929580688e-01
-2.224499285221099854e-01
1.070577381636894643e-02
1.875535696744918823e-01
-1.914803981781005859e-01
-2.670085891224971419e-03
1.988477557897567749e-01
-1.456151306629180908e-01
-1.045376052621804774e-02
1.048946529626846313e-01
-1.752905547618865967e-01
5.969655332080492371e-03
1.580165475606918335e-01
-2.447049915790557861e-01
-7.139086159952512389e-03
1.883480697870254517e-01
-2.016100883483886719e-01
-1.836720006082259715e-02
1.952743381261825562e-01
-1.489209532737731934e-01
-2.376604908619128764e-02
9.539310634136199951e-02
-1.735916435718536377e-01
-1.333628957632981837e-02
1.509364396333694458e-01
-2.478028535842895508e-01
-2.417424032006465495e-02
1.848103553056716919e-01
-2.049664258956909180e-01
-2.910004267010890544e-02
1.957919746637344360e-01
-1.512110233306884766e-01
-3.021224857781135142e-02
9.071604907512664795e-02
-1.527605056762695312e-01
-3.300523096237384379e-02
1.415936797857284546e-01
-1.907477080821990967e-01
-4.192810961518489421e-02
1.752902120351791382e-01
-1.674944162368774414e-01
-4.426747643861972392e-02
1.927475482225418091e-01
-1.327500939369201660e-01
-4.420982757125102580e-02
