0.000000000000000000e+00
0.000000000000000000e+00
0.000000000000000000e+00
6.605640053749084473e-02
1.871782541275024414e-02
1.229883388204910943e-02
1.222727447748184204e-01
9.767532348632812500e-03
9.491209243968512510e-03
1.611730605363845825e-01
2.445149421691894531e-02
-1.187101867436979319e-03
1.910083740949630737e-01
5.926710367202758789e-02
-1.200023542569539359e-02
1.253728717565536499e-01
-1.473771929740905762e-01
1.563618362470009515e-02
1.634258776903152466e-01
-2.233511805534362793e-01
-1.666723330892239119e-03
1.885509341955184937e-01
-1.867833733558654785e-01
-1.720875285045764258e-02
1.968364566564559937e-01
-1.371464133262634277e-01
-2.614246464745662024e-02
1.104786694049835205e-01
-1.563079357147216797e-01
-3.641073754444335009e-03
1.593202203512191772e-01
-2.359979748725891113e-01
-2.215499214307925513e-02
1.877012699842453003e-01
-1.863927245140075684e-01
-3.637307851986548712e-02
1.901368647813796997e-01
-1.301286220550537109e-01
-4.332174702958724311e-02
9.615725278854370117e-02
-1.530934572219848633e-01
-2.422354340033194831e-02
1.449692994356155396e-01
-2.249889373779296875e-01
-3.830290182904860785e-02
1.775310188531875610e-01
-1.795061230659484863e-01
-4.477437555269858649e-02
1.869580894708633423e-01
-1.275019049644470215e-01
-4.654872759656569770e-02
8.293873071670532227e-02
-1.337065100669860840e-01
-4.486286982373854926e-02
1.245446950197219849e-01
-1.743647456169128418e-01
-5.624440654592177680e-02
1.572483927011489868e-01
-1.561799645423889160e-01
-6.022669717149398139e-02
1.750324219465255737e-01
-1.278136968612670898e-01
-6.110962077455184271e-02
