0.000000000000000000e+00
0.000000000000000000e+00
0.000000000000000000e+00
5.381704866886138916e-02
2.556791901588439941e-02
3.917399016835076964e-03
1.095120757818222046e-01
2.066537737846374512e-02
-1.348325362734215105e-03
1.484168320894241333e-01
4.035791754722595215e-02
-1.260249580659689173e-02
1.752834767103195190e-01
8.045354485511779785e-02
-2.344586498507084116e-02
1.230933815240859985e-01
-1.218901872634887695e-01
4.935217244245393431e-03
1.590119451284408569e-01
-2.135331630706787109e-01
-1.379651560851158365e-02
1.796234399080276489e-01
-1.793653368949890137e-01
-2.789704858728470072e-02
1.811688989400863647e-01
-1.310204267501831055e-01
-3.454099952646316751e-02
1.092631965875625610e-01
-1.356584131717681885e-01
-9.623716431043760622e-03
1.524368077516555786e-01
-2.336160242557525635e-01
-2.808545700677456125e-02
1.770938187837600708e-01
-1.891241967678070068e-01
-3.945809214778961405e-02
1.741404980421066284e-01
-1.371894776821136475e-01
-4.375796377130569681e-02
9.280838072299957275e-02
-1.419949531555175781e-01
-2.610447056063236460e-02
1.372835189104080200e-01
-2.269180417060852051e-01
-4.189196958609642252e-02
1.655995100736618042e-01
-1.835536956787109375e-01
-4.716541975208343729e-02
1.695969253778457642e-01
-1.330124437808990479e-01
-4.692082464166702493e-02
7.473437488079071045e-02
-1.373315453529357910e-01
-4.312515243359626993e-02
1.146584302186965942e-01
-1.840587556362152100e-01
-5.731030165620865091e-02
1.463037580251693726e-01
-1.614204943180084229e-01
-6.216171740957321390e-02
1.609340757131576538e-01
-1.282028853893280029e-01
-6.249816327758850321e-02
