0.000000000000000000e+00
0.000000000000000000e+00
0.000000000000000000e+00
5.931000411510467529e-02
2.597063779830932617e-02
6.113219148957682592e-03
1.176702529191970825e-01
1.515811681747436523e-02
4.424218628102494222e-03
1.604955643415451050e-01
3.281056880950927734e-02
-4.172053579694079417e-03
1.889926046133041382e-01
7.241410017013549805e-02
-1.253459176093940641e-02
1.348126083612442017e-01
-1.231016218662261963e-01
1.734935453116293047e-02
1.680130511522293091e-01
-2.022833228111267090e-01
1.636608344981027585e-03
1.893814355134963989e-01
-1.763624548912048340e-01
-1.269741768062715437e-02
1.946624666452407837e-01
-1.323823630809783936e-01
-2.056549156129960920e-02
1.216620951890945435e-01
-1.420915722846984863e-01
2.567532080703927022e-03
1.626348346471786499e-01
-2.335103452205657959e-01
-1.396171880931262876e-02
1.873084753751754761e-01
-1.968190073966979980e-01
-2.622688042045240309e-02
1.900438517332077026e-01
-1.455635130405426025e-01
-3.154458517253999617e-02
1.063287705183029175e-01
-1.506370604038238525e-01
-1.474981607914571669e-02
1.518354862928390503e-01
-2.422322630882263184e-01
-3.057933265388612654e-02
1.805637925863265991e-01
-2.047221660614013672e-01
-3.813587913334970381e-02
1.889249831438064575e-01
-1.514715850353240967e-01
-3.948875555813913252e-02
9.061174094676971436e-02
-1.455306708812713623e-01
-3.263919094622735884e-02
1.332639902830123901e-01
-1.897658407688140869e-01
-4.724194521129732038e-02
1.657179147005081177e-01
-1.671920418739318848e-01
-5.403772035658960249e-02
1.841367036104202271e-01
-1.298087537288665771e-01
-5.599854180634622480e-02
