0.000000000000000000e+00
0.000000000000000000e+00
0.000000000000000000e+00
6.387305259704589844e-02
2.139955759048461914e-02
1.073284787469219737e-02
1.234942376613616943e-01
8.569777011871337891e-03
1.015240387403082423e-02
1.652775108814239502e-01
2.518475055694580078e-02
1.381509032739813847e-03
1.919742822647094727e-01
6.395965814590454102e-02
-7.088834276714806037e-03
1.292476058006286621e-01
-1.571543514728546143e-01
2.457872466527533106e-02
1.677423715591430664e-01
-2.306472361087799072e-01
1.136059933685373835e-02
1.963616311550140381e-01
-1.995054483413696289e-01
-2.293352825859074073e-03
2.078422009944915771e-01
-1.524700224399566650e-01
-1.025433125562358327e-02
1.162252724170684814e-01
-1.718544661998748779e-01
7.077627958437915368e-03
1.637343168258666992e-01
-2.533313632011413574e-01
-7.900744067796949821e-03
1.950072646141052246e-01
-2.065590023994445801e-01
-2.011777772224832006e-02
2.010577917098999023e-01
-1.502684950828552246e-01
-2.558052292681622930e-02
1.049166023731231689e-01
-1.742556989192962646e-01
-1.261619324452567525e-02
1.564570665359497070e-01
-2.602806985378265381e-01
-2.637893831945348211e-02
1.916337907314300537e-01
-2.137739956378936768e-01
-3.355882814742017217e-02
2.024453580379486084e-01
-1.566433906555175781e-01
-3.492920226074147649e-02
9.677571058273315430e-02
-1.599142551422119141e-01
-3.261585286475110479e-02
1.457411050796508789e-01
-2.095264196395874023e-01
-4.442792138672757574e-02
1.798015236854553223e-01
-1.823868751525878906e-01
-4.852639636612821050e-02
1.958214640617370605e-01
-1.415936648845672607e-01
-4.883849373675275274e-02
