0.000000000000000000e+00
0.000000000000000000e+00
0.000000000000000000e+00
5.989630520343780518e-02
2.507609128952026367e-02
5.463583446967845703e-03
1.238925606012344360e-01
1.290822029113769531e-02
2.339601801637058998e-03
1.672632843255996704e-01
3.547495603561401367e-02
-7.773999072682613587e-03
1.918441802263259888e-01
8.575922250747680664e-02
-1.767784724391674445e-02
1.346118301153182983e-01
-1.433134973049163818e-01
1.554698967926526620e-02
1.710946410894393921e-01
-2.249429523944854736e-01
1.778319067540223841e-04
1.968689113855361938e-01
-1.967038810253143311e-01
-1.412975596643661902e-02
2.062977999448776245e-01
-1.475084125995635986e-01
-2.248602355278706000e-02
1.203063875436782837e-01
-1.599082648754119873e-01
-5.387387416107003446e-04
1.652882844209671021e-01
-2.555080652236938477e-01
-1.861154282845234320e-02
1.957537680864334106e-01
-2.155439853668212891e-01
-3.282197187103008673e-02
2.019912153482437134e-01
-1.576005220413208008e-01
-3.933924803889965460e-02
1.048843115568161011e-01
-1.671705842018127441e-01
-1.895626256622051642e-02
1.547552496194839478e-01
-2.642722129821777344e-01
-3.563024470962261603e-02
1.894274204969406128e-01
-2.201877832412719727e-01
-4.575157532848095343e-02
2.012207657098770142e-01
-1.591895818710327148e-01
-4.880059132732128546e-02
9.014026820659637451e-02
-1.598829329013824463e-01
-3.789019951976513312e-02
1.382286101579666138e-01
-2.113530933856964111e-01
-5.197966838635181830e-02
1.734499484300613403e-01
-1.868873834609985352e-01
-5.886023486412739203e-02
1.922859400510787964e-01
-1.451262533664703369e-01
-6.122282514728283331e-02
