0.000000000000000000e+00
0.000000000000000000e+00
0.000000000000000000e+00
6.558078527450561523e-02
1.350784301757812500e-02
1.193840699194481658e-02
1.263471841812133789e-01
-2.339065074920654297e-03
1.027065878658106612e-02
1.696176826953887939e-01
1.359349489212036133e-02
8.553777231696813033e-04
1.992383599281311035e-01
4.452246427536010742e-02
-8.144845348610374458e-03
1.151511371135711670e-01
-1.878643929958343506e-01
2.054727533756306457e-02
1.639961302280426025e-01
-2.493388950824737549e-01
7.683216034607198708e-03
1.973942518234252930e-01
-2.191722095012664795e-01
-4.706281331195327766e-03
2.136570513248443604e-01
-1.736257076263427734e-01
-1.145535158069321824e-02
1.017070412635803223e-01
-2.007393240928649902e-01
3.085318626077082627e-03
1.644741892814636230e-01
-2.728266417980194092e-01
-8.959273901595565803e-03
1.996752321720123291e-01
-2.299431860446929932e-01
-1.843873327673861695e-02
2.092861831188201904e-01
-1.758895218372344971e-01
-2.240021070541331483e-02
9.427833557128906250e-02
-1.942422688007354736e-01
-1.574651440681407166e-02
1.571694612503051758e-01
-2.716976702213287354e-01
-2.551175570191333009e-02
1.952669322490692139e-01
-2.306365966796875000e-01
-2.948068929912039948e-02
2.085464596748352051e-01
-1.759317815303802490e-01
-2.968307873310038758e-02
9.422844648361206055e-02
-1.684511899948120117e-01
-3.486179849208781434e-02
1.490414142608642578e-01
-2.173018157482147217e-01
-4.269731706084201051e-02
1.841928362846374512e-01
-1.966376006603240967e-01
-4.361104136408755494e-02
2.019911110401153564e-01
-1.607995927333831787e-01
-4.214133611024806214e-02
