0.000000000000000000e+00
0.000000000000000000e+00
0.000000000000000000e+00
6.570160388946533203e-02
-2.540469169616699219e-03
1.129795521636367539e-02
1.139149665832519531e-01
-3.181183338165283203e-02
8.608677463129765783e-03
1.537186801433563232e-01
-2.541875839233398438e-02
-2.076184571265571321e-03
1.862646043300628662e-01
-9.669005870819091797e-03
-1.202897071699737808e-02
7.989984750747680664e-02
-2.090081274509429932e-01
1.952250491966367463e-02
1.309779286384582520e-01
-2.777697741985321045e-01
5.644910541818148886e-03
1.685223281383514404e-01
-2.532136142253875732e-01
-8.144943936272852625e-03
1.885156631469726562e-01
-2.139443457126617432e-01
-1.570460568974851867e-02
7.325375080108642578e-02
-2.166233956813812256e-01
2.878899724677808081e-03
1.336684525012969971e-01
-2.992576360702514648e-01
-8.133299610122435297e-03
1.724177002906799316e-01
-2.702808678150177002e-01
-1.794732544432520172e-02
1.890848875045776367e-01
-2.262446880340576172e-01
-2.330685775588392517e-02
7.662352919578552246e-02
-2.036309242248535156e-01
-1.529487870494961044e-02
1.362821757793426514e-01
-2.948272228240966797e-01
-2.393308650563596984e-02
1.758868992328643799e-01
-2.686761915683746338e-01
-2.869434278319715759e-02
1.946114599704742432e-01
-2.232741713523864746e-01
-3.017860274623274108e-02
9.130504727363586426e-02
-1.719265282154083252e-01
-3.388778488944410583e-02
1.441439390182495117e-01
-2.332762479782104492e-01
-3.927097838233351013e-02
1.793098747730255127e-01
-2.288435399532318115e-01
-3.984045233438848754e-02
2.004884779453277588e-01
-2.058762311935424805e-01
-3.913555290411352416e-02
