0.000000000000000000e+00
0.000000000000000000e+00
0.000000000000000000e+00
6.315812468528747559e-02
1.771956682205200195e-02
1.140191125439571351e-02
1.205015182495117188e-01
-1.286268234252929688e-04
8.950087230076064770e-03
1.623543500900268555e-01
8.805394172668457031e-03
-1.484198856744001205e-03
1.933826506137847900e-01
3.826332092285156250e-02
-1.177913137955499678e-02
1.145421862602233887e-01
-1.657964587211608887e-01
1.976568530069755525e-02
1.591692864894866943e-01
-2.255695760250091553e-01
5.951755668391456311e-03
1.897626519203186035e-01
-1.924651563167572021e-01
-7.649699703435430820e-03
2.028613984584808350e-01
-1.456784307956695557e-01
-1.548185293806625396e-02
1.013781428337097168e-01
-1.788296103477478027e-01
1.982359902356733983e-03
1.590479016304016113e-01
-2.472723424434661865e-01
-1.154574473632408171e-02
1.921032965183258057e-01
-2.016494870185852051e-01
-2.243355942202640563e-02
2.011936306953430176e-01
-1.484787464141845703e-01
-2.788599488569332152e-02
9.268113970756530762e-02
-1.742073297500610352e-01
-1.735505928529335051e-02
1.528390944004058838e-01
-2.475073337554931641e-01
-2.872221452427936583e-02
1.891326904296875000e-01
-2.031199932098388672e-01
-3.384814133180213958e-02
2.014423012733459473e-01
-1.486437320709228516e-01
-3.536582087410522490e-02
8.942225575447082520e-02
-1.497502624988555908e-01
-3.696191777719093352e-02
1.436986923217773438e-01
-1.891352832317352295e-01
-4.594786559475494414e-02
1.790907084941864014e-01
-1.658071279525756836e-01
-4.807933886779380828e-02
1.970973610877990723e-01
-1.308597624301910400e-01
-4.817957525385452300e-02
