0.000000000000000000e+00
0.000000000000000000e+00
0.000000000000000000e+00
6.403817236423492432e-02
2.189868688583374023e-02
1.497916418634304137e-02
1.223558336496353149e-01
4.088640213012695312e-03
1.562759194098362059e-02
1.641828268766403198e-01
1.607620716094970703e-02
7.470293040796605055e-03
1.916186064481735229e-01
5.260366201400756836e-02
-5.434308429812517716e-04
1.222970336675643921e-01
-1.525824964046478271e-01
2.769585426472076506e-02
1.640880554914474487e-01
-2.092131674289703369e-01
1.636251348577388853e-02
1.937437802553176880e-01
-1.762512028217315674e-01
4.102041083797303145e-03
2.058279663324356079e-01
-1.305880844593048096e-01
-3.173768450096758897e-03
1.095968335866928101e-01
-1.669538915157318115e-01
8.136558416708794539e-03
1.624790877103805542e-01
-2.341783344745635986e-01
-4.474486619756135042e-03
1.937238723039627075e-01
-1.886668205261230469e-01
-1.479607347823730379e-02
1.992337852716445923e-01
-1.339446604251861572e-01
-1.915355857886424928e-02
9.907369315624237061e-02
-1.671310365200042725e-01
-1.309476785786500841e-02
1.555653959512710571e-01
-2.371888160705566406e-01
-2.450751971878162294e-02
1.892169266939163208e-01
-1.909520030021667480e-01
-2.880438689567199617e-02
1.978614777326583862e-01
-1.366123855113983154e-01
-2.885452557779899507e-02
9.290318191051483154e-02
-1.487225592136383057e-01
-3.439778548158756166e-02
1.459500938653945923e-01
-1.821330487728118896e-01
-4.461669635452381044e-02
1.794488579034805298e-01
-1.543899774551391602e-01
-4.703790408052554994e-02
1.949732154607772827e-01
-1.172280609607696533e-01
-4.641796362079730898e-02
