0.000000000000000000e+00
0.000000000000000000e+00
0.000000000000000000e+00
5.622085928916931152e-02
2.659803628921508789e-02
9.667824495281251984e-03
1.123057603836059570e-01
1.452839374542236328e-02
1.061082026704696091e-02
1.533623337745666504e-01
3.144955635070800781e-02
3.716882092575701790e-03
1.816745996475219727e-01
6.784874200820922852e-02
-2.748748513241139335e-03
1.198168992996215820e-01
-1.377368569374084473e-01
2.895487426563647659e-02
1.540677547454833984e-01
-2.087112963199615479e-01
1.766993990882781418e-02
1.805894076824188232e-01
-1.854420304298400879e-01
5.131006247992786484e-03
1.913596391677856445e-01
-1.435307562351226807e-01
-1.905134056997326297e-03
1.103185117244720459e-01
-1.519946753978729248e-01
1.305590058460381897e-02
1.524126529693603516e-01
-2.300159931182861328e-01
7.764361870243874364e-04
1.822949945926666260e-01
-1.964517831802368164e-01
-1.074852747127863495e-02
1.895912289619445801e-01
-1.469273269176483154e-01
-1.582498894289585678e-02
1.007594466209411621e-01
-1.589859127998352051e-01
-5.494591772858825607e-03
1.475109159946441650e-01
-2.354198098182678223e-01
-1.666438066617104141e-02
1.795011162757873535e-01
-1.980373561382293701e-01
-2.311286562338921158e-02
1.898739933967590332e-01
-1.456505656242370605e-01
-2.418382511690708725e-02
9.322041273117065430e-02
-1.533255279064178467e-01
-2.470174291387650101e-02
1.370518207550048828e-01
-1.959514915943145752e-01
-3.429010183766934006e-02
1.685506403446197510e-01
-1.758659183979034424e-01
-3.785131172493549911e-02
1.848073005676269531e-01
-1.408572196960449219e-01
-3.782277227595898239e-02
