0.000000000000000000e+00
0.000000000000000000e+00
0.000000000000000000e+00
6.663382053375244141e-02
-8.603870868682861328e-03
1.397676021240101818e-02
1.106924116611480713e-01
-4.573482275009155273e-02
1.217982545874463085e-02
1.487411856651306152e-01
-4.689925909042358398e-02
1.764300399528906382e-03
1.816680133342742920e-01
-3.274148702621459961e-02
-8.189992975374593698e-03
7.042500376701354980e-02
-2.222711741924285889e-01
2.129925880960570339e-02
1.218235194683074951e-01
-2.949114739894866943e-01
7.603368260035381354e-03
1.610227227210998535e-01
-2.750653624534606934e-01
-5.765389647265806161e-03
1.838127374649047852e-01
-2.374615371227264404e-01
-1.318619399883402821e-02
6.445935368537902832e-02
-2.280474901199340820e-01
2.834674207562670745e-03
1.283514201641082764e-01
-3.153882622718811035e-01
-8.397014807840719186e-03
1.693285405635833740e-01
-2.880057394504547119e-01
-1.785240973897828098e-02
1.891991496086120605e-01
-2.439864873886108398e-01
-2.285872865088833805e-02
6.983858346939086914e-02
-2.134728133678436279e-01
-1.704640593000306126e-02
1.313001811504364014e-01
-3.072512149810791016e-01
-2.501625287898434635e-02
1.737084984779357910e-01
-2.844893336296081543e-01
-2.968649845190896031e-02
1.956605911254882812e-01
-2.403893172740936279e-01
-3.151179197796238896e-02
8.691036701202392578e-02
-1.806472837924957275e-01
-3.722904715307606693e-02
1.388652324676513672e-01
-2.464219927787780762e-01
-4.125603381164921757e-02
1.753797531127929688e-01
-2.465427219867706299e-01
-4.151882696517361637e-02
1.991282701492309570e-01
-2.265629172325134277e-01
-4.117165226109875675e-02
