0.000000000000000000e+00
0.000000000000000000e+00
0.000000000000000000e+00
6.630055606365203857e-02
9.854853153228759766e-03
1.179833265005925114e-02
1.240425258874893188e-01
-1.473826169967651367e-02
1.075318941830971653e-02
1.668084114789962769e-01
-1.126229763031005859e-03
1.401489339613704033e-03
1.963922828435897827e-01
3.022611141204833984e-02
-7.094820290959091835e-03
1.084911972284317017e-01
-1.954786181449890137e-01
2.471299489944556171e-02
1.531975716352462769e-01
-2.618091106414794922e-01
1.005277337490895206e-02
1.880355626344680786e-01
-2.317734360694885254e-01
-4.680469427412958794e-03
2.048804610967636108e-01
-1.812705099582672119e-01
-1.280427610517165249e-02
9.579463303089141846e-02
-2.067721486091613770e-01
6.882157381468800850e-03
1.524454206228256226e-01
-2.857886552810668945e-01
-7.585602142071934395e-03
1.900504678487777710e-01
-2.448092103004455566e-01
-1.966078372687718456e-02
2.042001932859420776e-01
-1.866827607154846191e-01
-2.499706463903805798e-02
8.970795571804046631e-02
-1.985241174697875977e-01
-1.292003856987378185e-02
1.490893214941024780e-01
-2.809944748878479004e-01
-2.481479736060521191e-02
1.895735412836074829e-01
-2.431065440177917480e-01
-3.135671632379910534e-02
2.070679515600204468e-01
-1.871020793914794922e-01
-3.291089626044652050e-02
9.114997088909149170e-02
-1.694962084293365479e-01
-3.321792351097485607e-02
1.447022110223770142e-01
-2.156046330928802490e-01
-4.271859468907734936e-02
1.817304044961929321e-01
-2.002505958080291748e-01
-4.580428617090603893e-02
2.029737979173660278e-01
-1.675582230091094971e-01
-4.578221010059735363e-02
