0.000000000000000000e+00
0.000000000000000000e+00
0.000000000000000000e+00
6.816901266574859619e-02
1.570934057235717773e-02
1.374799049251862471e-02
1.283020526170730591e-01
-9.462237358093261719e-04
1.406833938115426008e-02
1.703159660100936890e-01
1.396256685256958008e-02
5.912885896648845119e-03
1.983345597982406616e-01
4.676693677902221680e-02
-1.729957398239889699e-03
1.218970566987991333e-01
-1.813992857933044434e-01
2.978062013887949888e-02
1.648796647787094116e-01
-2.412753403186798096e-01
1.924325841271468107e-02
1.974324733018875122e-01
-2.162785232067108154e-01
7.394819415893039150e-03
2.131223231554031372e-01
-1.743930876255035400e-01
3.997171707652569239e-04
1.078017204999923706e-01
-1.969834864139556885e-01
1.101690008097477858e-02
1.639968305826187134e-01
-2.682617306709289551e-01
-1.800740309789716775e-04
1.991879791021347046e-01
-2.299440503120422363e-01
-1.022808683312348421e-02
2.095078676939010620e-01
-1.775030791759490967e-01
-1.459395197427681978e-02
9.839443862438201904e-02
-1.940445899963378906e-01
-9.656061057214060384e-03
1.570235639810562134e-01
-2.691375017166137695e-01
-1.962704641020707186e-02
1.955900639295578003e-01
-2.294195294380187988e-01
-2.461040822065285738e-02
2.104098349809646606e-01
-1.756421327590942383e-01
-2.534924132025651033e-02
9.588606655597686768e-02
-1.711476445198059082e-01
-3.059977350032738741e-02
1.483465582132339478e-01
-2.176493108272552490e-01
-3.808787708378247316e-02
1.829685717821121216e-01
-1.967715322971343994e-01
-3.900662307835034426e-02
2.012605518102645874e-01
-1.614164710044860840e-01
-3.766089548564366396e-02
