0.000000000000000000e+00
0.000000000000000000e+00
0.000000000000000000e+00
7.044751942157745361e-02
1.490116119384765625e-06
6.312380403713291344e-03
1.362600177526473999e-01
-2.071219682693481445e-02
-3.964690214814936553e-04
1.830546110868453979e-01
-7.804811000823974609e-03
-1.467801039250105077e-02
2.186813503503799438e-01
2.303826808929443359e-02
-2.866596230448692495e-02
1.272897571325302124e-01
-2.033256590366363525e-01
1.051218095092565363e-02
1.646878868341445923e-01
-3.092203438282012939e-01
-1.121459775747268850e-02
1.994000524282455444e-01
-2.822667360305786133e-01
-2.966873967231720144e-02
2.170841544866561890e-01
-2.322856783866882324e-01
-3.997402326346843893e-02
1.097768396139144897e-01
-2.152770161628723145e-01
-7.463229495598966423e-03
1.584174185991287231e-01
-3.306292295455932617e-01
-2.967400909544437582e-02
1.983668059110641479e-01
-2.881848514080047607e-01
-4.551958725930660421e-02
2.125256806612014771e-01
-2.288474440574645996e-01
-5.319211692692249471e-02
9.265698492527008057e-02
-2.154650390148162842e-01
-2.761435569406955892e-02
1.444827765226364136e-01
-3.228044509887695312e-01
-4.582905457498043233e-02
1.885263174772262573e-01
-2.818793058395385742e-01
-5.477292151333301717e-02
2.086185365915298462e-01
-2.247850298881530762e-01
-5.764603302957027608e-02
7.801005244255065918e-02
-1.979525387287139893e-01
-4.834915385724514181e-02
1.256619244813919067e-01
-2.557862997055053711e-01
-6.281423256875484640e-02
1.659045666456222534e-01
-2.385727465152740479e-01
-6.834941045524089986e-02
1.893137246370315552e-01
-2.052839696407318115e-01
-7.001064405919521505e-02
