0.000000000000000000e+00
0.000000000000000000e+00
0.000000000000000000e+00
6.602266430854797363e-02
2.232474088668823242e-02
1.436299843530974840e-02
1.222584992647171021e-01
1.448482275009155273e-02
1.354268112968526339e-02
1.614933758974075317e-01
2.829504013061523438e-02
4.300368147006849995e-03
1.914681345224380493e-01
6.310212612152099609e-02
-4.594958724418063412e-03
1.249154061079025269e-01
-1.496813893318176270e-01
2.194276371788106417e-02
1.646493524312973022e-01
-2.223373651504516602e-01
6.488134747407059422e-03
1.902058273553848267e-01
-1.837594509124755859e-01
-7.823156995662827740e-03
1.975058466196060181e-01
-1.327427029609680176e-01
-1.560758227665104414e-02
1.110749542713165283e-01
-1.609145402908325195e-01
2.487976931071500530e-03
1.627850383520126343e-01
-2.328279018402099609e-01
-1.287409836609043623e-02
1.907611638307571411e-01
-1.815203428268432617e-01
-2.450320577431597258e-02
1.924240738153457642e-01
-1.263980865478515625e-01
-2.965935399938501860e-02
9.966278076171875000e-02
-1.573631167411804199e-01
-1.847844651151575590e-02
1.514507383108139038e-01
-2.179502844810485840e-01
-3.033325715173162962e-02
1.832724660634994507e-01
-1.697918772697448730e-01
-3.457602193761744047e-02
1.910058408975601196e-01
-1.175560355186462402e-01
-3.475007122565187956e-02
9.032350778579711914e-02
-1.367123723030090332e-01
-3.960493287254251982e-02
1.345825046300888062e-01
-1.708294153213500977e-01
-4.938666230250277067e-02
1.663444489240646362e-01
-1.465195417404174805e-01
-5.145912697721399809e-02
1.816041022539138794e-01
-1.132123470306396484e-01
-5.064077010560907866e-02
