0.000000000000000000e+00
0.000000000000000000e+00
0.000000000000000000e+00
6.212341785430908203e-02
2.029609680175781250e-02
1.377809667767593282e-02
1.179904937744140625e-01
2.263903617858886719e-03
1.588827805401393789e-02
1.578030288219451904e-01
1.096999645233154297e-02
9.665134044304579675e-03
1.831900477409362793e-01
4.434305429458618164e-02
3.726613156437963426e-03
1.179846823215484619e-01
-1.528401970863342285e-01
2.804577970685073751e-02
1.574970781803131104e-01
-2.149724364280700684e-01
1.685927310766288656e-02
1.857710778713226318e-01
-1.829473376274108887e-01
4.965464265957564294e-03
1.963986456394195557e-01
-1.367844939231872559e-01
-1.814844521753400386e-03
1.061466336250305176e-01
-1.669067144393920898e-01
1.016678070457288641e-02
1.559330224990844727e-01
-2.363834083080291748e-01
-2.695725152328520835e-03
1.861239671707153320e-01
-1.921256482601165771e-01
-1.327956220327308756e-02
1.914216876029968262e-01
-1.389311254024505615e-01
-1.762341274140766245e-02
9.673830866813659668e-02
-1.668060123920440674e-01
-9.643702155038624824e-03
1.510358750820159912e-01
-2.375214397907257080e-01
-2.158752208767822367e-02
1.844261288642883301e-01
-1.932871043682098389e-01
-2.756493104813984019e-02
1.939179599285125732e-01
-1.399416029453277588e-01
-2.843942990718772990e-02
9.133869409561157227e-02
-1.486601233482360840e-01
-2.950410856126239878e-02
1.420407295227050781e-01
-1.849540770053863525e-01
-4.031745469389846903e-02
1.749102473258972168e-01
-1.590145528316497803e-01
-4.424811279593399149e-02
1.906076371669769287e-01
-1.223141551017761230e-01
-4.461420079885414225e-02
