0.000000000000000000e+00
0.000000000000000000e+00
0.000000000000000000e+00
6.423822045326232910e-02
2.196520566940307617e-02
1.524040711983332130e-02
1.197947561740875244e-01
7.307529449462890625e-03
1.482735997005590889e-02
1.612087786197662354e-01
1.814872026443481445e-02
5.230452436350674361e-03
1.894554793834686279e-01
5.159837007522583008e-02
-4.328951202936082154e-03
1.201298534870147705e-01
-1.538735032081604004e-01
2.727028312101253960e-02
1.616723835468292236e-01
-2.186003923416137695e-01
1.575550580336937401e-02
1.907625496387481689e-01
-1.841995120048522949e-01
3.499385238953323096e-03
2.025235593318939209e-01
-1.375083029270172119e-01
-3.703501970178990632e-03
1.078817248344421387e-01
-1.664464175701141357e-01
7.175358048968405456e-03
1.599859297275543213e-01
-2.373850345611572266e-01
-5.094332118190436631e-03
1.912601590156555176e-01
-1.908492445945739746e-01
-1.529718605861773995e-02
1.965152323246002197e-01
-1.365930140018463135e-01
-1.966061299727073219e-02
9.797769784927368164e-02
-1.650894880294799805e-01
-1.451556054935565498e-02
1.542329490184783936e-01
-2.350442111492156982e-01
-2.483454575822463539e-02
1.883059442043304443e-01
-1.882061660289764404e-01
-2.796885786638370064e-02
1.970899999141693115e-01
-1.343116760253906250e-01
-2.736520251319518593e-02
9.204900264739990234e-02
-1.446112692356109619e-01
-3.637078819856753853e-02
1.436748802661895752e-01
-1.819871962070465088e-01
-4.526587246046176460e-02
1.765537858009338379e-01
-1.560775637626647949e-01
-4.639100698814502266e-02
1.908381283283233643e-01
-1.206692755222320557e-01
-4.488210795507541206e-02
