0.000000000000000000e+00
0.000000000000000000e+00
0.000000000000000000e+00
6.587238609790802002e-02
-3.691792488098144531e-03
1.194898528042642738e-02
1.153440326452255249e-01
-3.158992528915405273e-02
9.913767920764371411e-03
1.565764397382736206e-01
-2.241533994674682617e-02
-4.667053872680071436e-04
1.923096328973770142e-01
-4.121184349060058594e-03
-1.025174814280660485e-02
8.651874959468841553e-02
-2.080138921737670898e-01
2.300608647051660682e-02
1.343472152948379517e-01
-2.756957113742828369e-01
9.700015420051499859e-03
1.723089367151260376e-01
-2.519913315773010254e-01
-4.246653756169394001e-03
1.936948448419570923e-01
-2.132473886013031006e-01
-1.218447717842252587e-02
7.828600704669952393e-02
-2.170293033123016357e-01
5.773886339696332470e-03
1.351444274187088013e-01
-3.014105856418609619e-01
-5.223329877523497089e-03
1.749232262372970581e-01
-2.731440961360931396e-01
-1.611236366447599266e-02
1.939167529344558716e-01
-2.275095880031585693e-01
-2.227832633074910973e-02
7.889153063297271729e-02
-2.059614956378936768e-01
-1.319453283217342232e-02
1.362030059099197388e-01
-2.963726818561553955e-01
-2.241166564640195702e-02
1.771964877843856812e-01
-2.681764662265777588e-01
-2.919522929009588097e-02
1.980408579111099243e-01
-2.207162380218505859e-01
-3.212565253492982720e-02
9.032474458217620850e-02
-1.751964986324310303e-01
-3.253941680308969353e-02
1.434460729360580444e-01
-2.318049371242523193e-01
-3.922608564612062310e-02
1.803311854600906372e-01
-2.242529094219207764e-01
-4.155618767258317803e-02
2.034223526716232300e-01
-1.985825300216674805e-01
-4.208627785560281609e-02
