0.000000000000000000e+00
0.000000000000000000e+00
0.000000000000000000e+00
6.871095299720764160e-02
-4.173338413238525391e-03
1.236573343535951608e-02
1.185663342475891113e-01
-3.359413146972656250e-02
1.081490439733556741e-02
1.585521697998046875e-01
-2.557587623596191406e-02
1.079547031764604981e-03
1.931362748146057129e-01
-7.129549980163574219e-03
-8.076177747938118046e-03
8.658427000045776367e-02
-2.106551229953765869e-01
2.137744536062768930e-02
1.361365020275115967e-01
-2.787240445613861084e-01
7.254369718936004574e-03
1.747919321060180664e-01
-2.556819319725036621e-01
-6.723927171918830936e-03
1.975666284561157227e-01
-2.164187133312225342e-01
-1.473315137067743308e-02
7.739192247390747070e-02
-2.184185385704040527e-01
3.552451193314709599e-03
1.375267803668975830e-01
-3.035303354263305664e-01
-9.195804433915100162e-03
1.785232424736022949e-01
-2.746216058731079102e-01
-2.023023443857141501e-02
1.986104547977447510e-01
-2.284619212150573730e-01
-2.614259051719614035e-02
7.751291990280151367e-02
-2.042878568172454834e-01
-1.594653243759580619e-02
1.372017264366149902e-01
-2.976349294185638428e-01
-2.663582640329309470e-02
1.789723038673400879e-01
-2.704418897628784180e-01
-3.326989787260004050e-02
2.010058462619781494e-01
-2.239464223384857178e-01
-3.583831789532609946e-02
8.853867650032043457e-02
-1.701289713382720947e-01
-3.572980018893190390e-02
1.417076587677001953e-01
-2.309271097183227539e-01
-4.369738774934717185e-02
1.788283586502075195e-01
-2.270677685737609863e-01
-4.645817058721490866e-02
2.022386491298675537e-01
-2.045683860778808594e-01
-4.716508539954133994e-02
