0.000000000000000000e+00
0.000000000000000000e+00
0.000000000000000000e+00
7.007215917110443115e-02
2.276891469955444336e-02
1.511172242355485196e-02
1.335299462080001831e-01
8.050978183746337891e-03
1.322090662908692593e-02
1.792805343866348267e-01
2.813500165939331055e-02
1.609474326343729444e-03
2.032978087663650513e-01
7.609415054321289062e-02
-9.870254994510219149e-03
1.312374323606491089e-01
-1.701451838016510010e-01
2.859747819495339627e-02
1.772896498441696167e-01
-2.364515662193298340e-01
1.616548783970017666e-02
2.086585015058517456e-01
-1.975496411323547363e-01
2.676286174775555082e-03
2.200459986925125122e-01
-1.439956128597259521e-01
-5.262913276581571154e-03
1.174128800630569458e-01
-1.829264461994171143e-01
7.151084857852652021e-03
1.756729930639266968e-01
-2.579289376735687256e-01
-6.322741137026355318e-03
2.098261266946792603e-01
-2.048988938331604004e-01
-1.784726940202574497e-02
2.140217572450637817e-01
-1.443163156509399414e-01
-2.253917567539076572e-02
1.072595268487930298e-01
-1.784860193729400635e-01
-1.596099473643164401e-02
1.662772744894027710e-01
-2.561506927013397217e-01
-2.650448642778258090e-02
2.045942693948745728e-01
-2.040830254554748535e-01
-3.102528266715864902e-02
2.141675204038619995e-01
-1.447581350803375244e-01
-3.101292401659350162e-02
1.025968044996261597e-01
-1.528331041336059570e-01
-3.941986672687392002e-02
1.561300307512283325e-01
-1.983923614025115967e-01
-4.704038016605238681e-02
1.911567896604537964e-01
-1.689530014991760254e-01
-4.759012498068670993e-02
2.061211019754409790e-01
-1.274660229682922363e-01
-4.568284712838988071e-02
