0.000000000000000000e+00
0.000000000000000000e+00
0.000000000000000000e+00
6.679348647594451904e-02
2.126491069793701172e-02
1.226261336775280597e-02
1.292894929647445679e-01
8.193552494049072266e-03
9.682696167843118928e-03
1.728568226099014282e-01
2.824401855468750000e-02
-1.197822420394345500e-03
2.011279612779617310e-01
7.087135314941406250e-02
-1.202048748312734006e-02
1.276718825101852417e-01
-1.728507280349731445e-01
2.136640794994093540e-02
1.716884523630142212e-01
-2.391841709613800049e-01
7.290773880200163148e-03
2.030414789915084839e-01
-2.068771421909332275e-01
-6.785215489102824904e-03
2.173099666833877563e-01
-1.571703553199768066e-01
-1.501287161885045407e-02
1.130857616662979126e-01
-1.862539649009704590e-01
2.294709295497909807e-03
1.707317680120468140e-01
-2.628938257694244385e-01
-1.222026641993068097e-02
2.053356915712356567e-01
-2.175601720809936523e-01
-2.405637703417085049e-02
2.134221047163009644e-01
-1.585836410522460938e-01
-2.940051644621632931e-02
1.024264544248580933e-01
-1.816253960132598877e-01
-1.824888228951238034e-02
1.613758951425552368e-01
-2.610790133476257324e-01
-2.978808261035226224e-02
1.998529583215713501e-01
-2.159067392349243164e-01
-3.518837518571160672e-02
2.133056372404098511e-01
-1.581246554851531982e-01
-3.621288962243340848e-02
9.758929908275604248e-02
-1.563575565814971924e-01
-3.910321197984956143e-02
1.503898054361343384e-01
-2.007254362106323242e-01
-4.789693109272263882e-02
1.859279423952102661e-01
-1.768918633460998535e-01
-4.950978435157082913e-02
2.043946832418441772e-01
-1.390790641307830811e-01
-4.861097611068032620e-02
