0.000000000000000000e+00
0.000000000000000000e+00
0.000000000000000000e+00
6.344507634639739990e-02
2.082854509353637695e-02
1.370040169746289394e-02
1.182712763547897339e-01
3.683388233184814453e-03
1.455422892064461848e-02
1.576924175024032593e-01
1.238018274307250977e-02
6.666771423226691695e-03
1.858312040567398071e-01
4.444885253906250000e-02
-1.152175773711405782e-03
1.194300800561904907e-01
-1.487278938293457031e-01
2.952061808497319362e-02
1.593941003084182739e-01
-2.045684754848480225e-01
1.825154228896508357e-02
1.877098232507705688e-01
-1.736956834793090820e-01
5.400130812233783217e-03
1.986664682626724243e-01
-1.287912726402282715e-01
-2.324644422003530053e-03
1.079097539186477661e-01
-1.641937494277954102e-01
1.103566895068297526e-02
1.581654399633407593e-01
-2.315173149108886719e-01
-2.286125851640008477e-03
1.882871240377426147e-01
-1.877066791057586670e-01
-1.432998635976900914e-02
1.946959346532821655e-01
-1.338442862033843994e-01
-1.993935899048437932e-02
9.871827065944671631e-02
-1.656905710697174072e-01
-9.414688397043846635e-03
1.524565368890762329e-01
-2.380449771881103516e-01
-2.117741265504946568e-02
1.858770102262496948e-01
-1.937862336635589600e-01
-2.792491362600912908e-02
1.959785073995590210e-01
-1.389384567737579346e-01
-2.977406577377905705e-02
9.367294609546661377e-02
-1.487332284450531006e-01
-3.001552232711901524e-02
1.440507322549819946e-01
-1.849431097507476807e-01
-4.001674027352919438e-02
1.772298365831375122e-01
-1.585403680801391602e-01
-4.378273681908240178e-02
1.938966065645217896e-01
-1.207963228225708008e-01
-4.451579199343314031e-02
