0.000000000000000000e+00
0.000000000000000000e+00
0.000000000000000000e+00
5.348818004131317139e-02
2.696016430854797363e-02
3.037947553842457182e-03
1.100194901227951050e-01
2.357408404350280762e-02
-1.699511452876834028e-03
1.494370251893997192e-01
4.408547282218933105e-02
-1.206367081247350370e-02
1.746552139520645142e-01
8.333477377891540527e-02
-2.193708429329177534e-02
1.251645535230636597e-01
-1.211993992328643799e-01
5.246124786957295782e-03
1.616238206624984741e-01
-2.086871266365051270e-01
-1.267010057561179792e-02
1.819331794977188110e-01
-1.739555597305297852e-01
-2.639963189356109297e-02
1.842863112688064575e-01
-1.257313191890716553e-01
-3.312233919493934309e-02
1.115134209394454956e-01
-1.356824636459350586e-01
-8.223703040108887308e-03
1.552077382802963257e-01
-2.281023859977722168e-01
-2.662591906480571424e-02
1.796683222055435181e-01
-1.819353699684143066e-01
-3.808044726245185529e-02
1.780100017786026001e-01
-1.294753253459930420e-01
-4.237480545632621443e-02
9.551779925823211670e-02
-1.426087617874145508e-01
-2.362362938217899000e-02
1.404102593660354614e-01
-2.266405820846557617e-01
-3.956034491054793989e-02
1.688691526651382446e-01
-1.815693080425262451e-01
-4.507397944323798811e-02
1.740820854902267456e-01
-1.297675371170043945e-01
-4.483085209719916975e-02
7.758428156375885010e-02
-1.384500861167907715e-01
-3.962804833643218672e-02
1.172093600034713745e-01
-1.853078603744506836e-01
-5.409566769592544233e-02
1.484440714120864868e-01
-1.626157462596893311e-01
-5.925760502211829817e-02
1.633768528699874878e-01
-1.285941004753112793e-01
-5.970586547844192182e-02
