0.000000000000000000e+00
0.000000000000000000e+00
0.000000000000000000e+00
6.701198220252990723e-02
9.631514549255371094e-04
1.091903475372646426e-02
1.153084039688110352e-01
-2.575606107711791992e-02
8.006596279130917537e-03
1.563466787338256836e-01
-1.486194133758544922e-02
-3.091630718870419514e-03
1.911295056343078613e-01
3.510177135467529297e-03
-1.336219507010127927e-02
8.165359497070312500e-02
-2.018339037895202637e-01
2.092273281215284442e-02
1.342592239379882812e-01
-2.636633813381195068e-01
5.881304194019776332e-03
1.724157035350799561e-01
-2.350480556488037109e-01
-9.584958392395037663e-03
1.930873394012451172e-01
-1.922707557678222656e-01
-1.855579643250848676e-02
7.449311017990112305e-02
-2.108488380908966064e-01
3.886566537232738483e-03
1.355384290218353271e-01
-2.885290384292602539e-01
-9.750265355421561253e-03
1.759056746959686279e-01
-2.556732296943664551e-01
-2.182201548220064069e-02
1.940648853778839111e-01
-2.070103883743286133e-01
-2.847025050522233869e-02
7.760640978813171387e-02
-1.976372897624969482e-01
-1.489968850017930890e-02
1.378751397132873535e-01
-2.842402756214141846e-01
-2.570867976845647718e-02
1.790295839309692383e-01
-2.549839019775390625e-01
-3.241364723743345166e-02
1.993029713630676270e-01
-2.064004540443420410e-01
-3.495035386384870435e-02
9.234434366226196289e-02
-1.646420359611511230e-01
-3.415542906822111036e-02
1.456514298915863037e-01
-2.206098139286041260e-01
-4.135347596110250379e-02
1.813116967678070068e-01
-2.129924893379211426e-01
-4.352113297881032850e-02
2.035982310771942139e-01
-1.869854032993316650e-01
-4.387228629292394544e-02
