0.000000000000000000e+00
0.000000000000000000e+00
0.000000000000000000e+00
5.841988325119018555e-02
2.539360523223876953e-02
4.001973890481735907e-03
1.166399717330932617e-01
1.704454421997070312e-02
2.882870272884474616e-04
1.602110564708709717e-01
3.310817480087280273e-02
-9.827215462209437646e-03
1.903155744075775146e-01
6.845134496688842773e-02
-1.973023475635216073e-02
1.299676001071929932e-01
-1.264374554157257080e-01
1.090027181875541373e-02
1.627193093299865723e-01
-2.119858562946319580e-01
-7.180433492393945016e-03
1.869138181209564209e-01
-1.842949986457824707e-01
-2.253237390446827249e-02
1.972827017307281494e-01
-1.387256383895874023e-01
-3.084502020406887368e-02
1.169230639934539795e-01
-1.429062783718109131e-01
-3.586777490781400957e-03
1.576049327850341797e-01
-2.401567697525024414e-01
-2.260635071921512917e-02
1.867397129535675049e-01
-2.006916403770446777e-01
-3.582288534867927865e-02
1.935442090034484863e-01
-1.463226675987243652e-01
-4.141981737244293527e-02
1.016656458377838135e-01
-1.484697461128234863e-01
-2.038850845325157479e-02
1.470509767532348633e-01
-2.392714619636535645e-01
-3.775256337154075936e-02
1.797281503677368164e-01
-1.988434791564941406e-01
-4.551543505418464974e-02
1.914990842342376709e-01
-1.438289880752563477e-01
-4.652769328582451180e-02
8.618664741516113281e-02
-1.402191221714019775e-01
-3.779639141190216378e-02
1.286678314208984375e-01
-1.890247166156768799e-01
-5.270027206766769723e-02
1.624327898025512695e-01
-1.677254736423492432e-01
-5.890181498158142404e-02
1.815548539161682129e-01
-1.312154233455657959e-01
-6.008126051652595834e-02
