0.000000000000000000e+00
0.000000000000000000e+00
0.000000000000000000e+00
6.568807363510131836e-02
3.561377525329589844e-03
1.358766282129408864e-02
1.174771487712860107e-01
-2.259027957916259766e-02
1.098646117526413946e-02
1.592688262462615967e-01
-1.390069723129272461e-02
-3.710928555733516987e-04
1.939209699630737305e-01
4.585325717926025391e-03
-1.103221637976048441e-02
8.855712413787841797e-02
-1.975652575492858887e-01
2.246067194420220403e-02
1.420694887638092041e-01
-2.558242380619049072e-01
7.521024310619850439e-03
1.796739697456359863e-01
-2.239221632480621338e-01
-7.478776516734342295e-03
1.992803215980529785e-01
-1.785150766372680664e-01
-1.592226246219752284e-02
8.024597167968750000e-02
-2.067064344882965088e-01
3.579463448033948225e-03
1.441831588745117188e-01
-2.802463769912719727e-01
-1.056444844078896494e-02
1.851601004600524902e-01
-2.409900724887847900e-01
-2.217530937713263484e-02
2.021757960319519043e-01
-1.880700588226318359e-01
-2.793434368294356318e-02
8.142030239105224609e-02
-1.948129534721374512e-01
-1.676859253865359278e-02
1.450849473476409912e-01
-2.773495614528656006e-01
-2.766534978371737452e-02
1.863946914672851562e-01
-2.415707111358642578e-01
-3.298881010931609126e-02
2.046512365341186523e-01
-1.891094148159027100e-01
-3.438801051896689387e-02
9.334993362426757812e-02
-1.627444922924041748e-01
-3.740388261002181025e-02
1.490077972412109375e-01
-2.148975729942321777e-01
-4.485610233467696162e-02
1.849890947341918945e-01
-2.018107473850250244e-01
-4.638855637830374690e-02
2.059062719345092773e-01
-1.720971763134002686e-01
-4.603205727261183711e-02
