0.000000000000000000e+00
0.000000000000000000e+00
0.000000000000000000e+00
5.781374871730804443e-02
2.654248476028442383e-02
3.851341517190576269e-03
1.164422482252120972e-01
1.394152641296386719e-02
9.346295525460845965e-04
1.605347543954849243e-01
3.107535839080810547e-02
-8.490756651838182734e-03
1.896697431802749634e-01
7.182556390762329102e-02
-1.762049601830995016e-02
1.320037692785263062e-01
-1.223004460334777832e-01
1.335875919602358408e-02
1.672226041555404663e-01
-2.011890113353729248e-01
-3.463447358910798357e-03
1.903053373098373413e-01
-1.762604415416717529e-01
-1.800496274091756277e-02
1.971796602010726929e-01
-1.324350535869598389e-01
-2.586750829078710012e-02
1.188688725233078003e-01
-1.420249342918395996e-01
-8.612625272803597909e-04
1.612624675035476685e-01
-2.351458072662353516e-01
-1.843832389869248800e-02
1.885731369256973267e-01
-1.985456943511962891e-01
-3.049026013769662313e-02
1.934823244810104370e-01
-1.459845304489135742e-01
-3.556941220023190908e-02
1.034308224916458130e-01
-1.505338847637176514e-01
-1.777464294292485647e-02
1.515131741762161255e-01
-2.434886693954467773e-01
-3.500809290864026480e-02
1.820358186960220337e-01
-2.039267420768737793e-01
-4.262025052167928152e-02
1.914382725954055786e-01
-1.482364535331726074e-01
-4.372966804959332876e-02
8.773232996463775635e-02
-1.449859440326690674e-01
-3.536309072234189443e-02
1.322057992219924927e-01
-1.901827156543731689e-01
-5.135720738627469473e-02
1.653953045606613159e-01
-1.671230792999267578e-01
-5.851537877180135183e-02
1.837134510278701782e-01
-1.289105713367462158e-01
-6.049092256881749563e-02
