0.000000000000000000e+00
0.000000000000000000e+00
0.000000000000000000e+00
6.271375715732574463e-02
2.351242303848266602e-02
8.415226425057653614e-03
1.262646466493606567e-01
1.123070716857910156e-02
6.456387295401100346e-03
1.683714538812637329e-01
3.261965513229370117e-02
-3.115998980575795940e-03
1.927012652158737183e-01
8.117938041687011719e-02
-1.265549513416885929e-02
1.339475065469741821e-01
-1.507688164710998535e-01
1.883853838873505993e-02
1.713871508836746216e-01
-2.305919229984283447e-01
3.988596211200956532e-03
1.981884092092514038e-01
-2.007078528404235840e-01
-1.030902045684456425e-02
2.082598954439163208e-01
-1.514678597450256348e-01
-1.873663759695887165e-02
1.188616603612899780e-01
-1.660467684268951416e-01
1.233613650327924915e-03
1.649879366159439087e-01
-2.599707245826721191e-01
-1.647552049624323445e-02
1.969655603170394897e-01
-2.173911929130554199e-01
-3.085190190839171009e-02
2.034825533628463745e-01
-1.585741043090820312e-01
-3.745618409382700520e-02
1.038532406091690063e-01
-1.702601313591003418e-01
-1.849102548229097920e-02
1.547293215990066528e-01
-2.664037346839904785e-01
-3.450719959008097248e-02
1.908979564905166626e-01
-2.210434079170227051e-01
-4.444561100470423298e-02
2.029241174459457397e-01
-1.606810986995697021e-01
-4.740989155041575032e-02
9.084101021289825439e-02
-1.582801043987274170e-01
-3.851865178810953694e-02
1.397867053747177124e-01
-2.116683721542358398e-01
-5.223619139658808308e-02
1.757487207651138306e-01
-1.865744888782501221e-01
-5.870577639805674153e-02
1.940187960863113403e-01
-1.448619663715362549e-01
-6.074942967759966450e-02
