0.000000000000000000e+00
0.000000000000000000e+00
0.000000000000000000e+00
6.329578161239624023e-02
2.209001779556274414e-02
1.073307423673952599e-02
1.212063431739807129e-01
8.529603481292724609e-03
7.955990459848294449e-03
1.628302633762359619e-01
2.326428890228271484e-02
-2.436023244555940437e-03
1.911159157752990723e-01
6.101959943771362305e-02
-1.235170223928605537e-02
1.216557919979095459e-01
-1.617658436298370361e-01
1.863731602959717293e-02
1.635482907295227051e-01
-2.228410542011260986e-01
5.044972252179036332e-03
1.914876997470855713e-01
-1.873464882373809814e-01
-8.045261997651209640e-03
2.035139501094818115e-01
-1.410788893699645996e-01
-1.605528247721110802e-02
1.065865755081176758e-01
-1.754925549030303955e-01
8.048149366715051656e-04
1.613996028900146484e-01
-2.392183244228363037e-01
-1.317009822643910866e-02
1.918949782848358154e-01
-1.904163658618927002e-01
-2.352934171624099235e-02
1.987577974796295166e-01
-1.378943920135498047e-01
-2.839967076845084648e-02
9.472101926803588867e-02
-1.717701554298400879e-01
-1.864137713975821953e-02
1.521660983562469482e-01
-2.371639311313629150e-01
-3.057027449078475456e-02
1.863224804401397705e-01
-1.903541684150695801e-01
-3.458537561066066246e-02
1.977771818637847900e-01
-1.375103890895843506e-01
-3.493568700916682701e-02
8.696916699409484863e-02
-1.487945616245269775e-01
-3.848631707198535423e-02
1.365440189838409424e-01
-1.819534897804260254e-01
-4.874337491757785301e-02
1.700673699378967285e-01
-1.605215370655059814e-01
-5.126112354166423302e-02
1.881616413593292236e-01
-1.298903822898864746e-01
-5.109021839864169579e-02
