0.000000000000000000e+00
0.000000000000000000e+00
0.000000000000000000e+00
6.782524287700653076e-02
1.724737882614135742e-02
1.227712236008926538e-02
1.238760054111480713e-01
9.424567222595214844e-03
9.374988038459264317e-03
1.625341176986694336e-01
2.324396371841430664e-02
-1.700940652384019813e-03
1.926913857460021973e-01
5.564314126968383789e-02
-1.281163305380061956e-02
1.268366277217864990e-01
-1.484801173210144043e-01
1.630734722725435404e-02
1.652837097644805908e-01
-2.243033051490783691e-01
-3.083442331856645069e-03
1.911728978157043457e-01
-1.869344711303710938e-01
-2.006848831065610739e-02
2.008307874202728271e-01
-1.342116594314575195e-01
-2.968386676498369070e-02
1.114786863327026367e-01
-1.585033535957336426e-01
-3.750852768874324283e-03
1.594969630241394043e-01
-2.391054034233093262e-01
-2.453092415221647116e-02
1.904798150062561035e-01
-1.886701583862304688e-01
-3.990727965124563070e-02
1.959419250488281250e-01
-1.283436417579650879e-01
-4.725297842510656210e-02
9.680770337581634521e-02
-1.556015014648437500e-01
-2.548297982998803946e-02
1.457036435604095459e-01
-2.283841371536254883e-01
-4.209113795646146627e-02
1.809329390525817871e-01
-1.833044290542602539e-01
-4.975226078518346640e-02
1.934539079666137695e-01
-1.287976503372192383e-01
-5.174502659924939962e-02
8.324044942855834961e-02
-1.361531019210815430e-01
-4.732034284957364889e-02
1.254216432571411133e-01
-1.767841577529907227e-01
-6.107597355135396811e-02
1.596789062023162842e-01
-1.584442853927612305e-01
-6.626238976009801718e-02
1.794138848781585693e-01
-1.277526617050170898e-01
-6.746720079668477865e-02
