0.000000000000000000e+00
0.000000000000000000e+00
0.000000000000000000e+00
6.617382168769836426e-02
1.235485076904296875e-02
1.368509984531840473e-02
1.276639103889465332e-01
-8.567452430725097656e-03
1.350386540362080723e-02
1.714152693748474121e-01
6.183028221130371094e-03
5.323584721921292839e-03
2.015169560909271240e-01
3.740143775939941406e-02
-2.302013971345218124e-03
1.144842803478240967e-01
-1.966667175292968750e-01
2.392994153269967228e-02
1.612432897090911865e-01
-2.595718502998352051e-01
1.156107808419903904e-02
1.959289610385894775e-01
-2.301134169101715088e-01
-8.142122467660328766e-04
2.131584584712982178e-01
-1.821342110633850098e-01
-7.506139511676224174e-03
1.005324423313140869e-01
-2.088222205638885498e-01
5.355726992277709542e-03
1.616531312465667725e-01
-2.819528579711914062e-01
-6.419331701906116905e-03
1.991128921508789062e-01
-2.407051622867584229e-01
-1.577816245189467281e-02
2.107415497303009033e-01
-1.847310960292816162e-01
-1.939858769110003323e-02
9.290859103202819824e-02
-2.007869184017181396e-01
-1.468851690223971218e-02
1.547407507896423340e-01
-2.797165513038635254e-01
-2.448829163840571255e-02
1.958053708076477051e-01
-2.396702170372009277e-01
-2.856361766389170498e-02
2.121463716030120850e-01
-1.842575073242187500e-01
-2.867362362376013607e-02
9.294912219047546387e-02
-1.721763908863067627e-01
-3.493195672562876553e-02
1.476021707057952881e-01
-2.224060297012329102e-01
-4.323693637779513210e-02
1.843145191669464111e-01
-2.032734751701354980e-01
-4.417710279157915920e-02
2.039731144905090332e-01
-1.679482460021972656e-01
-4.245091502598086208e-02
