0.000000000000000000e+00
0.000000000000000000e+00
0.000000000000000000e+00
6.311285495758056641e-02
1.987439393997192383e-02
1.305377637301319282e-02
1.193272471427917480e-01
3.456711769104003906e-03
1.223882534806364220e-02
1.598587334156036377e-01
1.149624586105346680e-02
2.920574883788162879e-03
1.893648803234100342e-01
3.950822353363037109e-02
-6.226326662257974931e-03
1.171563565731048584e-01
-1.597612798213958740e-01
2.532068793927066963e-02
1.598844528198242188e-01
-2.215587794780731201e-01
1.249543079440229576e-02
1.901615560054779053e-01
-1.899213194847106934e-01
-9.886801449141557896e-04
2.021187543869018555e-01
-1.434629559516906738e-01
-8.654539796665972062e-03
1.044640541076660156e-01
-1.730977296829223633e-01
6.832066134407455138e-03
1.584994196891784668e-01
-2.431842684745788574e-01
-6.968874807611769029e-03
1.908176243305206299e-01
-1.975228786468505859e-01
-1.865163105274803002e-02
1.977168917655944824e-01
-1.427477896213531494e-01
-2.390767666246063072e-02
9.555608034133911133e-02
-1.715738773345947266e-01
-1.337471822942859490e-02
1.523904800415039062e-01
-2.466524839401245117e-01
-2.451043049539691765e-02
1.879401504993438721e-01
-2.012789845466613770e-01
-2.967303464855319817e-02
1.985125243663787842e-01
-1.458525061607360840e-01
-3.057455862607127983e-02
9.157258272171020508e-02
-1.506848037242889404e-01
-3.383342022742397148e-02
1.434507966041564941e-01
-1.910622715950012207e-01
-4.284235681141979057e-02
1.776294708251953125e-01
-1.656494438648223877e-01
-4.493757555927402336e-02
1.939643323421478271e-01
-1.285904943943023682e-01
-4.441403816188937981e-02
