0.000000000000000000e+00
0.000000000000000000e+00
0.000000000000000000e+00
6.882861256599426270e-02
-8.245527744293212891e-03
1.659347803693833612e-02
1.120941340923309326e-01
-4.524743556976318359e-02
1.566752174299779199e-02
1.496607661247253418e-01
-4.567199945449829102e-02
5.192068753657963498e-03
1.828400492668151855e-01
-3.164970874786376953e-02
-4.895051593067023532e-03
7.103100419044494629e-02
-2.220220267772674561e-01
2.614899107616963647e-02
1.214334070682525635e-01
-2.937567532062530518e-01
1.312840112846913598e-02
1.592557430267333984e-01
-2.725675106048583984e-01
-3.729605824815962478e-04
1.804620325565338135e-01
-2.334177792072296143e-01
-7.888604538621279971e-03
6.533971428871154785e-02
-2.279874384403228760e-01
6.391769157616522534e-03
1.287186443805694580e-01
-3.142873048782348633e-01
-3.706324963005158679e-03
1.674857139587402344e-01
-2.859335839748382568e-01
-1.303564070362028815e-02
1.850055456161499023e-01
-2.419427335262298584e-01
-1.815548411208567359e-02
7.134866714477539062e-02
-2.145302891731262207e-01
-1.478782168227610327e-02
1.323561668395996094e-01
-3.083774149417877197e-01
-2.137718594271120764e-02
1.727738380432128906e-01
-2.829626202583312988e-01
-2.506964153248247840e-02
1.922990381717681885e-01
-2.372817695140838623e-01
-2.638166269856867530e-02
8.946314454078674316e-02
-1.830736994743347168e-01
-3.623580804664072730e-02
1.416735649108886719e-01
-2.489160299301147461e-01
-3.896347677904543616e-02
1.776321828365325928e-01
-2.455027699470520020e-01
-3.816430887776789405e-02
2.002056241035461426e-01
-2.224986255168914795e-01
-3.718862182098803260e-02
