0.000000000000000000e+00
0.000000000000000000e+00
0.000000000000000000e+00
6.281222403049468994e-02
2.786147594451904297e-02
9.612830106448200240e-03
1.261026412248611450e-01
1.680946350097656250e-02
8.698135365079906478e-03
1.696770936250686646e-01
4.158926010131835938e-02
-4.110630708282769774e-04
1.946690529584884644e-01
9.287190437316894531e-02
-9.406578976381752000e-03
1.355090588331222534e-01
-1.441756486892700195e-01
2.452868011994269182e-02
1.745130568742752075e-01
-2.210712730884552002e-01
1.198483606083300401e-02
2.001159936189651489e-01
-1.907296776771545410e-01
-1.222409208025965199e-03
2.081820517778396606e-01
-1.420496404170989990e-01
-9.168305683601829514e-03
1.222654134035110474e-01
-1.619181632995605469e-01
6.554548844974306121e-03
1.692738085985183716e-01
-2.514231503009796143e-01
-8.716705504525634751e-03
1.996991485357284546e-01
-2.086077630519866943e-01
-2.226885246830079268e-02
2.044035047292709351e-01
-1.504490971565246582e-01
-2.859848576383683394e-02
1.083048433065414429e-01
-1.694325208663940430e-01
-1.375619812654349516e-02
1.598539799451828003e-01
-2.611415088176727295e-01
-2.812584700780007552e-02
1.936688274145126343e-01
-2.139624059200286865e-01
-3.755061539607140730e-02
2.032507210969924927e-01
-1.533861756324768066e-01
-4.043038400607201766e-02
9.624324738979339600e-02
-1.607475876808166504e-01
-3.440018209414574812e-02
1.462901681661605835e-01
-2.105381786823272705e-01
-4.667418661313149642e-02
1.794824153184890747e-01
-1.811310350894927979e-01
-5.205065968232247542e-02
1.946463435888290405e-01
-1.365467905998229980e-01
-5.345367106394860457e-02
