0.000000000000000000e+00
0.000000000000000000e+00
0.000000000000000000e+00
6.807051599025726318e-02
1.229375600814819336e-02
1.406524108801932016e-02
1.272560507059097290e-01
-3.586053848266601562e-03
1.139623729591221490e-02
1.708841472864151001e-01
1.436924934387207031e-02
-2.072871905056672404e-04
2.011307924985885620e-01
4.853063821792602539e-02
-1.192484551961570105e-02
1.149908155202865601e-01
-1.871950328350067139e-01
2.135290822093338647e-02
1.652993410825729370e-01
-2.517904341220855713e-01
6.717480831639477401e-03
1.986934989690780640e-01
-2.165334820747375488e-01
-7.690938077075770707e-03
2.147268801927566528e-01
-1.679494380950927734e-01
-1.595875749285369238e-02
1.014387160539627075e-01
-1.993078291416168213e-01
1.530439123371252208e-03
1.645567268133163452e-01
-2.732835412025451660e-01
-1.283412182624488196e-02
2.015591412782669067e-01
-2.262865602970123291e-01
-2.485608251686244330e-02
2.123928219079971313e-01
-1.684807837009429932e-01
-3.083923028702884039e-02
9.407730400562286377e-02
-1.929920017719268799e-01
-1.958492712969928107e-02
1.586392074823379517e-01
-2.734154462814331055e-01
-3.022957907910495123e-02
1.992906183004379272e-01
-2.306614220142364502e-01
-3.593312146062999091e-02
2.149626761674880981e-01
-1.743751466274261475e-01
-3.763830603952555975e-02
9.502874314785003662e-02
-1.670681238174438477e-01
-4.090284498329310736e-02
1.523719578981399536e-01
-2.180707454681396484e-01
-4.826631711716800055e-02
1.893408149480819702e-01
-1.967477798461914062e-01
-4.946065263743548712e-02
2.084033042192459106e-01
-1.598976254463195801e-01
-4.877343716020732245e-02
