0.000000000000000000e+00
0.000000000000000000e+00
0.000000000000000000e+00
6.185571849346160889e-02
2.362626791000366211e-02
8.726864854509130964e-03
1.217378824949264526e-01
8.623421192169189453e-03
6.608493893111244688e-03
1.643043905496597290e-01
2.094572782516479492e-02
-2.666033537423118105e-03
1.920181959867477417e-01
6.104719638824462891e-02
-1.153535508859704350e-02
1.226411014795303345e-01
-1.592414975166320801e-01
1.919240950297762538e-02
1.612002402544021606e-01
-2.216026782989501953e-01
6.619483033830420027e-03
1.891208738088607788e-01
-1.911550760269165039e-01
-6.272820954507096758e-03
2.020361870527267456e-01
-1.477984189987182617e-01
-1.434950550395797109e-02
1.081128567457199097e-01
-1.734052598476409912e-01
2.787661307195321569e-03
1.589092463254928589e-01
-2.410951852798461914e-01
-1.113118251163314198e-02
1.895705312490463257e-01
-1.986057162284851074e-01
-2.253406980383942937e-02
1.975753158330917358e-01
-1.477033197879791260e-01
-2.809758783627103185e-02
9.649543464183807373e-02
-1.716414988040924072e-01
-1.537313704687903737e-02
1.504063755273818970e-01
-2.403733134269714355e-01
-2.777561285842011785e-02
1.850281208753585815e-01
-1.973844468593597412e-01
-3.403566145647118901e-02
1.981010884046554565e-01
-1.446589529514312744e-01
-3.570307159174035405e-02
8.916412293910980225e-02
-1.513706445693969727e-01
-3.400241696584771489e-02
1.381381005048751831e-01
-1.884698271751403809e-01
-4.425028824556420659e-02
1.717554479837417603e-01
-1.666109263896942139e-01
-4.772677385557244634e-02
1.905704885721206665e-01
-1.326216757297515869e-01
-4.827474915731500005e-02
