0.000000000000000000e+00
0.000000000000000000e+00
0.000000000000000000e+00
6.829042732715606689e-02
2.189785242080688477e-02
1.290855723726735960e-02
1.307508796453475952e-01
7.575273513793945312e-03
1.081579904365526090e-02
1.743216365575790405e-01
2.656680345535278320e-02
1.460568566358233511e-04
2.025672942399978638e-01
6.726896762847900391e-02
-1.014622972053302874e-02
1.290309876203536987e-01
-1.741338968276977539e-01
2.335159740704284559e-02
1.734299510717391968e-01
-2.421106696128845215e-01
9.803641394853457314e-03
2.048279196023941040e-01
-2.097089290618896484e-01
-3.521308029860392708e-03
2.187920957803726196e-01
-1.607916951179504395e-01
-1.114071366083635439e-02
1.142815500497817993e-01
-1.882132589817047119e-01
4.042507887959345680e-03
1.727708727121353149e-01
-2.653775513172149658e-01
-9.658438346207276481e-03
2.069985419511795044e-01
-2.200584411621093750e-01
-1.996311285239471545e-02
2.154731601476669312e-01
-1.631087958812713623e-01
-2.408478707712902178e-02
1.035453230142593384e-01
-1.835447549819946289e-01
-1.695443243426097979e-02
1.651134043931961060e-01
-2.622333765029907227e-01
-2.808591463309539904e-02
2.026505023241043091e-01
-2.169879674911499023e-01
-3.173482902985824694e-02
2.158048003911972046e-01
-1.603356301784515381e-01
-3.136648350101722826e-02
9.868089854717254639e-02
-1.577958762645721436e-01
-3.836578243118538012e-02
1.525935381650924683e-01
-2.015144824981689453e-01
-4.714679085356010546e-02
1.884129792451858521e-01
-1.795407235622406006e-01
-4.820533209186805834e-02
2.070697098970413208e-01
-1.442949473857879639e-01
-4.668935873252166857e-02
