0.000000000000000000e+00
0.000000000000000000e+00
0.000000000000000000e+00
6.535887718200683594e-02
4.280745983123779297e-03
1.262474651278466808e-02
1.164846122264862061e-01
-2.388125658035278320e-02
1.019578273238153088e-02
1.584450900554656982e-01
-1.343268156051635742e-02
-3.039297257316775358e-04
1.908919215202331543e-01
8.749604225158691406e-03
-9.983476858423045996e-03
8.616766333580017090e-02
-1.998246610164642334e-01
2.038477393628568279e-02
1.398884356021881104e-01
-2.540136873722076416e-01
5.961082734330602761e-03
1.775305569171905518e-01
-2.251302897930145264e-01
-8.563188511715225104e-03
1.985426545143127441e-01
-1.805261671543121338e-01
-1.710371640680818928e-02
7.828953862190246582e-02
-2.088631689548492432e-01
2.228735106228896257e-03
1.419010758399963379e-01
-2.816430330276489258e-01
-1.163217113523273838e-02
1.825286746025085449e-01
-2.478218078613281250e-01
-2.249624361454038990e-02
2.008576989173889160e-01
-1.966195702552795410e-01
-2.807241459547071827e-02
7.980215549468994141e-02
-1.950111091136932373e-01
-1.740930383263616932e-02
1.422612369060516357e-01
-2.770412564277648926e-01
-2.823310499249487293e-02
1.831919848918914795e-01
-2.466045916080474854e-01
-3.384887580929785145e-02
2.030180990695953369e-01
-1.971911787986755371e-01
-3.590167095123319996e-02
9.217113256454467773e-02
-1.609096825122833252e-01
-3.735163589178114307e-02
1.456454992294311523e-01
-2.116830945014953613e-01
-4.495287840424566639e-02
1.805813908576965332e-01
-2.043962478637695312e-01
-4.719123398123770130e-02
2.026765346527099609e-01
-1.800998449325561523e-01
-4.769563828764944446e-02
