0.000000000000000000e+00
0.000000000000000000e+00
0.000000000000000000e+00
5.611941218376159668e-02
2.738955616950988770e-02
4.325002462010729687e-03
1.141049265861511230e-01
2.195444703102111816e-02
1.281128295104849713e-03
1.553264856338500977e-01
4.025557637214660645e-02
-7.794996693391453846e-03
1.800058782100677490e-01
7.976517081260681152e-02
-1.651258204843486510e-02
1.281780004501342773e-01
-1.193236112594604492e-01
1.008453409407650270e-02
1.630953252315521240e-01
-2.036446034908294678e-01
-6.347068089652907474e-03
1.851514875888824463e-01
-1.774767041206359863e-01
-1.948095855082954131e-02
1.897503733634948730e-01
-1.330665946006774902e-01
-2.596230988170589171e-02
1.145031452178955078e-01
-1.352389454841613770e-01
-3.944175287742268665e-03
1.567543745040893555e-01
-2.285224795341491699e-01
-2.150516208972419463e-02
1.831365525722503662e-01
-1.918657124042510986e-01
-3.278342258896316253e-02
1.841979026794433594e-01
-1.411723494529724121e-01
-3.685003888573135100e-02
9.858584403991699219e-02
-1.427930295467376709e-01
-2.018491734530414305e-02
1.441739201545715332e-01
-2.280550301074981689e-01
-3.695278239216293059e-02
1.738018691539764404e-01
-1.891856193542480469e-01
-4.383422431315864287e-02
1.802789568901062012e-01
-1.376661360263824463e-01
-4.411438104476417266e-02
8.138999342918395996e-02
-1.390741467475891113e-01
-3.685928878154243193e-02
1.239692866802215576e-01
-1.840673685073852539e-01
-5.227466669644798003e-02
1.564802527427673340e-01
-1.633244454860687256e-01
-5.857134607400382720e-02
1.731552183628082275e-01
-1.289646923542022705e-01
-5.961885672773803435e-02
