0.000000000000000000e+00
0.000000000000000000e+00
0.000000000000000000e+00
6.828324496746063232e-02
2.280277013778686523e-02
1.357149743418517573e-02
1.301266700029373169e-01
9.663581848144531250e-03
1.255229433010640605e-02
1.738644391298294067e-01
2.866762876510620117e-02
2.151787662313608962e-03
2.008331269025802612e-01
7.286769151687622070e-02
-7.832336789562077684e-03
1.315165311098098755e-01
-1.663132905960083008e-01
2.835402303318801387e-02
1.744481772184371948e-01
-2.412255108356475830e-01
1.513559688757482036e-02
2.040111273527145386e-01
-2.056053280830383301e-01
1.648704902635245162e-03
2.147042602300643921e-01
-1.522620618343353271e-01
-5.890498022182555360e-03
1.178802996873855591e-01
-1.804137229919433594e-01
8.536646523879198867e-03
1.705272942781448364e-01
-2.636727988719940186e-01
-5.215370180650324983e-03
2.039536386728286743e-01
-2.153587937355041504e-01
-1.639116889853653447e-02
2.107061594724655151e-01
-1.561768054962158203e-01
-2.079329415280994908e-02
1.075863689184188843e-01
-1.777887344360351562e-01
-1.339474375416216390e-02
1.636702567338943481e-01
-2.614826261997222900e-01
-2.499504721779999272e-02
2.013967782258987427e-01
-2.136507332324981689e-01
-2.992950527985271947e-02
2.132755666971206665e-01
-1.549092829227447510e-01
-2.984272836764034764e-02
1.027141660451889038e-01
-1.544594764709472656e-01
-3.577977380771812932e-02
1.543571203947067261e-01
-2.014359235763549805e-01
-4.494809693713364140e-02
1.894933432340621948e-01
-1.741893887519836426e-01
-4.663293025512871282e-02
2.059105485677719116e-01
-1.334939301013946533e-01
-4.516911841054138677e-02
