0.000000000000000000e+00
0.000000000000000000e+00
0.000000000000000000e+00
6.666943430900573730e-02
-5.342304706573486328e-03
1.591524690847734291e-02
1.106663048267364502e-01
-4.379534721374511719e-02
1.526265148531535942e-02
1.479825973510742188e-01
-4.421186447143554688e-02
5.498665147385395358e-03
1.811613142490386963e-01
-2.899420261383056641e-02
-3.844348951318465879e-03
7.330843806266784668e-02
-2.208312749862670898e-01
2.457561180453637917e-02
1.234509050846099854e-01
-2.924947142601013184e-01
1.211687479626277764e-02
1.618249714374542236e-01
-2.719267308712005615e-01
-8.555366704996458793e-04
1.835727691650390625e-01
-2.326365411281585693e-01
-8.111985172220670393e-03
6.711167097091674805e-02
-2.272038459777832031e-01
5.400734716019428561e-03
1.293729245662689209e-01
-3.131165802478790283e-01
-3.792280103155576398e-03
1.687961816787719727e-01
-2.859423756599426270e-01
-1.239151577938457649e-02
1.873309910297393799e-01
-2.430760860443115234e-01
-1.727701887030264061e-02
7.235333323478698730e-02
-2.141930162906646729e-01
-1.515642065096756141e-02
1.324853003025054932e-01
-3.064982593059539795e-01
-2.109629265505930107e-02
1.732106506824493408e-01
-2.825890481472015381e-01
-2.474076650578638237e-02
1.935079097747802734e-01
-2.388790845870971680e-01
-2.640636242468019645e-02
8.978092670440673828e-02
-1.830874383449554443e-01
-3.601575061220785301e-02
1.416497528553009033e-01
-2.476845681667327881e-01
-3.844251647133489769e-02
1.772182881832122803e-01
-2.448385655879974365e-01
-3.762765392202993553e-02
1.995102763175964355e-01
-2.229773104190826416e-01
-3.683095588822027366e-02
