0.000000000000000000e+00
0.000000000000000000e+00
0.000000000000000000e+00
6.734442710876464844e-02
2.437114715576171875e-03
1.422894508115746248e-02
1.195196211338043213e-01
-2.003306150436401367e-02
1.250531472734905947e-02
1.601885855197906494e-01
-6.885647773742675781e-03
2.108715656248705272e-03
1.943765580654144287e-01
1.399552822113037109e-02
-7.711333273874743099e-03
9.463292360305786133e-02
-1.918617188930511475e-01
2.368383057884670961e-02
1.452951729297637939e-01
-2.484296858310699463e-01
1.001762267671324480e-02
1.813684105873107910e-01
-2.167541086673736572e-01
-4.220722294377310391e-03
2.007064521312713623e-01
-1.728529930114746094e-01
-1.250149733849070799e-02
8.572271466255187988e-02
-2.018151581287384033e-01
5.093885068816916828e-03
1.465141773223876953e-01
-2.728848457336425781e-01
-7.832474592106564160e-03
1.865484714508056641e-01
-2.343846261501312256e-01
-1.948286830909751188e-02
2.040511667728424072e-01
-1.828174889087677002e-01
-2.566154352851413023e-02
8.551359176635742188e-02
-1.909030675888061523e-01
-1.483589741863511335e-02
1.455697119235992432e-01
-2.693614661693572998e-01
-2.484410121567748320e-02
1.863151788711547852e-01
-2.347812354564666748e-01
-3.118806011505625975e-02
2.054619193077087402e-01
-1.835550665855407715e-01
-3.364165737755797636e-02
9.548038244247436523e-02
-1.597582995891571045e-01
-3.493386744983695280e-02
1.480154097080230713e-01
-2.094103991985321045e-01
-4.208847745783828032e-02
1.835628449916839600e-01
-1.961946189403533936e-01
-4.433522238858245146e-02
2.050572931766510010e-01
-1.658923029899597168e-01
-4.464680939443610441e-02
