0.000000000000000000e+00
0.000000000000000000e+00
0.000000000000000000e+00
6.293998658657073975e-02
1.640242338180541992e-02
8.355243490171915255e-03
1.164897531270980835e-01
9.009659290313720703e-03
2.960075517279392443e-03
1.553865820169448853e-01
2.381610870361328125e-02
-9.628592631685251035e-03
1.867426186800003052e-01
5.724704265594482422e-02
-2.207583898203324679e-02
1.161048859357833862e-01
-1.434226036071777344e-01
1.155370416594792005e-02
1.527925282716751099e-01
-2.208686470985412598e-01
-6.713317348527425565e-03
1.782422214746475220e-01
-1.876952052116394043e-01
-2.252166496114682559e-02
1.876829415559768677e-01
-1.407401561737060547e-01
-3.129049354689072970e-02
1.018662750720977783e-01
-1.526392698287963867e-01
-5.672418619411701002e-03
1.488646119832992554e-01
-2.305542826652526855e-01
-2.330355496602010135e-02
1.775775700807571411e-01
-1.865430474281311035e-01
-3.654216194050263766e-02
1.826102286577224731e-01
-1.348721385002136230e-01
-4.311851748721551303e-02
8.882340788841247559e-02
-1.494122147560119629e-01
-2.449083851175259952e-02
1.356218010187149048e-01
-2.154713869094848633e-01
-3.786116057531785373e-02
1.687549799680709839e-01
-1.751131415367126465e-01
-4.349584841625642184e-02
1.802357286214828491e-01
-1.269279122352600098e-01
-4.483495244281243686e-02
7.749490439891815186e-02
-1.300668716430664062e-01
-4.376000502603005771e-02
1.185726225376129150e-01
-1.681533455848693848e-01
-5.372299218075227145e-02
1.512536555528640747e-01
-1.504389643669128418e-01
-5.627654084460687045e-02
1.693809777498245239e-01
-1.223843097686767578e-01
-5.615027585523080234e-02
