0.000000000000000000e+00
0.000000000000000000e+00
0.000000000000000000e+00
6.319499015808105469e-02
2.134788036346435547e-02
7.766561152109829891e-03
1.266233026981353760e-01
7.505118846893310547e-03
4.560254549303977001e-03
1.694558560848236084e-01
3.061121702194213867e-02
-6.462456623395951283e-03
1.941556930541992188e-01
8.160722255706787109e-02
-1.759142751090791990e-02
1.329743862152099609e-01
-1.533981859683990479e-01
1.827446607656213473e-02
1.721359789371490479e-01
-2.327074706554412842e-01
3.339309047603933323e-03
1.997746229171752930e-01
-2.008939087390899658e-01
-1.126306081407335569e-02
2.100247144699096680e-01
-1.503991484642028809e-01
-2.002338083677557279e-02
1.182741224765777588e-01
-1.679288446903228760e-01
5.776894746105654121e-04
1.670450568199157715e-01
-2.592369318008422852e-01
-1.698909649842050840e-02
1.993479728698730469e-01
-2.145698070526123047e-01
-3.178884970240858365e-02
2.049697041511535645e-01
-1.550082266330718994e-01
-3.883766146593359281e-02
1.036822795867919922e-01
-1.720014810562133789e-01
-1.922602715187338163e-02
1.565349996089935303e-01
-2.642087638378143311e-01
-3.458405049734381009e-02
1.928618252277374268e-01
-2.176506817340850830e-01
-4.448882999115255643e-02
2.039631307125091553e-01
-1.578173041343688965e-01
-4.768030854158666898e-02
9.109300374984741211e-02
-1.601737737655639648e-01
-3.944534572057989408e-02
1.411957144737243652e-01
-2.113406956195831299e-01
-5.172474818520811368e-02
1.760640144348144531e-01
-1.851268112659454346e-01
-5.719770627312925626e-02
1.921955347061157227e-01
-1.435408592224121094e-01
-5.880987780385282804e-02
