0.000000000000000000e+00
0.000000000000000000e+00
0.000000000000000000e+00
6.272159516811370850e-02
2.293866872787475586e-02
1.520938596766541195e-02
1.170464605093002319e-01
7.674276828765869141e-03
1.822977590452978802e-02
1.564505547285079956e-01
1.449209451675415039e-02
1.230782068412850094e-02
1.842332035303115845e-01
4.392063617706298828e-02
6.841869401597477918e-03
1.188545674085617065e-01
-1.505029797554016113e-01
3.369906249534437848e-02
1.594427376985549927e-01
-2.085808515548706055e-01
2.364326718341658307e-02
1.876044720411300659e-01
-1.767160594463348389e-01
1.184351726513455105e-02
1.986682564020156860e-01
-1.303396522998809814e-01
4.973071469777323728e-03
1.081396788358688354e-01
-1.659250855445861816e-01
1.535982343446562481e-02
1.584612280130386353e-01
-2.334687709808349609e-01
3.227304044031598096e-03
1.890617758035659790e-01
-1.894031763076782227e-01
-7.934913196748993869e-03
1.959393471479415894e-01
-1.347086727619171143e-01
-1.258781754333426761e-02
1.001422554254531860e-01
-1.667208671569824219e-01
-5.030207493490479465e-03
1.546011418104171753e-01
-2.367162108421325684e-01
-1.618006375539948749e-02
1.881177276372909546e-01
-1.920480728149414062e-01
-2.214925658810784626e-02
1.985814124345779419e-01
-1.369239687919616699e-01
-2.301902432847668933e-02
9.643049538135528564e-02
-1.482944190502166748e-01
-2.553479296076943683e-02
1.470796316862106323e-01
-1.827041506767272949e-01
-3.571064320314576435e-02
1.794186383485794067e-01
-1.555505692958831787e-01
-3.942858350384881305e-02
1.955291479825973511e-01
-1.172568202018737793e-01
-3.959441480148484516e-02
