0.000000000000000000e+00
0.000000000000000000e+00
0.000000000000000000e+00
7.500763237476348877e-02
-2.017045021057128906e-02
6.321907135259152710e-03
1.423316150903701782e-01
-5.275732278823852539e-02
-1.521562599975823105e-03
1.919793933629989624e-01
-4.495155811309814453e-02
-1.710706567524766797e-02
2.345234602689743042e-01
-2.311998605728149414e-02
-3.224252155183648938e-02
1.261408776044845581e-01
-2.368879914283752441e-01
1.382379149885082370e-02
1.557829529047012329e-01
-3.409382402896881104e-01
-8.279030119467734039e-03
1.917141824960708618e-01
-3.223735988140106201e-01
-2.757650045811033124e-02
2.147199064493179321e-01
-2.761434912681579590e-01
-3.832451617478227490e-02
1.062504202127456665e-01
-2.488606274127960205e-01
-4.554541224081276596e-03
1.457669287919998169e-01
-3.709765076637268066e-01
-2.511945543943738812e-02
1.877188831567764282e-01
-3.447611629962921143e-01
-4.031296437739229077e-02
2.087744027376174927e-01
-2.904903590679168701e-01
-4.779380178212022656e-02
8.680491149425506592e-02
-2.453540563583374023e-01
-2.544995574413633221e-02
1.303480118513107300e-01
-3.583317995071411133e-01
-4.331450900195932263e-02
1.760366708040237427e-01
-3.322627246379852295e-01
-5.122924586891031140e-02
2.022625058889389038e-01
-2.819726467132568359e-01
-5.327296992896890515e-02
7.092671096324920654e-02
-2.216057777404785156e-01
-4.698048895357942456e-02
1.147478967905044556e-01
-2.869628667831420898e-01
-6.039412310479974622e-02
1.548974364995956421e-01
-2.784649729728698730e-01
-6.348722418903207654e-02
1.817802935838699341e-01
-2.499633133411407471e-01
-6.299693873285150403e-02
