0.000000000000000000e+00
0.000000000000000000e+00
0.000000000000000000e+00
7.026128470897674561e-02
-4.151463508605957031e-04
1.268205458096360871e-02
1.214915066957473755e-01
-2.986615896224975586e-02
1.115661525896882722e-02
1.619817465543746948e-01
-2.271693944931030273e-02
1.345665932475981208e-03
1.976169198751449585e-01
-2.215385437011718750e-03
-7.819024456821921376e-03
9.101186692714691162e-02
-2.047511041164398193e-01
2.012799160353040406e-02
1.426264196634292603e-01
-2.693629264831542969e-01
5.343976819730755778e-03
1.812032610177993774e-01
-2.431169152259826660e-01
-8.868226392351630238e-03
2.037740796804428101e-01
-2.011354565620422363e-01
-1.698443627186918548e-02
8.099658787250518799e-02
-2.142020165920257568e-01
1.915288779727575275e-03
1.428822427988052368e-01
-2.985599040985107422e-01
-1.180294769086742690e-02
1.850064545869827271e-01
-2.673922181129455566e-01
-2.331688588687086394e-02
2.050163596868515015e-01
-2.186387777328491211e-01
-2.940805031188631347e-02
8.025692403316497803e-02
-2.010740935802459717e-01
-1.776823921331072142e-02
1.413211971521377563e-01
-2.935602962970733643e-01
-2.909358924456739715e-02
1.834658831357955933e-01
-2.641255855560302734e-01
-3.595595022865438750e-02
2.046149820089340210e-01
-2.152938246726989746e-01
-3.858622869678640654e-02
9.081698954105377197e-02
-1.673184037208557129e-01
-3.767610302396917632e-02
1.452277749776840210e-01
-2.258726656436920166e-01
-4.569958111473226836e-02
1.827072650194168091e-01
-2.199681401252746582e-01
-4.836418440767431548e-02
2.058297246694564819e-01
-1.955835819244384766e-01
-4.899640342422628692e-02
