0.000000000000000000e+00
0.000000000000000000e+00
0.000000000000000000e+00
5.305099487304687500e-02
2.563747763633728027e-02
2.466944604208265446e-03
1.094509959220886230e-01
2.234551310539245605e-02
-2.775368886972273685e-03
1.494325995445251465e-01
4.363474249839782715e-02
-1.349513619297226796e-02
1.761901378631591797e-01
8.276751637458801270e-02
-2.384789208971938024e-02
1.241894364356994629e-01
-1.185496151447296143e-01
4.108941041891966961e-03
1.596526503562927246e-01
-2.039876282215118408e-01
-1.394955362283667455e-02
1.811439096927642822e-01
-1.758760511875152588e-01
-2.761776852511843572e-02
1.848702132701873779e-01
-1.320154368877410889e-01
-3.432314205073794255e-02
1.106278002262115479e-01
-1.346770823001861572e-01
-9.243286355371083118e-03
1.539036333560943604e-01
-2.277619242668151855e-01
-2.733242618941744695e-02
1.789288818836212158e-01
-1.887551546096801758e-01
-3.839832278990229497e-02
1.786147058010101318e-01
-1.393182873725891113e-01
-4.256948190831622014e-02
9.442457556724548340e-02
-1.418396830558776855e-01
-2.459361325108488927e-02
1.399051249027252197e-01
-2.267675101757049561e-01
-4.097057986163576970e-02
1.682420074939727783e-01
-1.871809959411621094e-01
-4.668749976062258611e-02
1.736814975738525391e-01
-1.373305022716522217e-01
-4.663409399890383611e-02
7.622021436691284180e-02
-1.374400556087493896e-01
-4.050813722514590154e-02
1.163782179355621338e-01
-1.813635230064392090e-01
-5.550710591577967534e-02
1.479767858982086182e-01
-1.609205901622772217e-01
-6.111287060284098516e-02
1.639433503150939941e-01
-1.286455690860748291e-01
-6.193235623740633855e-02
