0.000000000000000000e+00
0.000000000000000000e+00
0.000000000000000000e+00
6.363843381404876709e-02
2.009391784667968750e-02
1.438122616926307273e-02
1.204069703817367554e-01
2.954125404357910156e-03
1.552897507170314384e-02
1.615457385778427124e-01
1.478844881057739258e-02
7.717581017260499721e-03
1.889622062444686890e-01
4.910695552825927734e-02
5.194540591446639155e-06
1.203604191541671753e-01
-1.528920829296112061e-01
2.901242675105208946e-02
1.614112704992294312e-01
-2.153503298759460449e-01
1.725434699872607780e-02
1.909045130014419556e-01
-1.834157705307006836e-01
4.605879092906661754e-03
2.025018781423568726e-01
-1.367686688899993896e-01
-2.709422709102682347e-03
1.079540997743606567e-01
-1.667482554912567139e-01
9.996578114424892192e-03
1.590950936079025269e-01
-2.372777462005615234e-01
-3.622900211865953679e-03
1.907484084367752075e-01
-1.918052732944488525e-01
-1.535698210975056099e-02
1.967598050832748413e-01
-1.363269686698913574e-01
-2.033074384709721016e-02
9.790612757205963135e-02
-1.671084761619567871e-01
-1.091311963429575371e-02
1.526059061288833618e-01
-2.402611076831817627e-01
-2.321367150327091622e-02
1.872499436140060425e-01
-1.939308047294616699e-01
-2.923695927640324044e-02
1.969014257192611694e-01
-1.377103924751281738e-01
-2.999463675698166298e-02
9.215454757213592529e-02
-1.491130590438842773e-01
-3.190824946543102669e-02
1.439508646726608276e-01
-1.861643195152282715e-01
-4.297654142757778573e-02
1.774068921804428101e-01
-1.584557890892028809e-01
-4.662465488692646431e-02
1.924912482500076294e-01
-1.187217831611633301e-01
-4.658986812611942696e-02
