0.000000000000000000e+00
0.000000000000000000e+00
0.000000000000000000e+00
6.192529201507568359e-02
1.994806528091430664e-02
9.825683850976929534e-03
1.161876171827316284e-01
1.106375455856323242e-02
6.364276353451714385e-03
1.552993357181549072e-01
2.428102493286132812e-02
-4.361279122349515092e-03
1.863364279270172119e-01
5.690395832061767578e-02
-1.460178876277495874e-02
1.208143532276153564e-01
-1.470586657524108887e-01
1.671693911794136511e-02
1.570652723312377930e-01
-2.202989459037780762e-01
1.124314684602722991e-03
1.823385655879974365e-01
-1.858393549919128418e-01
-1.336434418317367090e-02
1.905649006366729736e-01
-1.391839981079101562e-01
-2.135993475076247705e-02
1.076965332031250000e-01
-1.579847335815429688e-01
-7.578204076708061621e-05
1.543538868427276611e-01
-2.312715649604797363e-01
-1.424413202312280191e-02
1.818984746932983398e-01
-1.862728595733642578e-01
-2.536743814107467188e-02
1.848057210445404053e-01
-1.356856822967529297e-01
-3.065711380895663751e-02
9.591515362262725830e-02
-1.562203168869018555e-01
-1.844330811854888452e-02
1.424447894096374512e-01
-2.185726165771484375e-01
-2.910695159789611353e-02
1.737689077854156494e-01
-1.761863231658935547e-01
-3.241413393971015466e-02
1.826554238796234131e-01
-1.284769177436828613e-01
-3.243438089248229517e-02
8.552014827728271484e-02
-1.374067664146423340e-01
-3.729823166486312402e-02
1.266579031944274902e-01
-1.705132126808166504e-01
-4.568518260475684656e-02
1.570467352867126465e-01
-1.494402885437011719e-01
-4.639452630635787500e-02
1.721161901950836182e-01
-1.201772093772888184e-01
-4.482298651691962732e-02
