0.000000000000000000e+00
0.000000000000000000e+00
0.000000000000000000e+00
6.623248755931854248e-02
-4.935920238494873047e-03
1.127879427217237662e-02
1.171746402978897095e-01
-3.684455156326293945e-02
9.609862355816289892e-03
1.586651355028152466e-01
-3.283786773681640625e-02
7.327512280141945666e-05
1.941365450620651245e-01
-1.646113395690917969e-02
-8.467903235626295100e-03
8.586882054805755615e-02
-2.121885418891906738e-01
2.104597271822683524e-02
1.344003230333328247e-01
-2.821272611618041992e-01
6.472149988937303533e-03
1.745163649320602417e-01
-2.598394155502319336e-01
-8.273356469047143946e-03
1.991878300905227661e-01
-2.210136651992797852e-01
-1.673247932053811837e-02
7.784174382686614990e-02
-2.204653918743133545e-01
4.060127431827709188e-03
1.348903328180313110e-01
-3.065187036991119385e-01
-8.927332112264707575e-03
1.782375127077102661e-01
-2.815954685211181641e-01
-2.058662927306897927e-02
2.007183283567428589e-01
-2.361123859882354736e-01
-2.687350554920442391e-02
7.907615602016448975e-02
-2.070667743682861328e-01
-1.458973331905610848e-02
1.356594711542129517e-01
-2.992706000804901123e-01
-2.492410583950288583e-02
1.785380393266677856e-01
-2.758091688156127930e-01
-3.168451680399186898e-02
2.022927850484848022e-01
-2.308091223239898682e-01
-3.426122187234170724e-02
9.153400361537933350e-02
-1.734427511692047119e-01
-3.367978601313836862e-02
1.430896967649459839e-01
-2.329444885253906250e-01
-4.041231317974336434e-02
1.800017207860946655e-01
-2.300721108913421631e-01
-4.239044605351693917e-02
2.038147002458572388e-01
-2.073097527027130127e-01
-4.244645951844461251e-02
