0.000000000000000000e+00
0.000000000000000000e+00
0.000000000000000000e+00
6.872221827507019043e-02
-5.062639713287353516e-03
1.413312503957797617e-02
1.173825562000274658e-01
-4.116398096084594727e-02
1.379489662015487283e-02
1.567676961421966553e-01
-3.914976119995117188e-02
5.123538392425075472e-03
1.915395259857177734e-01
-2.275711297988891602e-02
-2.809086852877840101e-03
8.293300867080688477e-02
-2.188786566257476807e-01
2.181167477631618112e-02
1.332641541957855225e-01
-2.916320264339447021e-01
7.992483171463504732e-03
1.736630499362945557e-01
-2.669271528720855713e-01
-5.827054885386928618e-03
1.971552073955535889e-01
-2.268600463867187500e-01
-1.358991073554705054e-02
7.531300187110900879e-02
-2.238705456256866455e-01
3.185519910246625841e-03
1.365436017513275146e-01
-3.118422329425811768e-01
-8.607557547449573576e-03
1.801195442676544189e-01
-2.826533615589141846e-01
-1.924016377067516714e-02
2.008310556411743164e-01
-2.358652353286743164e-01
-2.499140476918171316e-02
7.781296968460083008e-02
-2.084470987319946289e-01
-1.685003614163349539e-02
1.381407380104064941e-01
-3.035620152950286865e-01
-2.618356844520519644e-02
1.811902523040771484e-01
-2.763881981372833252e-01
-3.231352431809852987e-02
2.027817070484161377e-01
-2.296549081802368164e-01
-3.475766493117760092e-02
9.187987446784973145e-02
-1.732538044452667236e-01
-3.708044303691337973e-02
1.450415849685668945e-01
-2.375391721725463867e-01
-4.331124438083122641e-02
1.821947097778320312e-01
-2.332207560539245605e-01
-4.496446861064384848e-02
2.045401632785797119e-01
-2.088967561721801758e-01
-4.504592580831001669e-02
