0.000000000000000000e+00
0.000000000000000000e+00
0.000000000000000000e+00
6.361326575279235840e-02
1.334154605865478516e-02
1.053649265865885809e-02
1.176496744155883789e-01
3.852903842926025391e-03
5.784021546944018155e-03
1.557968258857727051e-01
1.769328117370605469e-02
-6.402445634947184772e-03
1.856906116008758545e-01
4.926317930221557617e-02
-1.858577891637480661e-02
1.138100773096084595e-01
-1.473401784896850586e-01
8.906467674179907590e-03
1.518083810806274414e-01
-2.249163389205932617e-01
-9.717802660659913272e-03
1.784405708312988281e-01
-1.897939443588256836e-01
-2.430432304193175241e-02
1.875957846641540527e-01
-1.408767104148864746e-01
-3.186817481567061350e-02
9.872494637966156006e-02
-1.557617783546447754e-01
-9.667251402632359714e-03
1.484407484531402588e-01
-2.328193187713623047e-01
-2.730108253111040995e-02
1.785256266593933105e-01
-1.869739890098571777e-01
-3.833079352428114817e-02
1.832087337970733643e-01
-1.349897980690002441e-01
-4.331113412429488108e-02
8.518387377262115479e-02
-1.510388255119323730e-01
-2.963584489573634073e-02
1.358056366443634033e-01
-2.170196771621704102e-01
-4.403396337677634165e-02
1.699478030204772949e-01
-1.752991676330566406e-01
-4.875569059898055002e-02
1.802747547626495361e-01
-1.264230608940124512e-01
-4.931477471639311716e-02
7.390809059143066406e-02
-1.304168701171875000e-01
-4.970352366019881174e-02
1.177789717912673950e-01
-1.690667271614074707e-01
-6.199080138851797983e-02
1.514104604721069336e-01
-1.503797769546508789e-01
-6.532197087456381723e-02
1.684924066066741943e-01
-1.204442381858825684e-01
-6.538428753067648813e-02
