0.000000000000000000e+00
0.000000000000000000e+00
0.000000000000000000e+00
6.233321130275726318e-02
2.136701345443725586e-02
1.409334423674124537e-02
1.176363378763198853e-01
4.109561443328857422e-03
1.670425026399868784e-02
1.573383659124374390e-01
1.311254501342773438e-02
1.066663502437847910e-02
1.838929504156112671e-01
4.600381851196289062e-02
4.906393724510849097e-03
1.184648424386978149e-01
-1.498607695102691650e-01
3.050464032871502695e-02
1.571805924177169800e-01
-2.113997340202331543e-01
1.995670995397347269e-02
1.850260645151138306e-01
-1.820783019065856934e-01
8.494986358115852454e-03
1.951996237039566040e-01
-1.370199918746948242e-01
2.083001329580724814e-03
1.065191477537155151e-01
-1.649399995803833008e-01
1.250414936525601206e-02
1.551526635885238647e-01
-2.360688447952270508e-01
4.465536635223088524e-05
1.853388696908950806e-01
-1.935634911060333252e-01
-1.053646845089417639e-02
1.918802112340927124e-01
-1.402069330215454102e-01
-1.464418308155757131e-02
9.703932702541351318e-02
-1.661064624786376953e-01
-7.577501100470840356e-03
1.500370055437088013e-01
-2.393791377544403076e-01
-1.961103813069087209e-02
1.839550584554672241e-01
-1.955160498619079590e-01
-2.600380950885039510e-02
1.947887092828750610e-01
-1.408856809139251709e-01
-2.689673924164992513e-02
9.171350300312042236e-02
-1.492599844932556152e-01
-2.771264487223845663e-02
1.420890837907791138e-01
-1.863941252231597900e-01
-3.870812417285662832e-02
1.750868707895278931e-01
-1.592615246772766113e-01
-4.274639846103411855e-02
1.914862543344497681e-01
-1.204455494880676270e-01
-4.296722249405604543e-02
