0.000000000000000000e+00
0.000000000000000000e+00
0.000000000000000000e+00
6.881698966026306152e-02
-6.962418556213378906e-04
1.395662681422038531e-02
1.217165887355804443e-01
-2.559274435043334961e-02
1.277107273450894809e-02
1.627696156501770020e-01
-1.464134454727172852e-02
2.851536434505419493e-03
1.973617374897003174e-01
8.525371551513671875e-03
-6.630401190008683443e-03
9.662765264511108398e-02
-2.018845081329345703e-01
2.394467585942550159e-02
1.441676020622253418e-01
-2.673708200454711914e-01
1.011067808828158832e-02
1.814640760421752930e-01
-2.400466203689575195e-01
-3.982245985056920290e-03
2.031561136245727539e-01
-1.971675455570220947e-01
-1.208499732204870725e-02
8.616074919700622559e-02
-2.127506136894226074e-01
5.225192226831154585e-03
1.450878381729125977e-01
-2.943699955940246582e-01
-7.649070180590911150e-03
1.854390203952789307e-01
-2.596933841705322266e-01
-1.898951462247566724e-02
2.039932906627655029e-01
-2.086932659149169922e-01
-2.486353001334862256e-02
8.345246315002441406e-02
-2.023720443248748779e-01
-1.510748366602854276e-02
1.433856487274169922e-01
-2.908470034599304199e-01
-2.581029391625122571e-02
1.849103569984436035e-01
-2.585884332656860352e-01
-3.268663591482834363e-02
2.053424119949340820e-01
-2.075178921222686768e-01
-3.527311241963104749e-02
9.091132879257202148e-02
-1.713644564151763916e-01
-3.561918816306786084e-02
1.456496715545654297e-01
-2.252805829048156738e-01
-4.356560862400726819e-02
1.831373274326324463e-01
-2.148297429084777832e-01
-4.620657122471527600e-02
2.055806517601013184e-01
-1.862168312072753906e-01
-4.667179292776779675e-02
