0.000000000000000000e+00
0.000000000000000000e+00
0.000000000000000000e+00
6.410567462444305420e-02
1.966655254364013672e-02
1.249301434280880585e-02
1.228557378053665161e-01
-1.231133937835693359e-03
1.339238044592150345e-02
1.652162224054336548e-01
9.162783622741699219e-03
5.849867600673519519e-03
1.946999579668045044e-01
4.571914672851562500e-02
-1.041029339930332753e-03
1.225660294294357300e-01
-1.700456738471984863e-01
2.714191564145096436e-02
1.615452021360397339e-01
-2.413649260997772217e-01
1.339355484368809357e-02
1.913253515958786011e-01
-2.102552950382232666e-01
-2.180700613365615936e-04
2.026221901178359985e-01
-1.589944362640380859e-01
-7.297739845043338391e-03
1.095586270093917847e-01
-1.836074292659759521e-01
9.534437216544233706e-03
1.583568900823593140e-01
-2.633266746997833252e-01
-4.636535879498637769e-03
1.918147057294845581e-01
-2.219855189323425293e-01
-1.572296395180217132e-02
1.999429613351821899e-01
-1.645073890686035156e-01
-1.974851451096526489e-02
9.956027567386627197e-02
-1.819627583026885986e-01
-1.029403879520884857e-02
1.520659476518630981e-01
-2.643929421901702881e-01
-2.283633127090922699e-02
1.889629513025283813e-01
-2.244288623332977295e-01
-2.871182932732097015e-02
2.015550881624221802e-01
-1.679086089134216309e-01
-2.895691617605677948e-02
9.492631256580352783e-02
-1.618525385856628418e-01
-3.048590011177054748e-02
1.444359868764877319e-01
-2.052921354770660400e-01
-4.198637045202247009e-02
1.801858693361282349e-01
-1.835718154907226562e-01
-4.601831919727317199e-02
1.991775780916213989e-01
-1.455622017383575439e-01
-4.574278927621833191e-02
