0.000000000000000000e+00
0.000000000000000000e+00
0.000000000000000000e+00
6.868836283683776855e-02
2.263194322586059570e-02
1.345534203093734504e-02
1.311747729778289795e-01
8.264899253845214844e-03
1.270367251228776695e-02
1.738229393959045410e-01
2.693235874176025391e-02
3.540834872836740033e-03
2.014034390449523926e-01
6.701099872589111328e-02
-5.346597642784445270e-03
1.295160353183746338e-01
-1.745392680168151855e-01
2.510878769200530769e-02
1.722311377525329590e-01
-2.389492988586425781e-01
1.241979514699664833e-02
2.024372816085815430e-01
-2.076603174209594727e-01
-8.750422323657858215e-04
2.158942222595214844e-01
-1.595119833946228027e-01
-8.814671547298758014e-03
1.141722798347473145e-01
-1.889315545558929443e-01
5.967858708316953198e-03
1.702573299407958984e-01
-2.633386850357055664e-01
-7.607890763466684803e-03
2.030337750911712646e-01
-2.183034121990203857e-01
-1.897621760625156639e-02
2.110912501811981201e-01
-1.612902581691741943e-01
-2.410112368423256157e-02
1.032848358154296875e-01
-1.853606402873992920e-01
-1.480587898302587746e-02
1.618699729442596436e-01
-2.635460495948791504e-01
-2.568925405401500939e-02
1.989940702915191650e-01
-2.198350131511688232e-01
-3.103559138733658074e-02
2.127029001712799072e-01
-1.637547016143798828e-01
-3.214268060881408928e-02
9.867444634437561035e-02
-1.609027385711669922e-01
-3.591066273409637688e-02
1.511179506778717041e-01
-2.049098610877990723e-01
-4.472275870401176689e-02
1.865791380405426025e-01
-1.837317347526550293e-01
-4.708285304266723870e-02
2.058324217796325684e-01
-1.485798954963684082e-01
-4.684996651965889214e-02
