0.000000000000000000e+00
0.000000000000000000e+00
0.000000000000000000e+00
6.231543421745300293e-02
2.319645881652832031e-02
8.810298474841715688e-03
1.258952319622039795e-01
9.655952453613281250e-03
6.653141653501393193e-03
1.689972579479217529e-01
3.092461824417114258e-02
-3.216624069622753268e-03
1.932464540004730225e-01
7.930654287338256836e-02
-1.306519754756152452e-02
1.333610713481903076e-01
-1.486917734146118164e-01
1.892575710486710250e-02
1.713228523731231689e-01
-2.244749069213867188e-01
6.378772626035811300e-03
1.978870034217834473e-01
-1.929631829261779785e-01
-5.858283998108504420e-03
2.061007320880889893e-01
-1.439437866210937500e-01
-1.305791181106030763e-02
1.191048324108123779e-01
-1.643360853195190430e-01
9.730235481271165554e-04
1.660984754562377930e-01
-2.547698915004730225e-01
-1.464288406599223435e-02
1.975098252296447754e-01
-2.109201252460479736e-01
-2.793996692228972734e-02
2.011659741401672363e-01
-1.529776453971862793e-01
-3.412718050707042039e-02
1.046089529991149902e-01
-1.694003641605377197e-01
-1.884442478943526567e-02
1.559449434280395508e-01
-2.626071572303771973e-01
-3.303617336381137193e-02
1.915372014045715332e-01
-2.160426378250122070e-01
-4.238981478441417039e-02
2.005242705345153809e-01
-1.569894254207611084e-01
-4.539376967180430711e-02
9.208497405052185059e-02
-1.574846804141998291e-01
-3.888785191405474961e-02
1.432215273380279541e-01
-2.096798717975616455e-01
-5.071901254881083787e-02
1.775483787059783936e-01
-1.831570863723754883e-01
-5.594602324593722642e-02
1.918748021125793457e-01
-1.418251991271972656e-01
-5.744795598614871324e-02
