0.000000000000000000e+00
0.000000000000000000e+00
0.000000000000000000e+00
6.432990729808807373e-02
1.246184110641479492e-02
1.056932497485263411e-02
1.246460825204849243e-01
-4.798889160156250000e-03
9.282090027767253559e-03
1.681330054998397827e-01
1.018828153610229492e-02
4.673135659629679139e-04
1.981377154588699341e-01
4.046571254730224609e-02
-7.862604896587299663e-03
1.151058822870254517e-01
-1.858257055282592773e-01
2.356811266108138625e-02
1.589999943971633911e-01
-2.472330033779144287e-01
1.186573810591085021e-02
1.919078677892684937e-01
-2.248236835002899170e-01
-4.193727840231531445e-04
2.094658166170120239e-01
-1.856008768081665039e-01
-7.482144258034395534e-03
1.014268547296524048e-01
-2.001240849494934082e-01
6.944977470624280613e-03
1.579466611146926880e-01
-2.756508588790893555e-01
-4.608757535976337749e-03
1.936476081609725952e-01
-2.409686446189880371e-01
-1.468086682544367250e-02
2.066293209791183472e-01
-1.910255551338195801e-01
-1.928662669197933610e-02
9.284205734729766846e-02
-1.959883272647857666e-01
-1.149101902083771165e-02
1.508620828390121460e-01
-2.779301106929779053e-01
-2.165766220824139054e-02
1.892499178647994995e-01
-2.416353523731231689e-01
-2.682888854579346116e-02
2.056046873331069946e-01
-1.889201700687408447e-01
-2.784552399353401597e-02
9.127317368984222412e-02
-1.729546785354614258e-01
-3.033286866084949907e-02
1.436077505350112915e-01
-2.239600419998168945e-01
-3.845335144833939012e-02
1.788574606180191040e-01
-2.064080834388732910e-01
-4.001875568465607103e-02
1.984299868345260620e-01
-1.724004149436950684e-01
-3.915932376222031053e-02
