0.000000000000000000e+00
0.000000000000000000e+00
0.000000000000000000e+00
6.822448968887329102e-02
1.216483116149902344e-02
1.643570712221276153e-02
1.242270767688751221e-01
-8.244156837463378906e-03
1.606834507001053680e-02
1.654861271381378174e-01
1.502454280853271484e-03
6.484644621735924375e-03
1.972352564334869385e-01
2.879214286804199219e-02
-2.939566835635787356e-03
1.109493970870971680e-01
-1.772855222225189209e-01
2.734517505777489532e-02
1.595596969127655029e-01
-2.301590442657470703e-01
1.434973361355673660e-02
1.922547519207000732e-01
-1.941776871681213379e-01
4.207410562173663493e-04
2.073538005352020264e-01
-1.461035609245300293e-01
-7.927783630663043368e-03
9.989574551582336426e-02
-1.899076998233795166e-01
6.763875618702286374e-03
1.620041728019714355e-01
-2.543135285377502441e-01
-6.417863868051654208e-03
1.973824501037597656e-01
-2.077424526214599609e-01
-1.786295124875891815e-02
2.081011831760406494e-01
-1.520479321479797363e-01
-2.380653084802020203e-02
9.381791949272155762e-02
-1.830040514469146729e-01
-1.531215836840260636e-02
1.570470631122589111e-01
-2.522848248481750488e-01
-2.604101584839213501e-02
1.944182813167572021e-01
-2.075856029987335205e-01
-3.131888420867312561e-02
2.075195014476776123e-01
-1.524858474731445312e-01
-3.324141339945185791e-02
9.410789608955383301e-02
-1.550213992595672607e-01
-3.740532682823527466e-02
1.498077511787414551e-01
-1.922641992568969727e-01
-4.558850066351283203e-02
1.845507621765136719e-01
-1.702158749103546143e-01
-4.734426350879061829e-02
2.023416459560394287e-01
-1.370556652545928955e-01
-4.747046516823161255e-02
