0.000000000000000000e+00
0.000000000000000000e+00
0.000000000000000000e+00
7.031799852848052979e-02
2.404898405075073242e-02
1.419988559317175714e-02
1.334256678819656372e-01
9.386658668518066406e-03
1.206388422977511254e-02
1.771902590990066528e-01
2.850562334060668945e-02
9.297865861128684628e-04
2.017998248338699341e-01
7.511234283447265625e-02
-1.011974359172995719e-02
1.297100633382797241e-01
-1.731532514095306396e-01
2.401308161896054116e-02
1.739043444395065308e-01
-2.370081543922424316e-01
1.068278034907166330e-02
2.050514966249465942e-01
-2.028461992740631104e-01
-2.920243137140232648e-03
2.182459980249404907e-01
-1.518217623233795166e-01
-1.113476598877127799e-02
1.151380091905593872e-01
-1.868384778499603271e-01
3.344312829341333781e-03
1.737773865461349487e-01
-2.598744332790374756e-01
-1.039785979557450446e-02
2.077555805444717407e-01
-2.120101749897003174e-01
-2.125103952604945334e-02
2.146920412778854370e-01
-1.532593965530395508e-01
-2.610231185573752555e-02
1.050964444875717163e-01
-1.809820234775543213e-01
-1.884964103120978507e-02
1.659486144781112671e-01
-2.566173076629638672e-01
-2.975723887104209098e-02
2.039479166269302368e-01
-2.091354727745056152e-01
-3.432992654163058432e-02
2.163984626531600952e-01
-1.511740088462829590e-01
-3.499669390041049155e-02
1.012235432863235474e-01
-1.533303856849670410e-01
-4.136787163335498008e-02
1.543422788381576538e-01
-1.969290077686309814e-01
-4.943524481970484885e-02
1.891945451498031616e-01
-1.724719107151031494e-01
-5.045711430031474265e-02
2.064845710992813110e-01
-1.345290541648864746e-01
-4.938980000335391196e-02
