0.000000000000000000e+00
0.000000000000000000e+00
0.000000000000000000e+00
6.568373739719390869e-02
2.130448818206787109e-02
1.369894707978147608e-02
1.218999773263931274e-01
1.166427135467529297e-02
1.288402678847688776e-02
1.616539508104324341e-01
2.417838573455810547e-02
3.669083979282561359e-03
1.915952116250991821e-01
5.704092979431152344e-02
-5.528191175010022107e-03
1.264689713716506958e-01
-1.478152275085449219e-01
2.217595877528566461e-02
1.644272059202194214e-01
-2.208933234214782715e-01
6.773173738572779712e-03
1.895483583211898804e-01
-1.838036775588989258e-01
-7.946713432367857877e-03
1.974468082189559937e-01
-1.332055926322937012e-01
-1.628515643596273321e-02
1.128394603729248047e-01
-1.578018665313720703e-01
2.880646776709738788e-03
1.621711403131484985e-01
-2.320035099983215332e-01
-1.334742137759548086e-02
1.901183575391769409e-01
-1.822535991668701172e-01
-2.656430339037996191e-02
1.926216334104537964e-01
-1.262394189834594727e-01
-3.284966347336393255e-02
1.005401611328125000e-01
-1.565057039260864258e-01
-1.803415974199396032e-02
1.507828980684280396e-01
-2.238517403602600098e-01
-3.108235967874151129e-02
1.831541508436203003e-01
-1.767042279243469238e-01
-3.714992252707105536e-02
1.920234709978103638e-01
-1.226293444633483887e-01
-3.852076975226026434e-02
8.939455449581146240e-02
-1.398329734802246094e-01
-3.904732836007696051e-02
1.331199258565902710e-01
-1.771125197410583496e-01
-5.043126044392209906e-02
1.655010133981704712e-01
-1.542357802391052246e-01
-5.426675600528341192e-02
1.819966584444046021e-01
-1.206832528114318848e-01
-5.473127362846952337e-02
