0.000000000000000000e+00
0.000000000000000000e+00
0.000000000000000000e+00
6.935349106788635254e-02
2.369463443756103516e-03
1.185768960023381169e-02
1.236204504966735840e-01
-2.849811315536499023e-02
1.112070983255364354e-02
1.653504967689514160e-01
-2.214729785919189453e-02
2.476543197204250646e-03
1.979208290576934814e-01
-2.744793891906738281e-04
-5.326800737734060931e-03
9.573137760162353516e-02
-2.052709460258483887e-01
2.024174505824305470e-02
1.437729001045227051e-01
-2.715832293033599854e-01
5.343094244395274472e-03
1.811554729938507080e-01
-2.426139712333679199e-01
-9.174237717147093463e-03
2.018173336982727051e-01
-1.982156336307525635e-01
-1.725834770148537700e-02
8.502316474914550781e-02
-2.155153155326843262e-01
2.940484797377962423e-03
1.437827646732330322e-01
-2.987448573112487793e-01
-1.136556150412104671e-02
1.855463087558746338e-01
-2.650011479854583740e-01
-2.332826865857384746e-02
2.032909095287322998e-01
-2.127967178821563721e-01
-2.921160658841870372e-02
8.276599645614624023e-02
-2.030661404132843018e-01
-1.593146821504376476e-02
1.423918008804321289e-01
-2.930153012275695801e-01
-2.799042848890564983e-02
1.842561364173889160e-01
-2.618279457092285156e-01
-3.543944818919442241e-02
2.036599516868591309e-01
-2.111415266990661621e-01
-3.785520209019921367e-02
9.089359641075134277e-02
-1.693942248821258545e-01
-3.502867160385392253e-02
1.451132297515869141e-01
-2.248084843158721924e-01
-4.410276351516984050e-02
1.826806962490081787e-01
-2.185295820236206055e-01
-4.782235784476540630e-02
2.053586840629577637e-01
-1.934165954589843750e-01
-4.873354150002739971e-02
