0.000000000000000000e+00
0.000000000000000000e+00
0.000000000000000000e+00
6.673704087734222412e-02
1.496899127960205078e-02
1.392215697596554946e-02
1.270650178194046021e-01
-5.679428577423095703e-03
1.213150771836524200e-02
1.703263670206069946e-01
6.626546382904052734e-03
2.065800573106457705e-03
1.995564550161361694e-01
3.789633512496948242e-02
-8.016814267833183294e-03
1.147311180830001831e-01
-1.934685409069061279e-01
2.013526319096570205e-02
1.650778800249099731e-01
-2.555357813835144043e-01
6.311990064929773325e-03
1.996496468782424927e-01
-2.226708233356475830e-01
-7.450264668662498480e-03
2.175163775682449341e-01
-1.746803224086761475e-01
-1.563410998751635361e-02
1.008102744817733765e-01
-2.050480544567108154e-01
3.310311356443662589e-04
1.645504385232925415e-01
-2.780838310718536377e-01
-1.364744806160445023e-02
2.031395882368087769e-01
-2.344357371330261230e-01
-2.499679268767351914e-02
2.163399904966354370e-01
-1.775470376014709473e-01
-3.069932924081797410e-02
9.298260509967803955e-02
-1.967678070068359375e-01
-2.066500650217051316e-02
1.570929437875747681e-01
-2.776154875755310059e-01
-3.144884647299761582e-02
1.988279074430465698e-01
-2.370567917823791504e-01
-3.694759474565501023e-02
2.166254371404647827e-01
-1.816133856773376465e-01
-3.894226418306345749e-02
9.313897788524627686e-02
-1.681104302406311035e-01
-4.181139336397166062e-02
1.486414223909378052e-01
-2.195155620574951172e-01
-5.020855904986376572e-02
1.854880899190902710e-01
-2.021021842956542969e-01
-5.192930789162630845e-02
2.056170552968978882e-01
-1.688039302825927734e-01
-5.178097800781245041e-02
