0.000000000000000000e+00
0.000000000000000000e+00
0.000000000000000000e+00
6.309071183204650879e-02
2.695745229721069336e-02
1.199408967050530350e-02
1.198029220104217529e-01
2.159726619720458984e-02
1.103980347516753113e-02
1.589879989624023438e-01
3.383660316467285156e-02
2.372069256406206250e-03
1.874032020568847656e-01
6.586581468582153320e-02
-6.385394632790308833e-03
1.349554955959320068e-01
-1.338018178939819336e-01
1.597881477328755295e-02
1.773843765258789062e-01
-2.049121856689453125e-01
-8.772455900647457838e-04
2.010187804698944092e-01
-1.682677268981933594e-01
-1.593162517992041671e-02
2.087977230548858643e-01
-1.210948228836059570e-01
-2.490407254544280136e-02
1.209462285041809082e-01
-1.481466889381408691e-01
-3.031151862789016604e-03
1.720001399517059326e-01
-2.240353822708129883e-01
-2.218074563888094985e-02
1.981538236141204834e-01
-1.729163527488708496e-01
-3.682409439233325088e-02
2.005266845226287842e-01
-1.169743537902832031e-01
-4.418267522004626358e-02
1.063631772994995117e-01
-1.513509154319763184e-01
-2.350602511313937271e-02
1.558631956577301025e-01
-2.233192026615142822e-01
-3.883438769725344741e-02
1.852607429027557373e-01
-1.765704751014709473e-01
-4.617892790583155715e-02
1.938478052616119385e-01
-1.226619482040405273e-01
-4.856385130432627761e-02
9.243249893188476562e-02
-1.392823457717895508e-01
-4.404977548864863479e-02
1.353142261505126953e-01
-1.797563433647155762e-01
-5.632040489462397659e-02
1.652291417121887207e-01
-1.590641736984252930e-01
-6.086870867756388748e-02
1.809532344341278076e-01
-1.267109513282775879e-01
-6.224811289456866348e-02
