0.000000000000000000e+00
0.000000000000000000e+00
0.000000000000000000e+00
5.944663286209106445e-02
2.148848772048950195e-02
1.459541174284595400e-02
1.142483502626419067e-01
1.485157012939453125e-02
1.509153938553708940e-02
1.513923257589340210e-01
3.157770633697509766e-02
6.966044685611905152e-03
1.803610473871231079e-01
6.655019521713256836e-02
-1.185872916323660320e-03
1.278861910104751587e-01
-1.385036706924438477e-01
2.541443242392915636e-02
1.674013584852218628e-01
-2.148261666297912598e-01
1.055108106396573930e-02
1.897572427988052368e-01
-1.848566234111785889e-01
-3.876822277163682884e-03
1.939191669225692749e-01
-1.365149617195129395e-01
-1.150284705050808043e-02
1.157160848379135132e-01
-1.509376168251037598e-01
5.702137972036780411e-03
1.623426526784896851e-01
-2.289524376392364502e-01
-7.377973267068682617e-03
1.888328343629837036e-01
-1.915715634822845459e-01
-1.924535163976770491e-02
1.895603686571121216e-01
-1.388232707977294922e-01
-2.524111696817499251e-02
1.031696051359176636e-01
-1.544604897499084473e-01
-1.601756082214933485e-02
1.508921235799789429e-01
-2.239158749580383301e-01
-2.614440300800424666e-02
1.812053769826889038e-01
-1.885449588298797607e-01
-3.123090879358869643e-02
1.898490637540817261e-01
-1.395555734634399414e-01
-3.281002954878431410e-02
9.145970642566680908e-02
-1.441145539283752441e-01
-3.796804786958318800e-02
1.328312903642654419e-01
-1.854251623153686523e-01
-4.651437790431600661e-02
1.623160392045974731e-01
-1.695643663406372070e-01
-4.850307570137601942e-02
1.769965440034866333e-01
-1.401726603507995605e-01
-4.810136647262197584e-02
