0.000000000000000000e+00
0.000000000000000000e+00
0.000000000000000000e+00
6.416243314743041992e-02
7.269680500030517578e-03
1.219077569116677751e-02
1.184102594852447510e-01
-1.441317796707153320e-02
9.073875589862723245e-03
1.611648797988891602e-01
-2.226471900939941406e-03
-2.320848427146415816e-03
1.958019435405731201e-01
2.105623483657836914e-02
-1.335655364523802291e-02
9.998506307601928711e-02
-1.826304793357849121e-01
1.971850798149432649e-02
1.508953571319580078e-01
-2.365333437919616699e-01
4.877979612544436350e-03
1.855460405349731445e-01
-2.033408582210540771e-01
-9.585756131812672720e-03
2.023161351680755615e-01
-1.567108631134033203e-01
-1.767831041793499480e-02
8.902624249458312988e-02
-1.938418149948120117e-01
1.473773831136782064e-03
1.515055894851684570e-01
-2.625788450241088867e-01
-1.207336808870707046e-02
1.892926990985870361e-01
-2.196337878704071045e-01
-2.308246984462414275e-02
2.034390270709991455e-01
-1.664175987243652344e-01
-2.878840572516594420e-02
8.495587110519409180e-02
-1.851917803287506104e-01
-1.828001930694256316e-02
1.484396755695343018e-01
-2.620452344417572021e-01
-2.936988069991741668e-02
1.875654757022857666e-01
-2.221977412700653076e-01
-3.466903164367352019e-02
2.029544711112976074e-01
-1.689345836639404297e-01
-3.644058226923618804e-02
8.923465013504028320e-02
-1.563594341278076172e-01
-3.825060396771107207e-02
1.454415321350097656e-01
-2.019678950309753418e-01
-4.614244520048771392e-02
1.807289719581604004e-01
-1.839408278465270996e-01
-4.736841961126003753e-02
1.990043818950653076e-01
-1.516510844230651855e-01
-4.694596796612415801e-02
