0.000000000000000000e+00
0.000000000000000000e+00
0.000000000000000000e+00
6.739240884780883789e-02
1.165246963500976562e-02
5.380556622981202963e-03
1.319475620985031128e-01
-2.143859863281250000e-03
-6.887870887339886394e-04
1.755818873643875122e-01
1.624619960784912109e-02
-1.362880721455894673e-02
2.096026986837387085e-01
5.051243305206298828e-02
-2.643072541570745670e-02
1.342915445566177368e-01
-1.745647192001342773e-01
7.850798482536447409e-03
1.689828187227249146e-01
-2.754218578338623047e-01
-1.336239028489671909e-02
2.003087252378463745e-01
-2.519776821136474609e-01
-3.085135046160303318e-02
2.154730707406997681e-01
-2.026777863502502441e-01
-4.016031447565637791e-02
1.168195456266403198e-01
-1.862090826034545898e-01
-9.105187205136644479e-03
1.609531193971633911e-01
-2.983597218990325928e-01
-3.043880250072561466e-02
1.985167413949966431e-01
-2.607621550559997559e-01
-4.589064169442735874e-02
2.107906192541122437e-01
-2.025231122970581055e-01
-5.318586651003442967e-02
9.884239733219146729e-02
-1.877446770668029785e-01
-2.813450556016050541e-02
1.462738364934921265e-01
-2.918434143066406250e-01
-4.671106237685762608e-02
1.879810541868209839e-01
-2.535319030284881592e-01
-5.671004701173387730e-02
2.065782099962234497e-01
-1.982498466968536377e-01
-5.978495750343881809e-02
8.236823976039886475e-02
-1.725115776062011719e-01
-4.749192047631822788e-02
1.268114298582077026e-01
-2.321884930133819580e-01
-6.254997972166620457e-02
1.643442958593368530e-01
-2.150282561779022217e-01
-6.859166297829233372e-02
1.852042526006698608e-01
-1.797587275505065918e-01
-7.011442009127222263e-02
