0.000000000000000000e+00
0.000000000000000000e+00
0.000000000000000000e+00
5.501239746809005737e-02
-3.368341922760009766e-02
-1.182606938411367992e-02
1.042110025882720947e-01
-1.205717325210571289e-01
-2.177662897040022472e-02
1.453105956315994263e-01
-1.813095211982727051e-01
-3.399425680865419963e-02
1.825076937675476074e-01
-2.161380052566528320e-01
-4.395007277955187419e-02
7.508642971515655518e-02
-3.208941221237182617e-01
-4.937125659779439957e-03
1.051239371299743652e-01
-3.636845350265502930e-01
-2.779755118419302562e-02
1.159922629594802856e-01
-2.840076088905334473e-01
-4.501597519148958781e-02
1.107353717088699341e-01
-2.220182418823242188e-01
-5.427064682473314861e-02
3.967265039682388306e-02
-3.073990345001220703e-01
-1.199399708886517146e-02
6.925914436578750610e-02
-3.287388682365417480e-01
-2.969303290475977519e-02
8.406622707843780518e-02
-2.450194954872131348e-01
-3.985695104231012920e-02
8.259633183479309082e-02
-1.870467066764831543e-01
-4.559016163577211955e-02
3.550022840499877930e-03
-2.693883180618286133e-01
-2.253588224877489665e-02
3.473193198442459106e-02
-2.707521915435791016e-01
-4.173613275517595866e-02
5.137012153863906860e-02
-2.006582617759704590e-01
-4.164076904882563213e-02
5.039063096046447754e-02
-1.519001722335815430e-01
-3.902097354759348491e-02
-3.122231364250183105e-02
-2.129088044166564941e-01
-3.447012539137972453e-02
8.272826671600341797e-04
-2.056295871734619141e-01
-4.685818712343348125e-02
1.766005158424377441e-02
-1.576153635978698730e-01
-4.258177737821711162e-02
1.935542374849319458e-02
-1.222537159919738770e-01
-3.702456067432535747e-02
