0.000000000000000000e+00
0.000000000000000000e+00
0.000000000000000000e+00
6.330317258834838867e-02
1.537841558456420898e-02
8.904365693169324913e-03
1.181070804595947266e-01
7.002830505371093750e-03
3.081886201115935364e-03
1.573597937822341919e-01
2.206099033355712891e-02
-1.012598736123493381e-02
1.895322352647781372e-01
5.503618717193603516e-02
-2.307755419896295734e-02
1.210137158632278442e-01
-1.476675271987915039e-01
1.248920044018575481e-02
1.596079915761947632e-01
-2.230441570281982422e-01
-6.679394411904127082e-03
1.849268227815628052e-01
-1.850284337997436523e-01
-2.381220379756143757e-02
1.931718140840530396e-01
-1.348916292190551758e-01
-3.357440525577715107e-02
1.068366318941116333e-01
-1.565219163894653320e-01
-5.532832014424116096e-03
1.562815457582473755e-01
-2.299147248268127441e-01
-2.415314236567667194e-02
1.844807416200637817e-01
-1.808582544326782227e-01
-3.844454431818178364e-02
1.882799416780471802e-01
-1.275981664657592773e-01
-4.572098249481371113e-02
9.359310567378997803e-02
-1.529724001884460449e-01
-2.519090579734495350e-02
1.416945904493331909e-01
-2.199633121490478516e-01
-3.863973835395029255e-02
1.743593662977218628e-01
-1.766297817230224609e-01
-4.411055439994981953e-02
1.851146072149276733e-01
-1.269210577011108398e-01
-4.561278516338518330e-02
8.090455830097198486e-02
-1.331434845924377441e-01
-4.536911019967249104e-02
1.202401369810104370e-01
-1.707680225372314453e-01
-5.512239703820398518e-02
1.518413573503494263e-01
-1.533629894256591797e-01
-5.740618998096636005e-02
1.692108064889907837e-01
-1.260226368904113770e-01
-5.729440519498041340e-02
