0.000000000000000000e+00
0.000000000000000000e+00
0.000000000000000000e+00
6.839437782764434814e-02
2.210563421249389648e-02
1.297588467818400204e-02
1.300166398286819458e-01
6.544530391693115234e-03
1.200272802483937085e-02
1.731113642454147339e-01
2.528887987136840820e-02
2.561061254112928509e-03
2.010462135076522827e-01
6.494325399398803711e-02
-6.496515513987333179e-03
1.273365169763565063e-01
-1.772480309009552002e-01
2.664965864491364300e-02
1.697553545236587524e-01
-2.387259006500244141e-01
1.401339199614426434e-02
2.011295408010482788e-01
-2.088184654712677002e-01
2.921899616410428280e-04
2.155587226152420044e-01
-1.612280011177062988e-01
-7.962600251318008304e-03
1.127735823392868042e-01
-1.919896304607391357e-01
7.888661774217098355e-03
1.693379133939743042e-01
-2.658450305461883545e-01
-5.497804300517827869e-03
2.020764797925949097e-01
-2.225502431392669678e-01
-1.716572131741145313e-02
2.107455581426620483e-01
-1.660420894622802734e-01
-2.252987857687571704e-02
1.029670089483261108e-01
-1.882892847061157227e-01
-1.262134864705899417e-02
1.616783589124679565e-01
-2.647714316844940186e-01
-2.330529402721026599e-02
1.983940154314041138e-01
-2.218922972679138184e-01
-2.883670937049487293e-02
2.121104151010513306e-01
-1.658661663532257080e-01
-3.017420593428710163e-02
9.974102675914764404e-02
-1.632724702358245850e-01
-3.358036737668612659e-02
1.521305590867996216e-01
-2.051025331020355225e-01
-4.181838121044734180e-02
1.866625994443893433e-01
-1.837574243545532227e-01
-4.380012389052012622e-02
2.055204063653945923e-01
-1.485508680343627930e-01
-4.344379614818194568e-02
