0.000000000000000000e+00
0.000000000000000000e+00
0.000000000000000000e+00
6.494681537151336670e-02
2.211755514144897461e-02
1.026715719775239677e-02
1.225033998489379883e-01
1.596981287002563477e-02
7.150388412931363291e-03
1.603733301162719727e-01
3.242218494415283203e-02
-3.715058931327064329e-03
1.893973648548126221e-01
6.509053707122802734e-02
-1.454488085880001336e-02
1.284726858139038086e-01
-1.442638039588928223e-01
1.453565535769740791e-02
1.668746173381805420e-01
-2.202116250991821289e-01
-4.942377473405201727e-03
1.906796991825103760e-01
-1.813960075378417969e-01
-2.207527766301353722e-02
1.956420540809631348e-01
-1.286139488220214844e-01
-3.131755339278896599e-02
1.127727925777435303e-01
-1.554266810417175293e-01
-3.946001085630257421e-03
1.618369221687316895e-01
-2.342361211776733398e-01
-2.498760531022270470e-02
1.886914372444152832e-01
-1.800202727317810059e-01
-4.108707132115085869e-02
1.879025697708129883e-01
-1.208407282829284668e-01
-4.855616661085804253e-02
9.811373054981231689e-02
-1.553312540054321289e-01
-2.410108493938167840e-02
1.479644477367401123e-01
-2.299920320510864258e-01
-4.052860560192783623e-02
1.792925596237182617e-01
-1.811116337776184082e-01
-4.921226473822315484e-02
1.850531995296478271e-01
-1.253463625907897949e-01
-5.164977805986126214e-02
8.479414880275726318e-02
-1.400033235549926758e-01
-4.441225054039676934e-02
1.280698180198669434e-01
-1.810492873191833496e-01
-5.814057113899906426e-02
1.608173251152038574e-01
-1.597142219543457031e-01
-6.431754203810413628e-02
1.764403581619262695e-01
-1.263335347175598145e-01
-6.615500422491749077e-02
