0.000000000000000000e+00
0.000000000000000000e+00
0.000000000000000000e+00
6.578268110752105713e-02
2.452605962753295898e-02
1.221856446333902113e-02
1.271762698888778687e-01
1.267796754837036133e-02
1.120048174031751387e-02
1.699575036764144897e-01
3.515613079071044922e-02
1.227831648222377225e-03
1.976909786462783813e-01
7.930403947830200195e-02
-8.937830390848944262e-03
1.350000947713851929e-01
-1.458630561828613281e-01
2.729561523862855665e-02
1.734002083539962769e-01
-2.174033820629119873e-01
1.508887176730411284e-02
2.011478096246719360e-01
-1.918309926986694336e-01
1.827315025522580072e-03
2.124827951192855835e-01
-1.470297574996948242e-01
-6.181189144470522479e-03
1.220628470182418823e-01
-1.624719798564910889e-01
7.780968391827514097e-03
1.697357743978500366e-01
-2.475724816322326660e-01
-6.364551192589829043e-03
2.016000598669052124e-01
-2.093561291694641113e-01
-1.927303923896772631e-02
2.092461735010147095e-01
-1.540161669254302979e-01
-2.531222841373903520e-02
1.088120192289352417e-01
-1.676600575447082520e-01
-1.392874709002001055e-02
1.605577617883682251e-01
-2.556660771369934082e-01
-2.618488139144403704e-02
1.952761858701705933e-01
-2.134081423282623291e-01
-3.381160488955003984e-02
2.068475633859634399e-01
-1.559003889560699463e-01
-3.594016871086580522e-02
9.803526103496551514e-02
-1.549674868583679199e-01
-3.596727764836771257e-02
1.471232324838638306e-01
-2.031849920749664307e-01
-4.540059930316431291e-02
1.812087446451187134e-01
-1.797886788845062256e-01
-4.892679891220552690e-02
1.984976977109909058e-01
-1.410402059555053711e-01
-4.940192616216165789e-02
