0.000000000000000000e+00
0.000000000000000000e+00
0.000000000000000000e+00
5.453899502754211426e-02
2.939975261688232422e-02
7.822962391173859942e-03
1.114540547132492065e-01
2.395093441009521484e-02
6.600001740252992022e-03
1.529955416917800903e-01
4.193675518035888672e-02
-1.824542501026371610e-03
1.824472695589065552e-01
7.611644268035888672e-02
-1.002119769623277534e-02
1.282188147306442261e-01
-1.282269656658172607e-01
2.209042842218877922e-02
1.665579527616500854e-01
-2.007198333740234375e-01
9.042589838600179064e-03
1.892697364091873169e-01
-1.763951182365417480e-01
-4.254370083117464674e-03
1.960116177797317505e-01
-1.342670023441314697e-01
-1.177471791675088753e-02
1.174014061689376831e-01
-1.425531506538391113e-01
6.283582567220946657e-03
1.627802103757858276e-01
-2.191863954067230225e-01
-7.163758476281145704e-03
1.885335594415664673e-01
-1.841140985488891602e-01
-1.958003741970060219e-02
1.923843473196029663e-01
-1.348848938941955566e-01
-2.568827671279905189e-02
1.052447110414505005e-01
-1.501834988594055176e-01
-1.192958847900627006e-02
1.539339572191238403e-01
-2.241767644882202148e-01
-2.332268012037275184e-02
1.829593032598495483e-01
-1.877413988113403320e-01
-2.973929894437787880e-02
1.920110732316970825e-01
-1.373507976531982422e-01
-3.156694685389993538e-02
9.343867003917694092e-02
-1.467256247997283936e-01
-3.081599352231023659e-02
1.353391259908676147e-01
-1.906067430973052979e-01
-3.998381187489030708e-02
1.647253781557083130e-01
-1.765843331813812256e-01
-4.324055378606317390e-02
1.800061613321304321e-01
-1.473686695098876953e-01
-4.365630363395212044e-02
