0.000000000000000000e+00
0.000000000000000000e+00
0.000000000000000000e+00
6.346015632152557373e-02
1.916623115539550781e-02
4.254879237578279572e-03
1.247191876173019409e-01
7.858455181121826172e-03
-5.409064065133861732e-04
1.673364788293838501e-01
2.698707580566406250e-02
-1.211481607197129051e-02
1.943752616643905640e-01
7.045477628707885742e-02
-2.349449759958588402e-02
1.311493068933486938e-01
-1.634188294410705566e-01
1.230749235810435493e-02
1.678373664617538452e-01
-2.468279898166656494e-01
-6.477738457306259079e-03
1.976449340581893921e-01
-2.204829752445220947e-01
-2.258140100775563042e-02
2.137935012578964233e-01
-1.721238791942596436e-01
-3.151231883703076164e-02
1.167219430208206177e-01
-1.781022846698760986e-01
-3.426905913784139557e-03
1.642134934663772583e-01
-2.748202085494995117e-01
-2.218911490081154625e-02
2.001920193433761597e-01
-2.392131388187408447e-01
-3.556115432320439140e-02
2.139120846986770630e-01
-1.831223368644714355e-01
-4.146412639556729118e-02
1.007535308599472046e-01
-1.814135015010833740e-01
-2.164590610800587456e-02
1.515904217958450317e-01
-2.731414139270782471e-01
-3.947180016575657646e-02
1.898625046014785767e-01
-2.342845499515533447e-01
-4.796827091513478081e-02
2.066421657800674438e-01
-1.768228113651275635e-01
-4.949147878824078362e-02
8.481217920780181885e-02
-1.701995432376861572e-01
-4.047642155228459160e-02
1.304283589124679565e-01
-2.230185568332672119e-01
-5.529581634937130730e-02
1.669302731752395630e-01
-2.067234218120574951e-01
-6.087226672707402031e-02
1.885791271924972534e-01
-1.713038682937622070e-01
-6.161710499463879387e-02
