0.000000000000000000e+00
0.000000000000000000e+00
0.000000000000000000e+00
6.749111413955688477e-02
-2.724945545196533203e-03
1.224017777929020667e-02
1.181182563304901123e-01
-3.371322154998779297e-02
1.072914974281502509e-02
1.604440212249755859e-01
-2.665787935256958008e-02
1.135966800916321517e-03
1.967427432537078857e-01
-6.888270378112792969e-03
-7.794083268549911736e-03
8.639186620712280273e-02
-2.076288461685180664e-01
2.054033783713293815e-02
1.351969242095947266e-01
-2.764814496040344238e-01
6.168882190081603767e-03
1.739938259124755859e-01
-2.505676150321960449e-01
-8.307473906484119652e-03
1.967785954475402832e-01
-2.107685804367065430e-01
-1.664811390003251290e-02
7.884642481803894043e-02
-2.153484821319580078e-01
3.114134133625157119e-03
1.369726061820983887e-01
-3.003934323787689209e-01
-9.579058909025661706e-03
1.793980598449707031e-01
-2.722696661949157715e-01
-2.107287029286908364e-02
2.001479566097259521e-01
-2.263375818729400635e-01
-2.742020057996796822e-02
8.049926161766052246e-02
-2.017929553985595703e-01
-1.580672728380250192e-02
1.376610398292541504e-01
-2.937642931938171387e-01
-2.578727545699166512e-02
1.794808506965637207e-01
-2.673208713531494141e-01
-3.242005611321019387e-02
2.012520134449005127e-01
-2.213238477706909180e-01
-3.511163795849370217e-02
9.288159012794494629e-02
-1.688180565834045410e-01
-3.505874628683613992e-02
1.435967683792114258e-01
-2.295814156532287598e-01
-4.187489504477071023e-02
1.802295148372650146e-01
-2.259142100811004639e-01
-4.426527599355267739e-02
2.037706077098846436e-01
-2.030136585235595703e-01
-4.483685473462628579e-02
