0.000000000000000000e+00
0.000000000000000000e+00
0.000000000000000000e+00
6.937076151371002197e-02
1.656174659729003906e-03
1.356326581127120789e-02
1.226003319025039673e-01
-2.659010887145996094e-02
1.293140907920076188e-02
1.636862009763717651e-01
-1.884180307388305664e-02
3.885787931821482744e-03
1.967307180166244507e-01
4.134297370910644531e-03
-4.433235831939441596e-03
9.899847209453582764e-02
-2.041406333446502686e-01
2.346791491991950807e-02
1.469626575708389282e-01
-2.638694643974304199e-01
9.111885699994104471e-03
1.838103383779525757e-01
-2.379382252693176270e-01
-5.187399898105127249e-03
2.048262506723403931e-01
-1.942694783210754395e-01
-1.335487163477466765e-02
8.772461116313934326e-02
-2.149082124233245850e-01
4.851879804945724572e-03
1.470562666654586792e-01
-2.948386669158935547e-01
-8.862924974792463217e-03
1.871022135019302368e-01
-2.614578604698181152e-01
-2.023401505165622893e-02
2.059725672006607056e-01
-2.095398902893066406e-01
-2.582331023030803863e-02
8.454497158527374268e-02
-2.028737068176269531e-01
-1.543926189505384627e-02
1.444817930459976196e-01
-2.892580926418304443e-01
-2.719841546230838958e-02
1.860963851213455200e-01
-2.585151195526123047e-01
-3.409101649039314452e-02
2.073731571435928345e-01
-2.079621255397796631e-01
-3.650678901784942809e-02
9.121508896350860596e-02
-1.686415374279022217e-01
-3.591511606090591613e-02
1.448187381029129028e-01
-2.212482988834381104e-01
-4.454341365807579223e-02
1.811849623918533325e-01
-2.116566598415374756e-01
-4.713480009549186889e-02
2.037256807088851929e-01
-1.842915713787078857e-01
-4.740938006752060119e-02
