0.000000000000000000e+00
0.000000000000000000e+00
0.000000000000000000e+00
5.619357526302337646e-02
-4.156100749969482422e-02
-1.479738610282765876e-02
1.159359365701675415e-01
-1.278774142265319824e-01
-3.344394019291030418e-02
1.704365015029907227e-01
-1.636879444122314453e-01
-5.444102114483939658e-02
2.275720238685607910e-01
-1.754921674728393555e-01
-7.669803997919188987e-02
5.926828086376190186e-02
-2.972526550292968750e-01
-2.519223032936679374e-02
9.590947628021240234e-02
-3.884953260421752930e-01
-5.755140385076629173e-02
1.450419723987579346e-01
-4.091750979423522949e-01
-8.342323949977981101e-02
1.878783404827117920e-01
-4.016038179397583008e-01
-9.938443204805480491e-02
3.261563181877136230e-02
-3.009859919548034668e-01
-3.744504353448974143e-02
6.783109903335571289e-02
-4.175135493278503418e-01
-6.449631354257689964e-02
1.220952123403549194e-01
-4.430387020111083984e-01
-8.294333270237075340e-02
1.673910617828369141e-01
-4.295141100883483887e-01
-9.443808099672423850e-02
9.228058159351348877e-03
-2.741322517395019531e-01
-5.262351906344520103e-02
4.070416092872619629e-02
-3.973974585533142090e-01
-7.902962467119323264e-02
9.341560304164886475e-02
-4.307109415531158447e-01
-9.164736172601806174e-02
1.395674943923950195e-01
-4.313385188579559326e-01
-9.821170321151839744e-02
-7.542967796325683594e-03
-2.181560397148132324e-01
-6.922747692510711204e-02
2.753415703773498535e-02
-3.064523339271545410e-01
-9.075157842084990989e-02
6.853157281875610352e-02
-3.352853059768676758e-01
-9.655548384830581199e-02
1.037131994962692261e-01
-3.401247859001159668e-01
-9.872591993257628928e-02
