0.000000000000000000e+00
0.000000000000000000e+00
0.000000000000000000e+00
5.327088385820388794e-02
3.951311111450195312e-03
1.463923671522593395e-03
1.140208020806312561e-01
-2.741962671279907227e-02
-5.056736224091196163e-03
1.618736460804939270e-01
-3.611671924591064453e-02
-1.631348875979199420e-02
1.993165090680122375e-01
-1.666486263275146484e-02
-2.655393926123394976e-02
1.087044253945350647e-01
-1.696794629096984863e-01
-1.075854223913097485e-03
1.470278576016426086e-01
-2.677451968193054199e-01
-2.064921630243077288e-02
1.733624413609504700e-01
-2.255177497863769531e-01
-3.543322642961754809e-02
1.775022223591804504e-01
-1.742607951164245605e-01
-4.300280397454514514e-02
9.257178753614425659e-02
-1.785451173782348633e-01
-1.418917735735192309e-02
1.404206827282905579e-01
-2.715690135955810547e-01
-3.134269004384293567e-02
1.698778644204139709e-01
-2.192748188972473145e-01
-4.237429534713044177e-02
1.702200844883918762e-01
-1.707115769386291504e-01
-4.831326117435708056e-02
7.504693418741226196e-02
-1.755714416503906250e-01
-2.896872831205143939e-02
1.223195865750312805e-01
-2.528329491615295410e-01
-4.389347618142380725e-02
1.548279300332069397e-01
-2.015749216079711914e-01
-4.803744813123955737e-02
1.625107005238533020e-01
-1.536723971366882324e-01
-4.885198658028855334e-02
5.536734312772750854e-02
-1.577761173248291016e-01
-4.416958724776520739e-02
9.678079932928085327e-02
-2.061972022056579590e-01
-5.594603826919808398e-02
1.285244300961494446e-01
-1.785456538200378418e-01
-5.728816723147645007e-02
1.410477831959724426e-01
-1.459932327270507812e-01
-5.669864376703515063e-02
