0.000000000000000000e+00
0.000000000000000000e+00
0.000000000000000000e+00
6.857755780220031738e-02
2.381610870361328125e-02
1.431603090277633328e-02
1.323781311511993408e-01
9.508848190307617188e-03
1.271477726659497876e-02
1.770610809326171875e-01
3.058254718780517578e-02
1.743291745881947463e-03
1.993318200111389160e-01
7.948964834213256836e-02
-9.027512619283584172e-03
1.326711177825927734e-01
-1.643272042274475098e-01
2.575217199883184094e-02
1.764813661575317383e-01
-2.364863157272338867e-01
1.256241941264590878e-02
2.060229778289794922e-01
-1.982618570327758789e-01
-8.945995275979612416e-04
2.157850861549377441e-01
-1.442078649997711182e-01
-8.697418371227172429e-03
1.182612180709838867e-01
-1.783171892166137695e-01
5.105263212684008067e-03
1.727628409862518311e-01
-2.588126659393310547e-01
-8.383686529484180028e-03
2.056467533111572266e-01
-2.072317898273468018e-01
-1.949108193257131916e-02
2.090734839439392090e-01
-1.476869285106658936e-01
-2.435123907962122303e-02
1.069800257682800293e-01
-1.759832203388214111e-01
-1.727963785269537311e-02
1.636763513088226318e-01
-2.566024363040924072e-01
-2.849750953355112415e-02
2.006180584430694580e-01
-2.054733037948608398e-01
-3.355221065321245533e-02
2.093909978866577148e-01
-1.472278535366058350e-01
-3.407531219163217884e-02
1.012225151062011719e-01
-1.532935500144958496e-01
-3.996844204702654224e-02
1.543158888816833496e-01
-1.966857612133026123e-01
-4.876163961925783497e-02
1.890638470649719238e-01
-1.674992144107818604e-01
-5.055034520664491993e-02
2.035925686359405518e-01
-1.271475851535797119e-01
-4.967361676135340076e-02
