0.000000000000000000e+00
0.000000000000000000e+00
0.000000000000000000e+00
6.591106951236724854e-02
2.003246545791625977e-02
1.159929951441540652e-02
1.266319006681442261e-01
5.452334880828857422e-03
1.059348696631445819e-02
1.693779677152633667e-01
1.969420909881591797e-02
1.550110888416611488e-03
1.979274600744247437e-01
5.086672306060791016e-02
-6.841996202496147816e-03
1.275349706411361694e-01
-1.775962710380554199e-01
2.455337067854657107e-02
1.702907234430313110e-01
-2.454903125762939453e-01
1.198437439066424304e-02
2.007372528314590454e-01
-2.117362022399902344e-01
-1.416397846554673379e-03
2.137802094221115112e-01
-1.632214486598968506e-01
-9.280860407528734868e-03
1.127894669771194458e-01
-1.906453371047973633e-01
6.432868091138743694e-03
1.668181568384170532e-01
-2.665207386016845703e-01
-6.149450766173458760e-03
2.005265802145004272e-01
-2.202057540416717529e-01
-1.730784679043040342e-02
2.089384943246841431e-01
-1.640798449516296387e-01
-2.266804779159770078e-02
1.019407063722610474e-01
-1.868427693843841553e-01
-1.357438786166653699e-02
1.592427045106887817e-01
-2.646717131137847900e-01
-2.446116784798846311e-02
1.972194164991378784e-01
-2.203209400177001953e-01
-3.015530945944533414e-02
2.111250907182693481e-01
-1.651284396648406982e-01
-3.149552921044573850e-02
9.626184403896331787e-02
-1.625478863716125488e-01
-3.396171236622080869e-02
1.488947719335556030e-01
-2.075304687023162842e-01
-4.259525144684062070e-02
1.843615919351577759e-01
-1.839110255241394043e-01
-4.432471746790156431e-02
2.023396044969558716e-01
-1.470899283885955811e-01
-4.351131895768389768e-02
