0.000000000000000000e+00
0.000000000000000000e+00
0.000000000000000000e+00
6.280305981636047363e-02
2.038723230361938477e-02
7.007479613861278267e-03
1.252196133136749268e-01
8.098959922790527344e-03
3.551114063924387665e-03
1.676621437072753906e-01
2.990084886550903320e-02
-7.463810553559824257e-03
1.916329860687255859e-01
7.785212993621826172e-02
-1.841015234381870869e-02
1.325864791870117188e-01
-1.519739329814910889e-01
1.717475190966410992e-02
1.701911389827728271e-01
-2.322420477867126465e-01
2.274567673197225304e-03
1.971655488014221191e-01
-2.018100023269653320e-01
-1.193216588140444401e-02
2.065449953079223633e-01
-1.519415080547332764e-01
-2.020241558344082478e-02
1.181339919567108154e-01
-1.669415831565856934e-01
9.281662354965192208e-05
1.645078957080841064e-01
-2.595966160297393799e-01
-1.741769589276032093e-02
1.963765621185302734e-01
-2.167527377605438232e-01
-3.182733297140316608e-02
2.012134194374084473e-01
-1.578827798366546631e-01
-3.845096617729382160e-02
1.034320592880249023e-01
-1.716312468051910400e-01
-1.909577525944428089e-02
1.535953581333160400e-01
-2.664161026477813721e-01
-3.428634494335369709e-02
1.898877322673797607e-01
-2.221498489379882812e-01
-4.402325168044285419e-02
2.010101675987243652e-01
-1.629227697849273682e-01
-4.700629278809742573e-02
9.048652648925781250e-02
-1.608708798885345459e-01
-3.874568879396633747e-02
1.384300291538238525e-01
-2.144582569599151611e-01
-5.093576252252773884e-02
1.734265685081481934e-01
-1.913077533245086670e-01
-5.658053844959454182e-02
1.901554465293884277e-01
-1.510596573352813721e-01
-5.818496882707790974e-02
