0.000000000000000000e+00
0.000000000000000000e+00
0.000000000000000000e+00
6.616251170635223389e-02
1.098495721817016602e-02
1.347961317021884042e-02
1.258669346570968628e-01
-5.928933620452880859e-03
1.368786155451573450e-02
1.680607944726943970e-01
1.166617870330810547e-02
5.822479661745205703e-03
1.975348144769668579e-01
4.335784912109375000e-02
-1.495083391475304779e-03
1.145809441804885864e-01
-1.882125735282897949e-01
2.827375143040455896e-02
1.585789769887924194e-01
-2.485644221305847168e-01
1.793927087653912622e-02
1.915034800767898560e-01
-2.257726192474365234e-01
6.626483455491438690e-03
2.082160562276840210e-01
-1.864896714687347412e-01
2.952870514292271764e-04
1.011518388986587524e-01
-2.025216221809387207e-01
1.033051445354260522e-02
1.582749933004379272e-01
-2.751988172531127930e-01
3.350746361121537120e-04
1.944089382886886597e-01
-2.398399114608764648e-01
-8.683023571776971039e-03
2.060492187738418579e-01
-1.894134581089019775e-01
-1.244007010738812369e-02
9.275384247303009033e-02
-1.981860399246215820e-01
-9.393265999662503418e-03
1.518617421388626099e-01
-2.759553492069244385e-01
-1.833256759475432318e-02
1.902792006731033325e-01
-2.384693324565887451e-01
-2.232566156219206732e-02
2.052077203989028931e-01
-1.866312026977539062e-01
-2.248999901841841620e-02
9.175230562686920166e-02
-1.746359169483184814e-01
-2.932369575630389136e-02
1.440888196229934692e-01
-2.241331636905670166e-01
-3.617674723993502539e-02
1.782118529081344604e-01
-2.049832344055175781e-01
-3.624314308892451209e-02
1.960098892450332642e-01
-1.714293360710144043e-01
-3.421554953585825842e-02
