0.000000000000000000e+00
0.000000000000000000e+00
0.000000000000000000e+00
6.607434153556823730e-02
1.793867349624633789e-02
1.377428498128097090e-02
1.253923773765563965e-01
3.456532955169677734e-03
1.166503213354985746e-02
1.679825186729431152e-01
1.911836862564086914e-02
1.155896931976485575e-03
1.990048885345458984e-01
4.731166362762451172e-02
-9.192926920860600148e-03
1.204855442047119141e-01
-1.782272458076477051e-01
2.001202188441197904e-02
1.671292185783386230e-01
-2.454544305801391602e-01
6.882522143513369883e-03
1.983450949192047119e-01
-2.144495844841003418e-01
-5.275304540901970540e-03
2.121578454971313477e-01
-1.683889925479888916e-01
-1.174990937104780642e-02
1.065818667411804199e-01
-1.914184093475341797e-01
8.496099082719865692e-04
1.667625904083251953e-01
-2.688712477684020996e-01
-1.087692484250624148e-02
2.006949782371520996e-01
-2.249786853790283203e-01
-1.917970098546106783e-02
2.089589536190032959e-01
-1.704634130001068115e-01
-2.245799742630083529e-02
9.748923778533935547e-02
-1.868547201156616211e-01
-1.957309164097864596e-02
1.607231199741363525e-01
-2.682144939899444580e-01
-2.929349534204561678e-02
1.973646581172943115e-01
-2.253690659999847412e-01
-3.116830356410105196e-02
2.088929712772369385e-01
-1.708720028400421143e-01
-3.001780167213041750e-02
9.497115015983581543e-02
-1.623103916645050049e-01
-4.014724597325880495e-02
1.505097150802612305e-01
-2.110792994499206543e-01
-4.824864223590452639e-02
1.853989958763122559e-01
-1.901660859584808350e-01
-4.797697171559889284e-02
2.019722759723663330e-01
-1.558342576026916504e-01
-4.553794220080931154e-02
