0.000000000000000000e+00
0.000000000000000000e+00
0.000000000000000000e+00
5.374777317047119141e-02
2.593213319778442383e-02
7.975529635899647474e-04
1.092478632926940918e-01
2.191132307052612305e-02
-5.729118386412324071e-03
1.493715345859527588e-01
4.167139530181884766e-02
-1.749033297052449143e-02
1.781566143035888672e-01
7.745528221130371094e-02
-2.888119036903447068e-02
1.246327459812164307e-01
-1.207694709300994873e-01
1.270635611248849273e-03
1.593437790870666504e-01
-2.063548862934112549e-01
-1.791719535937374985e-02
1.810149848461151123e-01
-1.773052215576171875e-01
-3.196316214850014603e-02
1.876098513603210449e-01
-1.317803263664245605e-01
-3.876896950056618607e-02
1.105883717536926270e-01
-1.367152035236358643e-01
-1.160885582318371689e-02
1.512055397033691406e-01
-2.333746552467346191e-01
-3.071180547227925217e-02
1.776235401630401611e-01
-1.936445534229278564e-01
-4.146374019434517777e-02
1.806999146938323975e-01
-1.409634649753570557e-01
-4.507271575381821549e-02
9.328114986419677734e-02
-1.427327692508697510e-01
-2.653558927228516495e-02
1.360971033573150635e-01
-2.291581332683563232e-01
-4.371006789257592118e-02
1.663827896118164062e-01
-1.893917918205261230e-01
-4.863283785631722367e-02
1.756640970706939697e-01
-1.382569968700408936e-01
-4.766171800544327652e-02
7.411506772041320801e-02
-1.364048123359680176e-01
-4.220217841317719376e-02
1.133510172367095947e-01
-1.835331320762634277e-01
-5.763496088435715592e-02
1.460300385951995850e-01
-1.649806797504425049e-01
-6.257562714269226944e-02
1.645231544971466064e-01
-1.335178613662719727e-01
-6.248064714124268448e-02
