0.000000000000000000e+00
0.000000000000000000e+00
0.000000000000000000e+00
5.089512467384338379e-02
2.842396497726440430e-02
5.288075287765536814e-03
1.078781783580780029e-01
1.739329099655151367e-02
4.178939019269023447e-03
1.494706571102142334e-01
3.444075584411621094e-02
-3.580742185064877958e-03
1.785013675689697266e-01
7.052284479141235352e-02
-1.078728576662513206e-02
1.204024553298950195e-01
-1.356700956821441650e-01
2.100761337665346673e-02
1.572248339653015137e-01
-2.087021768093109131e-01
7.237725988900933771e-03
1.832287013530731201e-01
-1.839554607868194580e-01
-6.538195903473820181e-03
1.935708522796630859e-01
-1.424580812454223633e-01
-1.413354267837974021e-02
1.111032068729400635e-01
-1.496846675872802734e-01
7.242108792937074213e-03
1.554673314094543457e-01
-2.293848991394042969e-01
-7.992297313236917944e-03
1.842874586582183838e-01
-1.919828355312347412e-01
-2.102629364939900825e-02
1.901670694351196289e-01
-1.410205960273742676e-01
-2.659991466912003943e-02
1.012246906757354736e-01
-1.566811800003051758e-01
-9.099695733809198828e-03
1.492291390895843506e-01
-2.353858649730682373e-01
-2.247722902806970069e-02
1.810579001903533936e-01
-1.966568231582641602e-01
-3.004873813601705024e-02
1.912733316421508789e-01
-1.439053416252136230e-01
-3.136097164365025947e-02
9.256774187088012695e-02
-1.517711579799652100e-01
-2.624666401656838843e-02
1.370473802089691162e-01
-1.950976848602294922e-01
-3.743205116602155158e-02
1.689160764217376709e-01
-1.735709905624389648e-01
-4.203075067611905524e-02
1.854473650455474854e-01
-1.373727917671203613e-01
-4.245028541895123908e-02
