0.000000000000000000e+00
0.000000000000000000e+00
0.000000000000000000e+00
6.692810356616973877e-02
1.388508081436157227e-02
1.330574337272594221e-02
1.204213947057723999e-01
3.973066806793212891e-03
1.002118471889446027e-02
1.581783592700958252e-01
1.669079065322875977e-02
-1.326470953685543464e-03
1.883543431758880615e-01
4.852271080017089844e-02
-1.299076140047361605e-02
1.182345449924468994e-01
-1.481357216835021973e-01
1.237888742117831953e-02
1.562607586383819580e-01
-2.243264317512512207e-01
-5.971064177614948676e-03
1.827390491962432861e-01
-1.903929114341735840e-01
-2.079949326933672182e-02
1.922821104526519775e-01
-1.428082585334777832e-01
-2.868649348737051241e-02
1.029038429260253906e-01
-1.563641428947448730e-01
-7.765546293271086142e-03
1.526592075824737549e-01
-2.331979274749755859e-01
-2.596271023274709933e-02
1.830439567565917969e-01
-1.876475214958190918e-01
-3.790675088883688204e-02
1.874886453151702881e-01
-1.353883147239685059e-01
-4.321989029766371004e-02
8.900371193885803223e-02
-1.501260995864868164e-01
-2.913431435943891756e-02
1.390823423862457275e-01
-2.165492177009582520e-01
-4.397702947379400484e-02
1.737545430660247803e-01
-1.749762892723083496e-01
-4.930445537091543429e-02
1.846827566623687744e-01
-1.263069510459899902e-01
-4.998687639952947848e-02
7.747344672679901123e-02
-1.277587413787841797e-01
-5.035596698643018954e-02
1.208331137895584106e-01
-1.680683493614196777e-01
-6.311332419635107271e-02
1.548241674900054932e-01
-1.507664918899536133e-01
-6.690045431376745455e-02
1.728192865848541260e-01
-1.222785711288452148e-01
-6.712309256316473238e-02
