0.000000000000000000e+00
0.000000000000000000e+00
0.000000000000000000e+00
6.450915336608886719e-02
2.466696500778198242e-02
1.059668258675117158e-02
1.264573037624359131e-01
1.189357042312622070e-02
9.505121306560226913e-03
1.701225340366363525e-01
3.350126743316650391e-02
-5.369643260166867549e-05
1.964510083198547363e-01
7.872283458709716797e-02
-9.550380251326373582e-03
1.341279745101928711e-01
-1.444381475448608398e-01
2.505625625052232408e-02
1.718550920486450195e-01
-2.187873423099517822e-01
1.234557134010572099e-02
1.986718475818634033e-01
-1.913922727108001709e-01
-8.855489650301251459e-04
2.086803317070007324e-01
-1.456541717052459717e-01
-8.718648656227401261e-03
1.211830377578735352e-01
-1.620874702930450439e-01
6.369002432606407638e-03
1.681181490421295166e-01
-2.517630755901336670e-01
-8.386711320795825486e-03
1.992432177066802979e-01
-2.118436694145202637e-01
-2.117882455787878371e-02
2.046847939491271973e-01
-1.554481387138366699e-01
-2.686153511605482436e-02
1.074434518814086914e-01
-1.683742105960845947e-01
-1.456992487511854506e-02
1.582717895507812500e-01
-2.591252326965332031e-01
-2.777375067672949172e-02
1.924695968627929688e-01
-2.158809900283813477e-01
-3.560238304636698103e-02
2.024181485176086426e-01
-1.582701206207275391e-01
-3.746087449691515303e-02
9.596866369247436523e-02
-1.572843790054321289e-01
-3.591120216152887679e-02
1.441273093223571777e-01
-2.068512141704559326e-01
-4.644555944106798506e-02
1.778429150581359863e-01
-1.826847195625305176e-01
-5.056465762756090498e-02
1.942422091960906982e-01
-1.433370709419250488e-01
-5.114825788042764998e-02
