0.000000000000000000e+00
0.000000000000000000e+00
0.000000000000000000e+00
6.649526953697204590e-02
7.125735282897949219e-04
1.161164864376473815e-02
1.146695315837860107e-01
-2.605926990509033203e-02
8.861024672540906977e-03
1.550382375717163086e-01
-1.655209064483642578e-02
-2.233680063483234335e-03
1.904367506504058838e-01
2.143800258636474609e-03
-1.272384468987297623e-02
8.299583196640014648e-02
-2.046308517456054688e-01
2.104751094654488952e-02
1.335284411907196045e-01
-2.681030333042144775e-01
7.153471740338090967e-03
1.718215346336364746e-01
-2.409673035144805908e-01
-7.127526873347278524e-03
1.932822167873382568e-01
-1.999708116054534912e-01
-1.535305586233448594e-02
7.604160904884338379e-02
-2.137434184551239014e-01
3.785826772826794695e-03
1.358152627944946289e-01
-2.933239638805389404e-01
-7.865053793040033270e-03
1.764107048511505127e-01
-2.636093497276306152e-01
-1.835956723019194214e-02
1.952800452709197998e-01
-2.181274294853210449e-01
-2.429840826019358246e-02
7.871749997138977051e-02
-2.010718882083892822e-01
-1.510116756483625977e-02
1.378519535064697266e-01
-2.896242141723632812e-01
-2.466603853329729645e-02
1.785019934177398682e-01
-2.608396112918853760e-01
-3.019928858205389588e-02
1.983578205108642578e-01
-2.127891480922698975e-01
-3.217969202026438325e-02
9.259986877441406250e-02
-1.693140566349029541e-01
-3.441359215005945771e-02
1.454560160636901855e-01
-2.278655171394348145e-01
-4.116976000889849274e-02
1.808483302593231201e-01
-2.196539342403411865e-01
-4.258276634439539521e-02
2.026927769184112549e-01
-1.930421590805053711e-01
-4.232674204334330170e-02
