0.000000000000000000e+00
0.000000000000000000e+00
0.000000000000000000e+00
6.358879804611206055e-02
1.982361078262329102e-02
1.436094161083190102e-02
1.172086596488952637e-01
3.160178661346435547e-03
1.493014920463053841e-02
1.564760208129882812e-01
1.031357049942016602e-02
6.836676634449645462e-03
1.849218308925628662e-01
4.082500934600830078e-02
-1.197592225324228821e-03
1.173691451549530029e-01
-1.517992317676544189e-01
2.561893094291178841e-02
1.592686176300048828e-01
-2.112630009651184082e-01
1.286160167266814369e-02
1.876997351646423340e-01
-1.771206557750701904e-01
-1.602180864921365355e-04
1.977057158946990967e-01
-1.287626326084136963e-01
-7.412265856217459259e-03
1.049227714538574219e-01
-1.668488383293151855e-01
6.844652015317365112e-03
1.575934588909149170e-01
-2.362771034240722656e-01
-7.463665549110487518e-03
1.879064738750457764e-01
-1.906594634056091309e-01
-1.882188055704148155e-02
1.927784681320190430e-01
-1.354513466358184814e-01
-2.360471744130165916e-02
9.552204608917236328e-02
-1.670143604278564453e-01
-1.360155675600083214e-02
1.515169441699981689e-01
-2.421155273914337158e-01
-2.602452632079632622e-02
1.852429211139678955e-01
-1.973934471607208252e-01
-3.190582092891247612e-02
1.942159533500671387e-01
-1.423833668231964111e-01
-3.290675800333531242e-02
9.088397026062011719e-02
-1.482950150966644287e-01
-3.402693416963131767e-02
1.432030498981475830e-01
-1.853889226913452148e-01
-4.501141455064328056e-02
1.770741939544677734e-01
-1.589651405811309814e-01
-4.862822439561398369e-02
1.931586563587188721e-01
-1.210134923458099365e-01
-4.885381307492764336e-02
