0.000000000000000000e+00
0.000000000000000000e+00
0.000000000000000000e+00
5.990022420883178711e-02
1.876956224441528320e-02
9.975747028889259127e-03
1.169847548007965088e-01
1.215934753417968750e-03
1.072945428133209589e-02
1.580489873886108398e-01
9.321153163909912109e-03
3.710196409898003367e-03
1.886216700077056885e-01
3.971129655838012695e-02
-2.373211727885404798e-03
1.222963631153106689e-01
-1.623286008834838867e-01
2.536124159634312036e-02
1.594471633434295654e-01
-2.400607466697692871e-01
1.075492874771555307e-02
1.877352893352508545e-01
-2.101757228374481201e-01
-3.131735780684152815e-03
1.990878283977508545e-01
-1.613081693649291992e-01
-1.021856646001140234e-02
1.103054583072662354e-01
-1.765410304069519043e-01
9.406085880996783999e-03
1.551370322704315186e-01
-2.638641297817230225e-01
-5.490406592784324857e-03
1.878594458103179932e-01
-2.235037386417388916e-01
-1.715955714642802832e-02
1.966775357723236084e-01
-1.679149568080902100e-01
-2.145665715396205542e-02
1.000569164752960205e-01
-1.764818727970123291e-01
-9.019406688807407591e-03
1.483555436134338379e-01
-2.622438371181488037e-01
-2.271270210802356360e-02
1.842811107635498047e-01
-2.227887213230133057e-01
-2.904597501218120215e-02
1.974503993988037109e-01
-1.675925552845001221e-01
-2.911086956918040869e-02
9.381240606307983398e-02
-1.585168540477752686e-01
-2.791468444227973578e-02
1.401197612285614014e-01
-2.037906944751739502e-01
-3.993227350473205206e-02
1.751881837844848633e-01
-1.829025149345397949e-01
-4.434305819630424139e-02
1.946268677711486816e-01
-1.467059552669525146e-01
-4.407911765336791632e-02
