0.000000000000000000e+00
0.000000000000000000e+00
0.000000000000000000e+00
5.358761548995971680e-02
2.549371123313903809e-02
4.006356817242817669e-03
1.106693446636199951e-01
2.150109410285949707e-02
1.412413417511970692e-04
1.504601240158081055e-01
4.228332638740539551e-02
-9.718087151142640323e-03
1.757692694664001465e-01
8.222475647926330566e-02
-1.892991887727646372e-02
1.256509125232696533e-01
-1.203638315200805664e-01
8.845900536087469845e-03
1.608808040618896484e-01
-2.086209654808044434e-01
-8.150044477972073764e-03
1.811378002166748047e-01
-1.765403747558593750e-01
-2.122157218256859323e-02
1.828194260597229004e-01
-1.290651261806488037e-01
-2.733944321373371622e-02
1.122793257236480713e-01
-1.351352930068969727e-01
-4.997985086831135959e-03
1.542654335498809814e-01
-2.296919822692871094e-01
-2.213012392023472330e-02
1.787202954292297363e-01
-1.875113248825073242e-01
-3.262485528686909220e-02
1.767473816871643066e-01
-1.361324191093444824e-01
-3.615380043486027262e-02
9.663236141204833984e-02
-1.427375376224517822e-01
-2.104180829921631357e-02
1.407732367515563965e-01
-2.287127375602722168e-01
-3.684454376200108072e-02
1.686040461063385010e-01
-1.860602200031280518e-01
-4.202083835700420877e-02
1.729190647602081299e-01
-1.346901357173919678e-01
-4.128363693455128214e-02
7.923498749732971191e-02
-1.398558020591735840e-01
-3.766299004057316324e-02
1.186195313930511475e-01
-1.844349205493927002e-01
-5.267144332030682108e-02
1.493632197380065918e-01
-1.611424684524536133e-01
-5.814884567955402872e-02
1.639375090599060059e-01
-1.266486346721649170e-01
-5.852818081477551004e-02
