0.000000000000000000e+00
0.000000000000000000e+00
0.000000000000000000e+00
6.809526681900024414e-02
2.046310901641845703e-02
1.329267895934549415e-02
1.309605240821838379e-01
7.153868675231933594e-03
1.218647356299129569e-02
1.756480038166046143e-01
2.738553285598754883e-02
2.582697990959559320e-03
2.017067968845367432e-01
6.993114948272705078e-02
-6.730465822244013907e-03
1.258301436901092529e-01
-1.754621267318725586e-01
2.493042810974088752e-02
1.712385416030883789e-01
-2.400313019752502441e-01
1.136530223456588828e-02
2.046513259410858154e-01
-2.078947722911834717e-01
-2.344872009331311347e-03
2.194408774375915527e-01
-1.567399799823760986e-01
-9.982713170671786429e-03
1.128647625446319580e-01
-1.889289915561676025e-01
6.017506915753756402e-03
1.721908748149871826e-01
-2.634480297565460205e-01
-7.888122134232844473e-03
2.081840634346008301e-01
-2.187843024730682373e-01
-1.934328921916517174e-02
2.162831425666809082e-01
-1.596624255180358887e-01
-2.398099810662301934e-02
1.040066778659820557e-01
-1.827583014965057373e-01
-1.449844953449996865e-02
1.636360585689544678e-01
-2.594854831695556641e-01
-2.556999460639985955e-02
2.033317387104034424e-01
-2.156007587909698486e-01
-3.116520740869077599e-02
2.169721126556396484e-01
-1.578558981418609619e-01
-3.189736665072473443e-02
1.011190712451934814e-01
-1.553076207637786865e-01
-3.529409007015260613e-02
1.543263494968414307e-01
-1.997311711311340332e-01
-4.409761414709123528e-02
1.906808614730834961e-01
-1.767129302024841309e-01
-4.622568623008760369e-02
2.097361087799072266e-01
-1.383365988731384277e-01
-4.525237218322786248e-02
