0.000000000000000000e+00
0.000000000000000000e+00
0.000000000000000000e+00
6.720469892024993896e-02
1.401501893997192383e-02
1.292039903221109398e-02
1.278371065855026245e-01
-8.366942405700683594e-03
1.115678513762929924e-02
1.712721139192581177e-01
4.563748836517333984e-03
1.681280856629996379e-03
2.005595415830612183e-01
3.606683015823364258e-02
-7.531226311201066892e-03
1.138922721147537231e-01
-1.967364251613616943e-01
1.857824793425777443e-02
1.625844091176986694e-01
-2.589161992073059082e-01
4.780872095054178317e-03
1.991577595472335815e-01
-2.303101122379302979e-01
-8.687402285957546155e-03
2.185374051332473755e-01
-1.853241026401519775e-01
-1.665064895185253135e-02
9.970490634441375732e-02
-2.068052589893341064e-01
-5.456429685892771886e-04
1.631898730993270874e-01
-2.795994579792022705e-01
-1.434232124718448631e-02
2.021262794733047485e-01
-2.388897240161895752e-01
-2.504792080851814262e-02
2.155060917139053345e-01
-1.853682994842529297e-01
-3.013551996680519096e-02
9.210552275180816650e-02
-1.967491209506988525e-01
-2.088643068107387535e-02
1.548139303922653198e-01
-2.751824855804443359e-01
-3.171432220968029014e-02
1.970297247171401978e-01
-2.368204295635223389e-01
-3.697918558152935020e-02
2.153449505567550659e-01
-1.843541860580444336e-01
-3.868415781887790672e-02
9.207238256931304932e-02
-1.657355427742004395e-01
-4.144348779352924339e-02
1.454728692770004272e-01
-2.150134444236755371e-01
-5.016582289370319359e-02
1.821595579385757446e-01
-1.997157335281372070e-01
-5.213384160431644432e-02
2.027104347944259644e-01
-1.690109670162200928e-01
-5.197688022288105003e-02
