0.000000000000000000e+00
0.000000000000000000e+00
0.000000000000000000e+00
6.518101692199707031e-02
2.578556537628173828e-03
1.153499357501175382e-02
1.156330406665802002e-01
-2.330070734024047852e-02
8.832372763251328251e-03
1.571884155273437500e-01
-1.358908414840698242e-02
-1.917313978950119235e-03
1.916539967060089111e-01
3.731191158294677734e-03
-1.185457684000823519e-02
8.507752418518066406e-02
-1.994113028049468994e-01
2.060449127206709363e-02
1.369310915470123291e-01
-2.568083703517913818e-01
5.804421418403649113e-03
1.750666499137878418e-01
-2.281208634376525879e-01
-9.175284727419352748e-03
1.967548727989196777e-01
-1.846128404140472412e-01
-1.783642914047334216e-02
7.730448246002197266e-02
-2.098086476325988770e-01
3.188210810591840527e-03
1.376543343067169189e-01
-2.861117124557495117e-01
-1.062939684739205859e-02
1.792314350605010986e-01
-2.541172504425048828e-01
-2.198336828401181720e-02
1.994141042232513428e-01
-2.043615281581878662e-01
-2.784790094843003772e-02
7.868400216102600098e-02
-1.980167329311370850e-01
-1.584485914459321521e-02
1.384377181529998779e-01
-2.820142507553100586e-01
-2.688445147028062365e-02
1.795291602611541748e-01
-2.525997459888458252e-01
-3.274856317689511798e-02
2.004045844078063965e-01
-2.034734785556793213e-01
-3.466909188678357623e-02
9.094002842903137207e-02
-1.663418412208557129e-01
-3.529775325110051654e-02
1.430730223655700684e-01
-2.184605896472930908e-01
-4.317389983584973834e-02
1.781966388225555420e-01
-2.105308473110198975e-01
-4.538626778771970294e-02
2.010754644870758057e-01
-1.851845383644104004e-01
-4.553419534018132708e-02
