0.000000000000000000e+00
0.000000000000000000e+00
0.000000000000000000e+00
6.727297604084014893e-02
1.297336816787719727e-02
1.379116651847311914e-02
1.216050833463668823e-01
-9.559273719787597656e-03
1.304758274241635263e-02
1.624979227781295776e-01
-9.942054748535156250e-05
3.926933549934119583e-03
1.938317865133285522e-01
2.870965003967285156e-02
-4.647905200130253434e-03
1.069188863039016724e-01
-1.821996569633483887e-01
2.374078267499157846e-02
1.528119891881942749e-01
-2.372593581676483154e-01
1.064491019829461038e-02
1.848162859678268433e-01
-2.027377784252166748e-01
-2.755122685215383171e-03
2.006375044584274292e-01
-1.554618477821350098e-01
-1.072353376761725485e-02
9.565134346485137939e-02
-1.940542459487915039e-01
4.957237087779731155e-03
1.537681668996810913e-01
-2.605633437633514404e-01
-7.050479489720373749e-03
1.889944821596145630e-01
-2.192622423171997070e-01
-1.680380358115485251e-02
2.022216767072677612e-01
-1.668407917022705078e-01
-2.179651773289492667e-02
9.016041457653045654e-02
-1.848028600215911865e-01
-1.544426633731177390e-02
1.503362208604812622e-01
-2.520675957202911377e-01
-2.541878326550772726e-02
1.876486688852310181e-01
-2.134777605533599854e-01
-2.974071792081645071e-02
2.033552378416061401e-01
-1.618919372558593750e-01
-3.101795046345046103e-02
9.205673635005950928e-02
-1.538773179054260254e-01
-3.616628675476363242e-02
1.445553153753280640e-01
-1.925042867660522461e-01
-4.388972996488860190e-02
1.783239096403121948e-01
-1.748162209987640381e-01
-4.511058955208113730e-02
1.970388740301132202e-01
-1.439486145973205566e-01
-4.466365902439406455e-02
