0.000000000000000000e+00
0.000000000000000000e+00
0.000000000000000000e+00
6.783241033554077148e-02
2.097254991531372070e-02
1.316605401201798031e-02
1.308342814445495605e-01
5.319237709045410156e-03
1.073960759653402874e-02
1.752378642559051514e-01
2.297824621200561523e-02
-2.942292138499169596e-04
2.016284167766571045e-01
6.444960832595825195e-02
-1.084255534247802188e-02
1.273045837879180908e-01
-1.776384711265563965e-01
2.287503038509441922e-02
1.732066571712493896e-01
-2.437362670898437500e-01
9.073087805646196102e-03
2.056417167186737061e-01
-2.099189460277557373e-01
-4.285657918316587711e-03
2.195132076740264893e-01
-1.595143079757690430e-01
-1.189066576795028141e-02
1.128199100494384766e-01
-1.907699108123779297e-01
3.139064041661754345e-03
1.727776527404785156e-01
-2.658661007881164551e-01
-1.036123666004584720e-02
2.081042230129241943e-01
-2.195521891117095947e-01
-2.003071564273284366e-02
2.167353332042694092e-01
-1.628814935684204102e-01
-2.383088986412928989e-02
1.028913557529449463e-01
-1.849711835384368896e-01
-1.827614861564086368e-02
1.656414866447448730e-01
-2.609282135963439941e-01
-2.919182661013053348e-02
2.041904628276824951e-01
-2.150495648384094238e-01
-3.210077914432929447e-02
2.174040377140045166e-01
-1.586985588073730469e-01
-3.132885429100440433e-02
9.902018308639526367e-02
-1.580188870429992676e-01
-4.015264767245696476e-02
1.537856757640838623e-01
-2.002370357513427734e-01
-4.852633285359786441e-02
1.895636618137359619e-01
-1.785695552825927734e-01
-4.904179754690574100e-02
2.078400254249572754e-01
-1.445420384407043457e-01
-4.721577572659896305e-02
