0.000000000000000000e+00
0.000000000000000000e+00
0.000000000000000000e+00
6.871482729911804199e-02
6.777584552764892578e-03
1.141242777200091041e-02
1.261777281761169434e-01
-1.714438199996948242e-02
1.019936335475790656e-02
1.687130033969879150e-01
-5.060315132141113281e-03
9.750594731201545073e-04
2.004103660583496094e-01
2.292931079864501953e-02
-7.656175631865380637e-03
1.109703481197357178e-01
-1.938653588294982910e-01
2.291238495351421989e-02
1.554486453533172607e-01
-2.572883367538452148e-01
7.920217711642862923e-03
1.894429624080657959e-01
-2.283720970153808594e-01
-7.319371204658864372e-03
2.073282897472381592e-01
-1.807799339294433594e-01
-1.603006011603724801e-02
9.805488586425781250e-02
-2.051144242286682129e-01
5.308990378097178109e-03
1.529614031314849854e-01
-2.838548719882965088e-01
-9.345203626736520164e-03
1.904889643192291260e-01
-2.471210360527038574e-01
-2.221295981465232217e-02
2.070159018039703369e-01
-1.936429440975189209e-01
-2.872066384909999215e-02
9.104943275451660156e-02
-1.965233981609344482e-01
-1.423473561911237084e-02
1.483715176582336426e-01
-2.808829545974731445e-01
-2.684444560466658913e-02
1.890060901641845703e-01
-2.463145852088928223e-01
-3.514760172723185860e-02
2.089920938014984131e-01
-1.930975615978240967e-01
-3.832924551127803170e-02
9.177637100219726562e-02
-1.662334203720092773e-01
-3.410143217800509774e-02
1.451531946659088135e-01
-2.141800820827484131e-01
-4.392549953220736825e-02
1.827273070812225342e-01
-2.007358670234680176e-01
-4.793884045241725289e-02
2.055578529834747314e-01
-1.697545945644378662e-01
-4.909173956869494759e-02
