0.000000000000000000e+00
0.000000000000000000e+00
0.000000000000000000e+00
6.687508523464202881e-02
2.220964431762695312e-02
1.128274195831124871e-02
1.292233318090438843e-01
8.049070835113525391e-03
9.196510473302055289e-03
1.735516041517257690e-01
2.670031785964965820e-02
-1.123365545609544824e-03
2.012432366609573364e-01
6.992930173873901367e-02
-1.084056596268112571e-02
1.269365698099136353e-01
-1.738665997982025146e-01
2.338071533482377617e-02
1.714131683111190796e-01
-2.399478554725646973e-01
9.562766114285636831e-03
2.032764106988906860e-01
-2.073794305324554443e-01
-4.046730762311767648e-03
2.173930555582046509e-01
-1.568759679794311523e-01
-1.166006836105282218e-02
1.130190044641494751e-01
-1.887169480323791504e-01
5.397614492139268805e-03
1.711095124483108521e-01
-2.644930183887481689e-01
-8.451528912374328684e-03
2.061253935098648071e-01
-2.203545570373535156e-01
-1.903381205160314948e-02
2.152563482522964478e-01
-1.629454493522644043e-01
-2.316474921066458137e-02
1.032967418432235718e-01
-1.840859651565551758e-01
-1.446617028672392280e-02
1.640453785657882690e-01
-2.615920901298522949e-01
-2.598446986634428413e-02
2.022944837808609009e-01
-2.172851264476776123e-01
-3.060022375542814643e-02
2.160699218511581421e-01
-1.604292988777160645e-01
-3.058723180551226051e-02
9.973959624767303467e-02
-1.583301723003387451e-01
-3.484858020205194862e-02
1.538383811712265015e-01
-2.007109522819519043e-01
-4.370800225991899879e-02
1.896225363016128540e-01
-1.776184141635894775e-01
-4.522735073227579505e-02
2.085205167531967163e-01
-1.407888829708099365e-01
-4.385716288346941383e-02
