0.000000000000000000e+00
0.000000000000000000e+00
0.000000000000000000e+00
6.344394385814666748e-02
2.125936746597290039e-02
1.448496095726170552e-02
1.209725886583328247e-01
4.614293575286865234e-03
1.554636973777689946e-02
1.621681898832321167e-01
1.327025890350341797e-02
7.806775997224235653e-03
1.885497421026229858e-01
4.797923564910888672e-02
1.737994101773665534e-04
1.203226298093795776e-01
-1.517292559146881104e-01
2.971361707786002171e-02
1.624871939420700073e-01
-2.070661485195159912e-01
1.884681302944102299e-02
1.917103976011276245e-01
-1.743163168430328369e-01
6.515975947323227047e-03
2.028467208147048950e-01
-1.276333332061767578e-01
-8.570513233365772976e-04
1.083757430315017700e-01
-1.669367253780364990e-01
1.064986027667202961e-02
1.621218770742416382e-01
-2.323625683784484863e-01
-2.035993478429531933e-03
1.929431110620498657e-01
-1.868587136268615723e-01
-1.343361623695216167e-02
1.981141418218612671e-01
-1.320440173149108887e-01
-1.847842205425820339e-02
9.886117279529571533e-02
-1.673813164234161377e-01
-1.019996926298460949e-02
1.556235998868942261e-01
-2.374938130378723145e-01
-2.162497360369286525e-02
1.894441992044448853e-01
-1.908793449401855469e-01
-2.724582199117264736e-02
1.983775049448013306e-01
-1.356038153171539307e-01
-2.819423806032261837e-02
9.363658726215362549e-02
-1.490774750709533691e-01
-3.113117311259827602e-02
1.466581672430038452e-01
-1.837189197540283203e-01
-4.098019804915509212e-02
1.795896440744400024e-01
-1.554211080074310303e-01
-4.386644866427502620e-02
1.946604102849960327e-01
-1.169642210006713867e-01
-4.377290662488064754e-02
