0.000000000000000000e+00
0.000000000000000000e+00
0.000000000000000000e+00
5.965769290924072266e-02
2.555286884307861328e-02
6.537282234646113466e-03
1.164753139019012451e-01
1.974672079086303711e-02
4.182685493148596834e-03
1.573941707611083984e-01
3.645884990692138672e-02
-4.951962874613968779e-03
1.835241317749023438e-01
7.498830556869506836e-02
-1.372624854498383229e-02
1.277207434177398682e-01
-1.239852011203765869e-01
1.318754055596116359e-02
1.632894277572631836e-01
-2.112689614295959473e-01
-3.708175522618262221e-03
1.869070529937744141e-01
-1.821146011352539062e-01
-1.742482664936062520e-02
1.931124925613403320e-01
-1.351557374000549316e-01
-2.417460749798294728e-02
1.150886714458465576e-01
-1.387148201465606689e-01
-2.146134059287874152e-03
1.573809087276458740e-01
-2.336910367012023926e-01
-1.949000465624806111e-02
1.863996684551239014e-01
-1.948840022087097168e-01
-3.130701477580544179e-02
1.896510720252990723e-01
-1.427982449531555176e-01
-3.592721666150566762e-02
1.006782650947570801e-01
-1.450330615043640137e-01
-1.968390974157330220e-02
1.467665731906890869e-01
-2.312458157539367676e-01
-3.585083330922600453e-02
1.788164973258972168e-01
-1.908322870731353760e-01
-4.291063840442177479e-02
1.870909929275512695e-01
-1.382134854793548584e-01
-4.340616161876198476e-02
8.605977892875671387e-02
-1.386271715164184570e-01
-3.755753780656334584e-02
1.298256218433380127e-01
-1.860726177692413330e-01
-5.180035824828621571e-02
1.631514430046081543e-01
-1.625802814960479736e-01
-5.724432985239502614e-02
1.796269416809082031e-01
-1.256200075149536133e-01
-5.776056195550438588e-02
