0.000000000000000000e+00
0.000000000000000000e+00
0.000000000000000000e+00
6.540277600288391113e-02
2.019447088241577148e-02
1.470822074293209880e-02
1.198819279670715332e-01
5.629301071166992188e-03
1.487038076697899669e-02
1.602416634559631348e-01
1.604783535003662109e-02
5.919849284282463486e-03
1.883623003959655762e-01
4.868823289871215820e-02
-2.946233825468880241e-03
1.160215437412261963e-01
-1.543044447898864746e-01
2.751148843049122661e-02
1.596210300922393799e-01
-2.136587202548980713e-01
1.436614875524355739e-02
1.896088421344757080e-01
-1.792351901531219482e-01
8.480806889110681368e-04
2.004604041576385498e-01
-1.301063597202301025e-01
-6.647372834095222061e-03
1.038304865360260010e-01
-1.685296893119812012e-01
8.120365225067871506e-03
1.589017808437347412e-01
-2.359276413917541504e-01
-6.505733571657401626e-03
1.904978454113006592e-01
-1.876332163810729980e-01
-1.824132933438704640e-02
1.963385939598083496e-01
-1.311791539192199707e-01
-2.309056765557215840e-02
9.581479430198669434e-02
-1.670630872249603271e-01
-1.308827496291087300e-02
1.539457142353057861e-01
-2.397462427616119385e-01
-2.523555069387839467e-02
1.889585554599761963e-01
-1.928322911262512207e-01
-3.088512479484961659e-02
1.984514892101287842e-01
-1.364554762840270996e-01
-3.163293956936286122e-02
9.310027956962585449e-02
-1.460525691509246826e-01
-3.443826570332930714e-02
1.461050212383270264e-01
-1.836951971054077148e-01
-4.467483072698996693e-02
1.800633966922760010e-01
-1.567152738571166992e-01
-4.772247581900046498e-02
1.958494484424591064e-01
-1.180721521377563477e-01
-4.755644335568831593e-02
