0.000000000000000000e+00
0.000000000000000000e+00
0.000000000000000000e+00
5.847299098968505859e-02
2.549386024475097656e-02
4.807903348904574159e-03
1.163737475872039795e-01
1.230883598327636719e-02
2.956886926170909646e-03
1.596590280532836914e-01
2.722561359405517578e-02
-5.561994471150910613e-03
1.887441575527191162e-01
6.453007459640502930e-02
-1.349705139969614720e-02
1.328589320182800293e-01
-1.304561197757720947e-01
1.756522935951920772e-02
1.666055321693420410e-01
-2.074960768222808838e-01
1.824690062989020589e-03
1.902276277542114258e-01
-1.806385219097137451e-01
-1.295907105182436680e-02
1.973578631877899170e-01
-1.347859203815460205e-01
-2.104735615526465153e-02
1.193706095218658447e-01
-1.496511399745941162e-01
3.873195882391655687e-03
1.601521670818328857e-01
-2.392980158329010010e-01
-1.287212370758084035e-02
1.875998675823211670e-01
-2.016281783580780029e-01
-2.569071072016981816e-02
1.925047338008880615e-01
-1.482275724411010742e-01
-3.122855032657412266e-02
1.047321856021881104e-01
-1.571371555328369141e-01
-1.247745993410376286e-02
1.502054035663604736e-01
-2.470736801624298096e-01
-2.865362035905150151e-02
1.813472807407379150e-01
-2.077307701110839844e-01
-3.715457077001360631e-02
1.911693811416625977e-01
-1.518332362174987793e-01
-3.886874819968966221e-02
9.026756882667541504e-02
-1.495275795459747314e-01
-2.943240905975130772e-02
1.339491307735443115e-01
-1.929888129234313965e-01
-4.389650429462221837e-02
1.673782467842102051e-01
-1.698832213878631592e-01
-5.081696490620402074e-02
1.862497031688690186e-01
-1.310886144638061523e-01
-5.265764574383524632e-02
