0.000000000000000000e+00
0.000000000000000000e+00
0.000000000000000000e+00
6.679542362689971924e-02
1.939201354980468750e-02
1.412247460569915347e-02
1.255911141633987427e-01
5.263864994049072266e-03
1.276470780607041888e-02
1.670847684144973755e-01
2.124446630477905273e-02
3.075664530058475066e-03
1.978421658277511597e-01
5.187046527862548828e-02
-6.207167969535021257e-03
1.212229579687118530e-01
-1.797585487365722656e-01
2.236069891836223178e-02
1.672775298357009888e-01
-2.434940636157989502e-01
9.816498162706466246e-03
1.987974494695663452e-01
-2.118595540523529053e-01
-2.363313555235890817e-03
2.124025970697402954e-01
-1.653303503990173340e-01
-9.001301934461025667e-03
1.066194623708724976e-01
-1.936715245246887207e-01
3.247133123238654662e-03
1.667197197675704956e-01
-2.667851746082305908e-01
-8.547566232721237611e-03
2.005521506071090698e-01
-2.210099101066589355e-01
-1.738521676276150174e-02
2.076986581087112427e-01
-1.658943593502044678e-01
-2.095933291826668210e-02
9.761010110378265381e-02
-1.879445910453796387e-01
-1.718122545395317502e-02
1.599085479974746704e-01
-2.642575800418853760e-01
-2.690506387267532773e-02
1.968698650598526001e-01
-2.193356156349182129e-01
-2.952714297686043210e-02
2.083140462636947632e-01
-1.649192273616790771e-01
-2.889733981106701322e-02
9.572736918926239014e-02
-1.613731086254119873e-01
-3.773559290681305356e-02
1.508465260267257690e-01
-2.075036168098449707e-01
-4.561626571927490659e-02
1.854713112115859985e-01
-1.842480599880218506e-01
-4.550362039123001523e-02
2.020806819200515747e-01
-1.490828394889831543e-01
-4.327099058542671628e-02
