0.000000000000000000e+00
0.000000000000000000e+00
0.000000000000000000e+00
6.216128170490264893e-02
2.253955602645874023e-02
1.163888097806875521e-02
1.186024397611618042e-01
6.460309028625488281e-03
1.066882097228472048e-02
1.596661955118179321e-01
1.499718427658081055e-02
1.578143137237475457e-03
1.882483214139938354e-01
4.534989595413208008e-02
-7.316511784949852881e-03
1.184539049863815308e-01
-1.542965173721313477e-01
2.351796747251455599e-02
1.610662788152694702e-01
-2.144961953163146973e-01
1.059039522959892565e-02
1.902074664831161499e-01
-1.820503175258636475e-01
-2.827702285060240683e-03
2.011046558618545532e-01
-1.349811255931854248e-01
-1.054561576739843076e-02
1.054384261369705200e-01
-1.684063673019409180e-01
5.847029193034813943e-03
1.593222469091415405e-01
-2.369508445262908936e-01
-8.845132504859520850e-03
1.901817470788955688e-01
-1.901951134204864502e-01
-2.081857687727506345e-02
1.964273899793624878e-01
-1.348499655723571777e-01
-2.606819263593251890e-02
9.582455456256866455e-02
-1.682583391666412354e-01
-1.360015357778365797e-02
1.528017967939376831e-01
-2.430584132671356201e-01
-2.591780080393846220e-02
1.872228831052780151e-01
-1.969813704490661621e-01
-3.181173159674699491e-02
1.973772197961807251e-01
-1.410053074359893799e-01
-3.294806434706742948e-02
9.095095098018646240e-02
-1.493340134620666504e-01
-3.333147494987542814e-02
1.434760838747024536e-01
-1.864006221294403076e-01
-4.373798026637132352e-02
1.772508770227432251e-01
-1.601531207561492920e-01
-4.702343298987443632e-02
1.935186237096786499e-01
-1.224959790706634521e-01
-4.719833536938722318e-02
