0.000000000000000000e+00
0.000000000000000000e+00
0.000000000000000000e+00
7.683828473091125488e-02
-6.228381395339965820e-02
6.788692213376634754e-03
1.467102766036987305e-01
-1.385318040847778320e-01
-1.650409647481865250e-03
2.054120302200317383e-01
-1.547259688377380371e-01
-1.799523945919645485e-02
2.562592029571533203e-01
-1.467023491859436035e-01
-3.577662561110628303e-02
1.032526642084121704e-01
-2.919713258743286133e-01
1.070799097396957222e-02
1.287697851657867432e-01
-3.960634171962738037e-01
-1.313835125438345131e-02
1.726359724998474121e-01
-4.152286946773529053e-01
-3.475300896934641059e-02
2.148460745811462402e-01
-4.063973426818847656e-01
-4.787538874916208442e-02
8.371461927890777588e-02
-2.954164147377014160e-01
-8.622711748103029095e-03
1.115660965442657471e-01
-4.230066537857055664e-01
-2.971539203099382576e-02
1.608249843120574951e-01
-4.456268846988677979e-01
-4.809722978643549141e-02
2.030686140060424805e-01
-4.282337129116058350e-01
-5.934159014395845588e-02
6.372651457786560059e-02
-2.851473689079284668e-01
-3.016074117294920143e-02
9.390228986740112305e-02
-4.182367026805877686e-01
-5.069788474611414131e-02
1.474472582340240479e-01
-4.383539259433746338e-01
-6.411458853654039558e-02
1.929869353771209717e-01
-4.211440682411193848e-01
-7.055041495732439216e-02
4.864086210727691650e-02
-2.554472684860229492e-01
-5.188524279765260871e-02
8.659233152866363525e-02
-3.449998497962951660e-01
-7.092398706845415290e-02
1.328994035720825195e-01
-3.703843951225280762e-01
-7.903928611449373420e-02
1.738278865814208984e-01
-3.644958734512329102e-01
-8.190069649390352424e-02
