0.000000000000000000e+00
0.000000000000000000e+00
0.000000000000000000e+00
6.805856525897979736e-02
2.167481184005737305e-02
1.359751031151290590e-02
1.323508769273757935e-01
6.229400634765625000e-03
1.137880657216783220e-02
1.779318600893020630e-01
2.723962068557739258e-02
1.590994873481577088e-04
2.029380351305007935e-01
7.492792606353759766e-02
-1.087606370100502318e-02
1.288584321737289429e-01
-1.746922433376312256e-01
2.535630531957622225e-02
1.734882742166519165e-01
-2.415064871311187744e-01
1.224259708425279314e-02
2.057402282953262329e-01
-2.052988708019256592e-01
-1.771980990895372088e-03
2.187563031911849976e-01
-1.524634957313537598e-01
-1.015308916220192259e-02
1.151329129934310913e-01
-1.875261962413787842e-01
5.060996416716534441e-03
1.739450842142105103e-01
-2.629704773426055908e-01
-8.952496085555594618e-03
2.083553522825241089e-01
-2.124346196651458740e-01
-2.087121314951900786e-02
2.135640531778335571e-01
-1.518873870372772217e-01
-2.601371749886993712e-02
1.051253825426101685e-01
-1.826295554637908936e-01
-1.680108390399936980e-02
1.645702272653579712e-01
-2.602759003639221191e-01
-2.749208032736305540e-02
2.029464095830917358e-01
-2.101614177227020264e-01
-3.254774815985683745e-02
2.137257903814315796e-01
-1.508772373199462891e-01
-3.321538723656658476e-02
1.004715710878372192e-01
-1.568105518817901611e-01
-3.907481439063076323e-02
1.533253639936447144e-01
-2.012780904769897461e-01
-4.696201391169552153e-02
1.883204132318496704e-01
-1.736389696598052979e-01
-4.803239784786228483e-02
2.044017165899276733e-01
-1.333398818969726562e-01
-4.670245803544048613e-02
