0.000000000000000000e+00
0.000000000000000000e+00
0.000000000000000000e+00
5.529853701591491699e-02
3.011262416839599609e-02
8.788923005212723183e-03
1.106796860694885254e-01
2.552115917205810547e-02
6.491713429440437721e-03
1.500426232814788818e-01
4.386472702026367188e-02
-4.016308841656268669e-03
1.779358983039855957e-01
7.565563917160034180e-02
-1.430092824752193792e-02
1.269628405570983887e-01
-1.248140335083007812e-01
2.079159321134227412e-02
1.664698421955108643e-01
-2.033334672451019287e-01
3.100169327680646347e-03
1.901024281978607178e-01
-1.697896718978881836e-01
-1.284794302786451681e-02
1.908030211925506592e-01
-1.150562763214111328e-01
-2.030009104068142278e-02
1.153627038002014160e-01
-1.388921141624450684e-01
3.206352441210924553e-03
1.615726947784423828e-01
-2.216038405895233154e-01
-1.382239235694271429e-02
1.886500716209411621e-01
-1.780988574028015137e-01
-2.772553151602608068e-02
1.867230534553527832e-01
-1.211725473403930664e-01
-3.345235137398105962e-02
1.031986474990844727e-01
-1.468584537506103516e-01
-1.702255642170769079e-02
1.526312828063964844e-01
-2.257117629051208496e-01
-3.112565426285129888e-02
1.843606829643249512e-01
-1.837306916713714600e-01
-3.847973866517406805e-02
1.887437999248504639e-01
-1.282520592212677002e-01
-3.971734343225818975e-02
9.056949615478515625e-02
-1.430863142013549805e-01
-3.781431986148220403e-02
1.346816122531890869e-01
-1.848269701004028320e-01
-4.988355634863239629e-02
1.665120124816894531e-01
-1.639144420623779297e-01
-5.457886753733021123e-02
1.793094575405120850e-01
-1.278852224349975586e-01
-5.483808068687778814e-02
