0.000000000000000000e+00
0.000000000000000000e+00
0.000000000000000000e+00
6.194634735584259033e-02
2.355253696441650391e-02
8.333692167724393585e-03
1.256431192159652710e-01
9.945094585418701172e-03
6.312543366874479034e-03
1.687261313199996948e-01
3.106939792633056641e-02
-3.334135675032712243e-03
1.938050240278244019e-01
7.833051681518554688e-02
-1.274088413563845279e-02
1.340915411710739136e-01
-1.525693535804748535e-01
1.983299462946774838e-02
1.722625046968460083e-01
-2.301754355430603027e-01
6.409091715539716461e-03
1.996847838163375854e-01
-1.989909708499908447e-01
-6.870739787046886704e-03
2.087578028440475464e-01
-1.499308049678802490e-01
-1.465891876367209079e-02
1.193213909864425659e-01
-1.685062050819396973e-01
2.351735093469642379e-03
1.665865331888198853e-01
-2.599431872367858887e-01
-1.397586350438473346e-02
1.987076848745346069e-01
-2.155339121818542480e-01
-2.792566844371435764e-02
2.032006829977035522e-01
-1.569035649299621582e-01
-3.438982755986330631e-02
1.044563800096511841e-01
-1.741012036800384521e-01
-1.719022930709002139e-02
1.556950956583023071e-01
-2.680344283580780029e-01
-3.180594385710833194e-02
1.916208118200302124e-01
-2.213908135890960693e-01
-4.146725327817080142e-02
2.012262493371963501e-01
-1.617507934570312500e-01
-4.456219838110087039e-02
9.152556955814361572e-02
-1.633531749248504639e-01
-3.706585259286043765e-02
1.409610658884048462e-01
-2.147646546363830566e-01
-4.943549648967859866e-02
1.757892519235610962e-01
-1.883078813552856445e-01
-5.526943893281099918e-02
1.914625912904739380e-01
-1.466093063354492188e-01
-5.709031240192530277e-02
