0.000000000000000000e+00
0.000000000000000000e+00
0.000000000000000000e+00
6.258729100227355957e-02
1.683133840560913086e-02
1.017018209253706118e-02
1.177314966917037964e-01
6.861805915832519531e-03
4.960429268379584755e-03
1.569076627492904663e-01
2.184200286865234375e-02
-7.547907651911600624e-03
1.883370131254196167e-01
5.622684955596923828e-02
-2.047217090571962217e-02
1.158670336008071899e-01
-1.364480257034301758e-01
5.036286423404590096e-03
1.548791378736495972e-01
-2.174131274223327637e-01
-1.466935046906314710e-02
1.811456829309463501e-01
-1.831337213516235352e-01
-2.970134665216050962e-02
1.898832470178604126e-01
-1.333845257759094238e-01
-3.745477658654294828e-02
1.006629616022109985e-01
-1.451156735420227051e-01
-1.366335072512470106e-02
1.503372043371200562e-01
-2.269939184188842773e-01
-3.309974458957753995e-02
1.805280894041061401e-01
-1.809363365173339844e-01
-4.544742417479596952e-02
1.850428432226181030e-01
-1.268479228019714355e-01
-5.106825393582425932e-02
8.622558414936065674e-02
-1.405335664749145508e-01
-3.345736128235898832e-02
1.361907273530960083e-01
-2.108586430549621582e-01
-4.899860185528837064e-02
1.711214929819107056e-01
-1.693705916404724121e-01
-5.516648677135549406e-02
1.820242553949356079e-01
-1.195902228355407715e-01
-5.657604721332631925e-02
7.390433549880981445e-02
-1.202551722526550293e-01
-5.316344288135610441e-02
1.178988963365554810e-01
-1.630192399024963379e-01
-6.617402297402463773e-02
1.523559540510177612e-01
-1.448547840118408203e-01
-7.039994758511625150e-02
1.702379733324050903e-01
-1.140420436859130859e-01
-7.111327362204633573e-02
