0.000000000000000000e+00
0.000000000000000000e+00
0.000000000000000000e+00
5.854907631874084473e-02
2.205628156661987305e-02
8.854438417316146115e-03
1.161971688270568848e-01
1.147687435150146484e-02
6.930224929661221722e-03
1.563772261142730713e-01
2.829122543334960938e-02
-2.481242542430095455e-03
1.853877305984497070e-01
6.671136617660522461e-02
-1.138945309752159574e-02
1.224814951419830322e-01
-1.498673260211944580e-01
2.335189176416463397e-02
1.567668616771697998e-01
-2.172733545303344727e-01
1.041642749375171206e-02
1.836385428905487061e-01
-1.877140402793884277e-01
-3.346177882789902469e-03
1.955002546310424805e-01
-1.414076387882232666e-01
-1.162114193969898679e-02
1.103643774986267090e-01
-1.643102765083312988e-01
6.801541295558877209e-03
1.545861363410949707e-01
-2.372312843799591064e-01
-7.381593010663323184e-03
1.839013397693634033e-01
-1.967523097991943359e-01
-1.897823358261518933e-02
1.903747618198394775e-01
-1.422511935234069824e-01
-2.416857997262411573e-02
9.887635707855224609e-02
-1.669716536998748779e-01
-1.198873682254486539e-02
1.479783058166503906e-01
-2.387609481811523438e-01
-2.460620286250048139e-02
1.804910004138946533e-01
-1.972160935401916504e-01
-2.984681459450655439e-02
1.916151046752929688e-01
-1.431986391544342041e-01
-3.035998078370027997e-02
8.974093198776245117e-02
-1.529398560523986816e-01
-3.140320362830095746e-02
1.348055601119995117e-01
-1.881178021430969238e-01
-4.219592096590929486e-02
1.658250391483306885e-01
-1.650122106075286865e-01
-4.484699027919702985e-02
1.823562681674957275e-01
-1.300070583820343018e-01
-4.415453331851892926e-02
