0.000000000000000000e+00
0.000000000000000000e+00
0.000000000000000000e+00
6.756502389907836914e-02
2.262252569198608398e-02
1.274874643347345682e-02
1.302675902843475342e-01
9.373784065246582031e-03
1.146359392366491647e-02
1.745233833789825439e-01
2.895623445510864258e-02
1.797496456831026990e-03
2.023854255676269531e-01
7.115370035171508789e-02
-7.519755280398499053e-03
1.279746294021606445e-01
-1.722519099712371826e-01
2.448313799611412378e-02
1.714037060737609863e-01
-2.355462312698364258e-01
1.170935504994474741e-02
2.030054330825805664e-01
-2.045944631099700928e-01
-1.511414070435534995e-03
2.174692153930664062e-01
-1.562930941581726074e-01
-9.224838345133434814e-03
1.140701770782470703e-01
-1.873137354850769043e-01
5.901935742414821107e-03
1.716234087944030762e-01
-2.629612684249877930e-01
-7.507143775754343551e-03
2.063253223896026611e-01
-2.191236913204193115e-01
-1.854408602305568365e-02
2.148704826831817627e-01
-1.611109673976898193e-01
-2.323192055412448553e-02
1.044572293758392334e-01
-1.827742159366607666e-01
-1.427760976442016272e-02
1.640118956565856934e-01
-2.605884671211242676e-01
-2.519004116841472296e-02
2.020155489444732666e-01
-2.163190245628356934e-01
-3.035548026748813299e-02
2.154027819633483887e-01
-1.592083871364593506e-01
-3.107096511014617590e-02
1.010748147964477539e-01
-1.568575799465179443e-01
-3.481074492522395758e-02
1.542413830757141113e-01
-1.996492743492126465e-01
-4.349926556535876898e-02
1.898406445980072021e-01
-1.767931878566741943e-01
-4.554536636062778143e-02
2.089633941650390625e-01
-1.398625969886779785e-01
-4.481631587334788946e-02
