0.000000000000000000e+00
0.000000000000000000e+00
0.000000000000000000e+00
6.208112835884094238e-02
2.480459213256835938e-02
7.955705685319003351e-03
1.263101100921630859e-01
1.015937328338623047e-02
5.405103260429200418e-03
1.695992052555084229e-01
3.050100803375244141e-02
-4.618212176708880179e-03
1.933025121688842773e-01
7.832831144332885742e-02
-1.477284176856130671e-02
1.348764300346374512e-01
-1.444983482360839844e-01
1.552646042198091436e-02
1.727122366428375244e-01
-2.237042486667633057e-01
1.622298787125941999e-03
1.994983851909637451e-01
-1.941728293895721436e-01
-1.097414276212305140e-02
2.078700363636016846e-01
-1.459164023399353027e-01
-1.836440625250190806e-02
1.200834512710571289e-01
-1.597599983215332031e-01
-2.427543575166168921e-03
1.671323776245117188e-01
-2.536692023277282715e-01
-1.969218539655059885e-02
1.983166337013244629e-01
-2.101939916610717773e-01
-3.337455640196651530e-02
2.020611166954040527e-01
-1.524890959262847900e-01
-3.968028823494762491e-02
1.043822169303894043e-01
-1.648522615432739258e-01
-2.226168947875351023e-02
1.559749841690063477e-01
-2.610593438148498535e-01
-3.812619770526737284e-02
1.912654042243957520e-01
-2.154030203819274902e-01
-4.803714627981037211e-02
2.005056440830230713e-01
-1.572885215282440186e-01
-5.131690675973743510e-02
9.004965424537658691e-02
-1.539385318756103516e-01
-4.228562215924114298e-02
1.398026049137115479e-01
-2.068452835083007812e-01
-5.598152155637592386e-02
1.745396852493286133e-01
-1.835635900497436523e-01
-6.270230288266986918e-02
1.902457177639007568e-01
-1.455397009849548340e-01
-6.527832622289508890e-02
