0.000000000000000000e+00
0.000000000000000000e+00
0.000000000000000000e+00
6.689190864562988281e-02
1.026350259780883789e-02
1.599403552232558923e-02
1.217170059680938721e-01
-1.044970750808715820e-02
1.582510664580638604e-02
1.613693237304687500e-01
-8.032321929931640625e-04
6.750891799910618829e-03
1.921226084232330322e-01
2.358508110046386719e-02
-1.960191526578114463e-03
1.086470484733581543e-01
-1.823776364326477051e-01
2.574551186977203088e-02
1.559134721755981445e-01
-2.384166419506072998e-01
1.210214837907130914e-02
1.874658167362213135e-01
-2.001682221889495850e-01
-1.641808194236205054e-03
2.012470662593841553e-01
-1.498351395130157471e-01
-9.445332107262061072e-03
9.708958864212036133e-02
-1.939215064048767090e-01
5.706524825527026223e-03
1.574977338314056396e-01
-2.606964707374572754e-01
-6.820040871517107917e-03
1.920068860054016113e-01
-2.123900353908538818e-01
-1.731210865558807654e-02
2.025485932826995850e-01
-1.570488214492797852e-01
-2.262574725331489844e-02
9.133309125900268555e-02
-1.861726641654968262e-01
-1.586410135509197517e-02
1.533481776714324951e-01
-2.558828890323638916e-01
-2.634253643931572242e-02
1.904628574848175049e-01
-2.100023925304412842e-01
-3.098846517981712623e-02
2.035838365554809570e-01
-1.548677384853363037e-01
-3.241349488975231452e-02
9.198242425918579102e-02
-1.571785211563110352e-01
-3.747984126688663764e-02
1.464691162109375000e-01
-1.959587037563323975e-01
-4.589151323320095344e-02
1.810470223426818848e-01
-1.731179356575012207e-01
-4.742988676311199470e-02
1.983166933059692383e-01
-1.390659213066101074e-01
-4.719941422821705146e-02
