0.000000000000000000e+00
0.000000000000000000e+00
0.000000000000000000e+00
5.881474912166595459e-02
2.609318494796752930e-02
9.765240669857178091e-03
1.145609319210052490e-01
2.074903249740600586e-02
8.631251127134476064e-03
1.534929871559143066e-01
3.471618890762329102e-02
7.300804330867549652e-05
1.804784536361694336e-01
6.927376985549926758e-02
-8.466297454525317789e-03
1.286219060420989990e-01
-1.356033682823181152e-01
1.769001533151737249e-02
1.693533062934875488e-01
-2.092557251453399658e-01
1.317757604319069742e-03
1.912012994289398193e-01
-1.720649003982543945e-01
-1.390839989422687495e-02
1.962249279022216797e-01
-1.236979961395263672e-01
-2.242916698693164790e-02
1.161436438560485840e-01
-1.480780243873596191e-01
6.698932998361328828e-04
1.652544736862182617e-01
-2.239419519901275635e-01
-1.678783322810062373e-02
1.902469992637634277e-01
-1.748937368392944336e-01
-3.086466777264007533e-02
1.898479759693145752e-01
-1.203029751777648926e-01
-3.765100116967090571e-02
1.031340062618255615e-01
-1.519836187362670898e-01
-1.821931141554244959e-02
1.526157855987548828e-01
-2.238000929355621338e-01
-3.261678914665111506e-02
1.813127994537353516e-01
-1.770662069320678711e-01
-3.972888986705669367e-02
1.875057816505432129e-01
-1.230856776237487793e-01
-4.152802254198917353e-02
9.046027064323425293e-02
-1.432023048400878906e-01
-3.740571688054927790e-02
1.329287290573120117e-01
-1.840551197528839111e-01
-4.947790379761585200e-02
1.631838381290435791e-01
-1.628426909446716309e-01
-5.409476037262805903e-02
1.779590547084808350e-01
-1.301212906837463379e-01
-5.510357643603214228e-02
