0.000000000000000000e+00
0.000000000000000000e+00
0.000000000000000000e+00
5.932000279426574707e-02
2.177530527114868164e-02
6.528916141462559608e-03
1.174813807010650635e-01
5.051076412200927734e-03
5.874867389422888664e-03
1.600788831710815430e-01
1.387649774551391602e-02
-1.811270530822639557e-03
1.907229125499725342e-01
4.603826999664306641e-02
-8.726847053992514702e-03
1.286327242851257324e-01
-1.460087001323699951e-01
1.991225064404034129e-02
1.630395650863647461e-01
-2.282661497592926025e-01
4.322604114634032157e-03
1.887449026107788086e-01
-2.009182274341583252e-01
-1.014228972934461126e-02
1.978428959846496582e-01
-1.532108485698699951e-01
-1.764059036366916189e-02
1.157962679862976074e-01
-1.632825136184692383e-01
5.547300285172696022e-03
1.571435332298278809e-01
-2.564564645290374756e-01
-1.027902278445935735e-02
1.870277225971221924e-01
-2.194305658340454102e-01
-2.255953259162879476e-02
1.938403844833374023e-01
-1.651671826839447021e-01
-2.757880247526145467e-02
1.028382778167724609e-01
-1.679191887378692627e-01
-1.142080190919614324e-02
1.484767198562622070e-01
-2.585052549839019775e-01
-2.650356821112609396e-02
1.821070611476898193e-01
-2.209903895854949951e-01
-3.414238958947635183e-02
1.939092278480529785e-01
-1.654909551143646240e-01
-3.513083576552844534e-02
9.190669655799865723e-02
-1.563281118869781494e-01
-2.895435287945247183e-02
1.374940872192382812e-01
-2.028268873691558838e-01
-4.205832599990344534e-02
1.727350354194641113e-01
-1.827816665172576904e-01
-4.769134863607860098e-02
1.928139925003051758e-01
-1.460945010185241699e-01
-4.845405339591479787e-02
