0.000000000000000000e+00
0.000000000000000000e+00
0.000000000000000000e+00
6.443233788013458252e-02
2.307528257369995117e-02
1.015782752732263816e-02
1.262357383966445923e-01
1.173084974288940430e-02
8.176458307602274544e-03
1.696434170007705688e-01
3.168219327926635742e-02
-1.998410553611051910e-03
1.968763023614883423e-01
7.333731651306152344e-02
-1.167447096010221230e-02
1.306517273187637329e-01
-1.559174060821533203e-01
2.226151829312073005e-02
1.723266094923019409e-01
-2.313593626022338867e-01
7.569263462968933709e-03
2.011855989694595337e-01
-1.995490193367004395e-01
-6.392771604410540931e-03
2.109145671129226685e-01
-1.496787667274475098e-01
-1.398821337421907174e-02
1.166799515485763550e-01
-1.713627874851226807e-01
4.217067972817289956e-03
1.680646389722824097e-01
-2.568308413028717041e-01
-1.099841924657596337e-02
2.006889730691909790e-01
-2.133297920227050781e-01
-2.297393674304260003e-02
2.072966247797012329e-01
-1.574440896511077881e-01
-2.803916553308738457e-02
1.042795330286026001e-01
-1.724898517131805420e-01
-1.606865855207217919e-02
1.591467410326004028e-01
-2.571762800216674805e-01
-2.921543712069762933e-02
1.949280351400375366e-01
-2.124437391757965088e-01
-3.579634869744552361e-02
2.058031409978866577e-01
-1.560620963573455811e-01
-3.681687334825767266e-02
9.564773738384246826e-02
-1.541271805763244629e-01
-3.680491889168990838e-02
1.463231593370437622e-01
-1.997772157192230225e-01
-4.695844719459785210e-02
1.808811575174331665e-01
-1.749755442142486572e-01
-5.010937596013320672e-02
1.972767859697341919e-01
-1.370930373668670654e-01
-4.988484153797401177e-02
