0.000000000000000000e+00
0.000000000000000000e+00
0.000000000000000000e+00
6.941771507263183594e-02
2.298551797866821289e-02
1.398979842906555859e-02
1.319017708301544189e-01
7.619082927703857422e-03
1.250384625291189877e-02
1.757239103317260742e-01
2.538973093032836914e-02
2.390369710155937355e-03
2.029374837875366211e-01
6.705456972122192383e-02
-7.386939430034544785e-03
1.290927529335021973e-01
-1.777627468109130859e-01
2.497521292661986081e-02
1.737561821937561035e-01
-2.393789291381835938e-01
1.262108858918509213e-02
2.053627371788024902e-01
-2.088030278682708740e-01
-2.504818885427084751e-04
2.196703553199768066e-01
-1.613990664482116699e-01
-7.909117562121537048e-03
1.143525540828704834e-01
-1.920925676822662354e-01
5.446808582746598404e-03
1.734632849693298340e-01
-2.645965218544006348e-01
-7.157978431678202469e-03
2.072772979736328125e-01
-2.209492623805999756e-01
-1.721673208976426395e-02
2.158745229244232178e-01
-1.645301282405853271e-01
-2.156715590263047488e-02
1.044609546661376953e-01
-1.866809725761413574e-01
-1.559889625514188083e-02
1.662005782127380371e-01
-2.621707320213317871e-01
-2.548316243792214664e-02
2.034688889980316162e-01
-2.187725603580474854e-01
-2.920353162789979251e-02
2.170235514640808105e-01
-1.629762649536132812e-01
-2.942304622138181003e-02
1.012464165687561035e-01
-1.594453752040863037e-01
-3.701868962252774509e-02
1.550597250461578369e-01
-2.010505199432373047e-01
-4.458256374800839694e-02
1.900697648525238037e-01
-1.805247962474822998e-01
-4.550250928605237277e-02
2.091702520847320557e-01
-1.466604769229888916e-01
-4.433907132352032932e-02
