0.000000000000000000e+00
0.000000000000000000e+00
0.000000000000000000e+00
5.360902845859527588e-02
2.254459261894226074e-02
3.205922147770934316e-03
1.096629053354263306e-01
1.878818869590759277e-02
-2.024209876964278010e-03
1.487936228513717651e-01
3.894057869911193848e-02
-1.298682140694040754e-02
1.743463128805160522e-01
7.727465033531188965e-02
-2.355690049515146711e-02
1.239737123250961304e-01
-1.208275854587554932e-01
3.384663671766929838e-03
1.599466949701309204e-01
-2.166415154933929443e-01
-1.570163788781542280e-02
1.805859059095382690e-01
-1.823049187660217285e-01
-2.974906685338396528e-02
1.827525645494461060e-01
-1.334679424762725830e-01
-3.635745617137331465e-02
1.102414876222610474e-01
-1.346631348133087158e-01
-1.068607746199745634e-02
1.532293409109115601e-01
-2.343452870845794678e-01
-2.997299777851480940e-02
1.779848486185073853e-01
-1.896744668483734131e-01
-4.110682877288240888e-02
1.761451512575149536e-01
-1.373233795166015625e-01
-4.504983993754763105e-02
9.368400275707244873e-02
-1.411486268043518066e-01
-2.675259048626799085e-02
1.389185637235641479e-01
-2.294934391975402832e-01
-4.363411041484255293e-02
1.674758940935134888e-01
-1.864317953586578369e-01
-4.898436116562265852e-02
1.723021715879440308e-01
-1.347088813781738281e-01
-4.845806332812685469e-02
7.492662966251373291e-02
-1.374362707138061523e-01
-4.337990778074640730e-02
1.147585958242416382e-01
-1.870364248752593994e-01
-5.897047864780802229e-02
1.471060663461685181e-01
-1.646598279476165771e-01
-6.446735309944529035e-02
1.628274172544479370e-01
-1.297522187232971191e-01
-6.495177494869608381e-02
