0.000000000000000000e+00
0.000000000000000000e+00
0.000000000000000000e+00
6.027133762836456299e-02
2.028691768646240234e-02
1.233054821393864131e-02
1.184993535280227661e-01
7.582664489746093750e-03
1.266099357060568309e-02
1.597289294004440308e-01
2.560245990753173828e-02
4.375147475073504211e-03
1.893930882215499878e-01
6.460267305374145508e-02
-3.719237558399868249e-03
1.206597536802291870e-01
-1.468667685985565186e-01
3.187175312093870616e-02
1.548997610807418823e-01
-2.150432467460632324e-01
2.184028022936956859e-02
1.828565150499343872e-01
-1.906696259975433350e-01
1.003656753353254771e-02
1.962000578641891479e-01
-1.490629613399505615e-01
2.913219928885268928e-03
1.105235964059829712e-01
-1.593617796897888184e-01
1.376942669055836177e-02
1.551060527563095093e-01
-2.324709892272949219e-01
2.385811023557948829e-03
1.856565922498703003e-01
-1.962644159793853760e-01
-8.148649399956298112e-03
1.937225311994552612e-01
-1.453560590744018555e-01
-1.270204658605678105e-02
1.011276692152023315e-01
-1.620603203773498535e-01
-6.799124805112910508e-03
1.504558175802230835e-01
-2.349997758865356445e-01
-1.691843166001660848e-02
1.833528429269790649e-01
-1.957254707813262939e-01
-2.167833565719945454e-02
1.948932260274887085e-01
-1.429313123226165771e-01
-2.198948307879788899e-02
9.436561167240142822e-02
-1.501239240169525146e-01
-2.793162657864911580e-02
1.390659362077713013e-01
-1.913834214210510254e-01
-3.643979660220963979e-02
1.704273968935012817e-01
-1.711549758911132812e-01
-3.852527744122369313e-02
1.867240816354751587e-01
-1.371378302574157715e-01
-3.770163438268525624e-02
