0.000000000000000000e+00
0.000000000000000000e+00
0.000000000000000000e+00
6.554423272609710693e-02
1.243579387664794922e-02
1.102676592529405752e-02
1.263857036828994751e-01
-6.750106811523437500e-03
9.835202021008626616e-03
1.696671396493911743e-01
8.436024188995361328e-03
8.187103154568831087e-04
1.995292454957962036e-01
4.112732410430908203e-02
-7.852438131862982118e-03
1.169223338365554810e-01
-1.871421933174133301e-01
2.361618239194740454e-02
1.613472551107406616e-01
-2.501760125160217285e-01
1.116999402404417197e-02
1.942212432622909546e-01
-2.239083349704742432e-01
-1.591787200936778390e-03
2.107993513345718384e-01
-1.801301240921020508e-01
-8.886721211069925630e-03
1.027504950761795044e-01
-2.017223536968231201e-01
6.237637491381065047e-03
1.598472744226455688e-01
-2.764743268489837646e-01
-6.462421494120462739e-03
1.963034719228744507e-01
-2.378335893154144287e-01
-1.726103317230354151e-02
2.088716477155685425e-01
-1.840883195400238037e-01
-2.202854421227584680e-02
9.340350329875946045e-02
-1.977710127830505371e-01
-1.299740862339149317e-02
1.522163599729537964e-01
-2.792668342590332031e-01
-2.393319387226711115e-02
1.922497302293777466e-01
-2.402830421924591064e-01
-2.981720980494628748e-02
2.092762142419815063e-01
-1.849499344825744629e-01
-3.114918921380649408e-02
9.084506332874298096e-02
-1.743870079517364502e-01
-3.260741498559127649e-02
1.436567455530166626e-01
-2.241438031196594238e-01
-4.169821482389579614e-02
1.800565868616104126e-01
-2.047001719474792480e-01
-4.400041070073257288e-02
2.001613527536392212e-01
-1.684018671512603760e-01
-4.349564876645217737e-02
