0.000000000000000000e+00
0.000000000000000000e+00
0.000000000000000000e+00
6.905663013458251953e-02
-9.632945060729980469e-03
1.616324308247385488e-02
1.126846075057983398e-01
-4.341691732406616211e-02
1.499915226281700598e-02
1.494939625263214111e-01
-4.161196947097778320e-02
4.395333220372776850e-03
1.817048788070678711e-01
-2.822899818420410156e-02
-5.873052301694769994e-03
7.117134332656860352e-02
-2.205246090888977051e-01
2.577021914453325735e-02
1.213719248771667480e-01
-2.921613454818725586e-01
1.202028534294186102e-02
1.602775156497955322e-01
-2.728213965892791748e-01
-2.197337468032856123e-03
1.823861598968505859e-01
-2.336340844631195068e-01
-1.003547561435880198e-02
6.541183590888977051e-02
-2.264482975006103516e-01
6.017682709853033884e-03
1.276642978191375732e-01
-3.140560686588287354e-01
-4.797020359774251119e-03
1.675741672515869141e-01
-2.867807149887084961e-01
-1.497796167700471415e-02
1.859407424926757812e-01
-2.421823740005493164e-01
-2.059141350059690012e-02
7.154983282089233398e-02
-2.126393616199493408e-01
-1.526868705718698038e-02
1.320125758647918701e-01
-3.068883419036865234e-01
-2.245135781436147226e-02
1.732604205608367920e-01
-2.826281189918518066e-01
-2.730918851761998667e-02
1.933390498161315918e-01
-2.372239828109741211e-01
-2.938173142342748179e-02
8.997991681098937988e-02
-1.807435154914855957e-01
-3.684136820106687082e-02
1.414895951747894287e-01
-2.463084161281585693e-01
-4.020941806106748118e-02
1.777028143405914307e-01
-2.441350817680358887e-01
-4.038824317126454844e-02
2.003036737442016602e-01
-2.217320501804351807e-01
-4.011412513523282541e-02
