0.000000000000000000e+00
0.000000000000000000e+00
0.000000000000000000e+00
6.254570186138153076e-02
1.950526237487792969e-02
9.330018534257078500e-03
1.237649768590927124e-01
7.950544357299804688e-03
8.267809747650289864e-03
1.666478961706161499e-01
2.442264556884765625e-02
-4.810114971576240350e-04
1.939466446638107300e-01
6.553238630294799805e-02
-8.712376357124185233e-03
1.309870034456253052e-01
-1.512691676616668701e-01
1.974628504265751872e-02
1.683158725500106812e-01
-2.309547662734985352e-01
4.621779656901026101e-03
1.958242207765579224e-01
-2.011876404285430908e-01
-8.945996762321328788e-03
2.064774781465530396e-01
-1.520626246929168701e-01
-1.610999915848765340e-02
1.172034889459609985e-01
-1.647213101387023926e-01
2.849173610030675263e-03
1.627401858568191528e-01
-2.519565820693969727e-01
-1.275088068197760549e-02
1.944174617528915405e-01
-2.118298113346099854e-01
-2.375129226695094076e-02
2.013923674821853638e-01
-1.574569344520568848e-01
-2.807332191716227499e-02
1.041914373636245728e-01
-1.665672063827514648e-01
-1.636639412592444387e-02
1.542317420244216919e-01
-2.525647580623626709e-01
-3.097736265610251394e-02
1.895285695791244507e-01
-2.118261754512786865e-01
-3.746890638123545614e-02
2.011956125497817993e-01
-1.564829945564270020e-01
-3.793168056856188741e-02
9.387500584125518799e-02
-1.524462401866912842e-01
-3.595639381657633749e-02
1.420228630304336548e-01
-2.009185850620269775e-01
-4.874554265390429464e-02
1.765757650136947632e-01
-1.789787411689758301e-01
-5.324064184080157247e-02
1.931977719068527222e-01
-1.406542360782623291e-01
-5.330790940772089925e-02
