0.000000000000000000e+00
0.000000000000000000e+00
0.000000000000000000e+00
6.168401241302490234e-02
2.565908432006835938e-02
8.045809236293166578e-03
1.251791715621948242e-01
1.430398225784301758e-02
6.689298325156300962e-03
1.681685745716094971e-01
3.730744123458862305e-02
-2.277786252150804103e-03
1.925947666168212891e-01
8.743929862976074219e-02
-1.100739754276958138e-02
1.344254612922668457e-01
-1.444008052349090576e-01
2.095598903012785286e-02
1.715450286865234375e-01
-2.245961427688598633e-01
7.556434147929280698e-03
1.975267529487609863e-01
-1.951380968093872070e-01
-5.615939493353039325e-03
2.059769034385681152e-01
-1.461204290390014648e-01
-1.336607440846648842e-02
1.210295855998992920e-01
-1.610419452190399170e-01
3.800985063364237249e-03
1.664371192455291748e-01
-2.536227703094482422e-01
-1.263167999225345284e-02
1.969137489795684814e-01
-2.123306393623352051e-01
-2.634476135956731468e-02
2.012430727481842041e-01
-1.541496813297271729e-01
-3.259998756932702690e-02
1.068015098571777344e-01
-1.684453785419464111e-01
-1.567853811668840081e-02
1.571188867092132568e-01
-2.617495656013488770e-01
-3.087815839337793022e-02
1.915559768676757812e-01
-2.163820266723632812e-01
-4.054497751879182488e-02
2.017372250556945801e-01
-1.558956205844879150e-01
-4.346950176643815666e-02
9.388548135757446289e-02
-1.610371172428131104e-01
-3.555624756502595574e-02
1.426473557949066162e-01
-2.121212780475616455e-01
-4.850949171471086174e-02
1.766618192195892334e-01
-1.855978667736053467e-01
-5.446763906168428093e-02
1.928144097328186035e-01
-1.427073180675506592e-01
-5.625768947886911064e-02
