0.000000000000000000e+00
0.000000000000000000e+00
0.000000000000000000e+00
6.245037913322448730e-02
2.569031715393066406e-02
8.864167018018065392e-03
1.260944306850433350e-01
1.177722215652465820e-02
7.324866822145281731e-03
1.700312495231628418e-01
3.346008062362670898e-02
-1.950416260243059696e-03
1.954957544803619385e-01
8.073306083679199219e-02
-1.139500843159169108e-02
1.356479525566101074e-01
-1.402387619018554688e-01
2.070056261696606725e-02
1.741003096103668213e-01
-2.123828828334808350e-01
7.721651217124758659e-03
2.004583775997161865e-01
-1.854761242866516113e-01
-5.538435781218709053e-03
2.109392285346984863e-01
-1.404199004173278809e-01
-1.367249818316906840e-02
1.222707331180572510e-01
-1.578081846237182617e-01
2.904066920436321197e-03
1.690997183322906494e-01
-2.479349076747894287e-01
-1.320457843861788660e-02
2.003464400768280029e-01
-2.079414725303649902e-01
-2.681635519287794978e-02
2.064914405345916748e-01
-1.508498489856719971e-01
-3.313796980104655177e-02
1.074160039424896240e-01
-1.647700369358062744e-01
-1.697660250387400538e-02
1.582643985748291016e-01
-2.579761147499084473e-01
-3.150871781430453211e-02
1.925839483737945557e-01
-2.145250737667083740e-01
-4.076651124081820399e-02
2.031269967555999756e-01
-1.559714674949645996e-01
-4.366535333714693934e-02
9.456980228424072266e-02
-1.556129455566406250e-01
-3.718734917960375697e-02
1.434929072856903076e-01
-2.067201733589172363e-01
-4.898286623678416163e-02
1.774332821369171143e-01
-1.830809116363525391e-01
-5.435854954443186671e-02
1.942052841186523438e-01
-1.434909403324127197e-01
-5.606070546231478602e-02
