0.000000000000000000e+00
0.000000000000000000e+00
0.000000000000000000e+00
6.273461878299713135e-02
1.990872621536254883e-02
1.051623847364879794e-02
1.182218194007873535e-01
1.117348670959472656e-02
7.219526060218584007e-03
1.575552076101303101e-01
2.409744262695312500e-02
-3.369509400506842667e-03
1.874498873949050903e-01
5.646324157714843750e-02
-1.386496230930589491e-02
1.219126135110855103e-01
-1.456726193428039551e-01
1.306427184521652407e-02
1.584829241037368774e-01
-2.249508500099182129e-01
-4.367063212846744591e-03
1.830884367227554321e-01
-1.891694068908691406e-01
-1.945104815036557966e-02
1.915829628705978394e-01
-1.402966976165771484e-01
-2.779517874092363172e-02
1.081552803516387939e-01
-1.535541415214538574e-01
-4.908970948015678459e-03
1.551216989755630493e-01
-2.322590351104736328e-01
-2.146856851846479231e-02
1.834949105978012085e-01
-1.855005025863647461e-01
-3.354166999429963880e-02
1.877197474241256714e-01
-1.332300901412963867e-01
-3.954865962237619215e-02
9.519407153129577637e-02
-1.499501466751098633e-01
-2.437122903734945112e-02
1.422476619482040405e-01
-2.193763852119445801e-01
-3.719913765758775526e-02
1.750185042619705200e-01
-1.770107746124267578e-01
-4.197482943505548292e-02
1.858985275030136108e-01
-1.276257038116455078e-01
-4.297661960095666700e-02
8.315299451351165771e-02
-1.314525604248046875e-01
-4.413530036777757459e-02
1.232305020093917847e-01
-1.743091940879821777e-01
-5.475288808316491895e-02
1.552696973085403442e-01
-1.563860177993774414e-01
-5.752555459708474928e-02
1.728671342134475708e-01
-1.272456645965576172e-01
-5.755493223637841993e-02
