0.000000000000000000e+00
0.000000000000000000e+00
0.000000000000000000e+00
6.380341947078704834e-02
1.611536741256713867e-02
1.159030064228261381e-02
1.180535405874252319e-01
6.876766681671142578e-03
8.729463026256212288e-03
1.570774316787719727e-01
1.884543895721435547e-02
-1.767580348669639534e-03
1.876908540725708008e-01
5.187064409255981445e-02
-1.217935741659914584e-02
1.187339723110198975e-01
-1.458265781402587891e-01
1.537360116127217680e-02
1.556434631347656250e-01
-2.214373350143432617e-01
-5.136141648023340167e-04
1.814807951450347900e-01
-1.891897916793823242e-01
-1.430782065507685274e-02
1.910219192504882812e-01
-1.440623998641967773e-01
-2.186784376171146960e-02
1.044856309890747070e-01
-1.563738584518432617e-01
-2.735845928683033890e-03
1.526858210563659668e-01
-2.318518161773681641e-01
-1.795294363763844103e-02
1.818917989730834961e-01
-1.876133680343627930e-01
-2.896101255682026476e-02
1.860334277153015137e-01
-1.377369761466979980e-01
-3.411337402430092425e-02
9.175834059715270996e-02
-1.527811288833618164e-01
-2.221204940941845507e-02
1.398706734180450439e-01
-2.172722220420837402e-01
-3.433345299926315874e-02
1.730021834373474121e-01
-1.749839782714843750e-01
-3.864426207509552569e-02
1.831923723220825195e-01
-1.267765164375305176e-01
-3.915427294340645403e-02
8.123520016670227051e-02
-1.331400275230407715e-01
-4.185368534889732928e-02
1.230824589729309082e-01
-1.711215972900390625e-01
-5.174103420939957232e-02
1.549059450626373291e-01
-1.507910490036010742e-01
-5.379322212901627154e-02
1.707971990108489990e-01
-1.205112934112548828e-01
-5.319295120206390948e-02
