0.000000000000000000e+00
0.000000000000000000e+00
0.000000000000000000e+00
6.507997214794158936e-02
2.740621566772460938e-03
1.237060939159562167e-02
1.175640970468521118e-01
-2.460974454879760742e-02
1.084382989641596851e-02
1.579930931329727173e-01
-1.716822385787963867e-02
1.246431439298589794e-03
1.917922347784042358e-01
6.409287452697753906e-04
-7.481386706118087204e-03
9.190423786640167236e-02
-1.985924243927001953e-01
2.153308008995225009e-02
1.430125385522842407e-01
-2.598572075366973877e-01
7.261687137301464645e-03
1.800780445337295532e-01
-2.293369472026824951e-01
-6.882548618946771057e-03
2.005780488252639771e-01
-1.855505704879760742e-01
-1.480459729943106595e-02
8.272792398929595947e-02
-2.076989710330963135e-01
4.003817860152025787e-03
1.441553980112075806e-01
-2.809832394123077393e-01
-9.250941973064641388e-03
1.845981329679489136e-01
-2.438076734542846680e-01
-2.015785249683688107e-02
2.030204683542251587e-01
-1.940428316593170166e-01
-2.557363855454752866e-02
8.257208764553070068e-02
-1.964007318019866943e-01
-1.511370326194594327e-02
1.442310363054275513e-01
-2.782829403877258301e-01
-2.598510245594809476e-02
1.856528669595718384e-01
-2.438280582427978516e-01
-3.167085657629797879e-02
2.061630934476852417e-01
-1.926791369915008545e-01
-3.326729248080084744e-02
9.291492402553558350e-02
-1.655981540679931641e-01
-3.454519371304343167e-02
1.466735154390335083e-01
-2.179748117923736572e-01
-4.259075159940550748e-02
1.833850592374801636e-01
-2.055757939815521240e-01
-4.475469077739546719e-02
2.060633152723312378e-01
-1.759612858295440674e-01
-4.469928453478644315e-02
