0.000000000000000000e+00
0.000000000000000000e+00
0.000000000000000000e+00
6.301446259021759033e-02
2.210026979446411133e-02
7.714526964605283865e-03
1.257392913103103638e-01
8.962333202362060547e-03
4.572239009917211661e-03
1.681260317564010620e-01
3.248298168182373047e-02
-6.220522565513419977e-03
1.924611479043960571e-01
8.222913742065429688e-02
-1.709105236989216792e-02
1.328402310609817505e-01
-1.490682959556579590e-01
1.736914762693686498e-02
1.708049029111862183e-01
-2.279014885425567627e-01
3.384046493351888785e-03
1.976725906133651733e-01
-1.968615949153900146e-01
-9.980299273252057901e-03
2.072007209062576294e-01
-1.485314369201660156e-01
-1.796451001030163752e-02
1.186115294694900513e-01
-1.635027825832366943e-01
-2.056332556321649463e-04
1.655658930540084839e-01
-2.556522786617279053e-01
-1.699377758961873042e-02
1.970083266496658325e-01
-2.122249305248260498e-01
-3.090343600672440516e-02
2.015803307294845581e-01
-1.550992727279663086e-01
-3.741048811536984431e-02
1.037672907114028931e-01
-1.679050326347351074e-01
-1.976671791237549769e-02
1.546842902898788452e-01
-2.618050575256347656e-01
-3.466214774709897029e-02
1.903951019048690796e-01
-2.162791490554809570e-01
-4.406030266147809016e-02
2.006551772356033325e-01
-1.584255695343017578e-01
-4.695628746014790522e-02
9.093298017978668213e-02
-1.563411355018615723e-01
-3.967717452508168208e-02
1.404351443052291870e-01
-2.092082500457763672e-01
-5.170246376258091914e-02
1.750992983579635620e-01
-1.843363642692565918e-01
-5.699285282355504023e-02
1.906991451978683472e-01
-1.445866525173187256e-01
-5.851191072326855647e-02
