0.000000000000000000e+00
0.000000000000000000e+00
0.000000000000000000e+00
6.262791156768798828e-02
2.267837524414062500e-02
8.358193114347045594e-03
1.260864734649658203e-01
8.616805076599121094e-03
6.219185907340829544e-03
1.687403619289398193e-01
3.094750642776489258e-02
-3.636589022406155891e-03
1.925378739833831787e-01
8.024412393569946289e-02
-1.323938693856518967e-02
1.334491670131683350e-01
-1.522529721260070801e-01
1.976737800980288284e-02
1.709615588188171387e-01
-2.302106916904449463e-01
6.420958805776422196e-03
1.982132792472839355e-01
-1.993613839149475098e-01
-6.328253056906874008e-03
2.069438993930816650e-01
-1.498745381832122803e-01
-1.358730297540944321e-02
1.190945506095886230e-01
-1.681182384490966797e-01
2.337705362535302811e-03
1.655454933643341064e-01
-2.594051361083984375e-01
-1.365358334039967758e-02
1.972038149833679199e-01
-2.157826423645019531e-01
-2.665421504532616837e-02
2.007856965065002441e-01
-1.572968065738677979e-01
-3.221920084213536484e-02
1.047485470771789551e-01
-1.729585528373718262e-01
-1.719417933379929764e-02
1.555245518684387207e-01
-2.653660178184509277e-01
-3.173778157686513168e-02
1.915400624275207520e-01
-2.195044159889221191e-01
-4.056621667002957565e-02
2.011157274246215820e-01
-1.608221232891082764e-01
-4.277492638682645065e-02
9.273776412010192871e-02
-1.609893143177032471e-01
-3.706923823808949692e-02
1.425710618495941162e-01
-2.122659087181091309e-01
-4.918747346853535873e-02
1.771740615367889404e-01
-1.858123838901519775e-01
-5.425542917107861740e-02
1.922676265239715576e-01
-1.442618668079376221e-01
-5.523101191973012192e-02
