0.000000000000000000e+00
0.000000000000000000e+00
0.000000000000000000e+00
6.275911629199981689e-02
2.293896675109863281e-02
5.800070979304905450e-03
1.267548054456710815e-01
1.270473003387451172e-02
2.089339813821311509e-03
1.694695800542831421e-01
3.677916526794433594e-02
-8.832946147165898765e-03
1.950499862432479858e-01
8.404570817947387695e-02
-1.981099947109044024e-02
1.326469630002975464e-01
-1.520152091979980469e-01
1.452760053113877348e-02
1.699768751859664917e-01
-2.342987656593322754e-01
-3.091219074420337165e-03
2.009528130292892456e-01
-2.086266279220581055e-01
-1.912581800236523577e-02
2.165846079587936401e-01
-1.603724360466003418e-01
-2.826389736249268481e-02
1.178909391164779663e-01
-1.665398776531219482e-01
-2.264829778440002883e-03
1.647911518812179565e-01
-2.630476951599121094e-01
-2.095536580993950793e-02
2.018660753965377808e-01
-2.266895771026611328e-01
-3.543058848693192431e-02
2.139853388071060181e-01
-1.684226989746093750e-01
-4.218217423870385119e-02
1.026888340711593628e-01
-1.711534261703491211e-01
-2.145045875325024554e-02
1.550594717264175415e-01
-2.618485987186431885e-01
-3.850392690613091418e-02
1.943525224924087524e-01
-2.210947573184967041e-01
-4.861290446235955187e-02
2.098609060049057007e-01
-1.631135046482086182e-01
-5.156889623715699145e-02
8.930422365665435791e-02
-1.603170037269592285e-01
-4.116987130358040758e-02
1.385320276021957397e-01
-2.096132040023803711e-01
-5.512063271119416186e-02
1.748620122671127319e-01
-1.880030632019042969e-01
-6.127512520863831469e-02
1.938304752111434937e-01
-1.491734683513641357e-01
-6.285631349994957873e-02
