0.000000000000000000e+00
0.000000000000000000e+00
0.000000000000000000e+00
5.295555293560028076e-02
2.682036161422729492e-02
1.311178266874435394e-03
1.091550439596176147e-01
2.273380756378173828e-02
-5.075523099989709408e-03
1.489280313253402710e-01
4.386442899703979492e-02
-1.679043791362744287e-02
1.767257004976272583e-01
8.193117380142211914e-02
-2.800918131241303399e-02
1.219220608472824097e-01
-1.207188367843627930e-01
1.099797728343787639e-03
1.559643894433975220e-01
-2.112244665622711182e-01
-1.706384441921215966e-02
1.770447343587875366e-01
-1.809386909008026123e-01
-3.017898037204247430e-02
1.810532063245773315e-01
-1.350976526737213135e-01
-3.647569513985615686e-02
1.078691333532333374e-01
-1.361930966377258301e-01
-1.200400239893895105e-02
1.490171402692794800e-01
-2.344042658805847168e-01
-3.007947600552540734e-02
1.735987216234207153e-01
-1.924665272235870361e-01
-4.029831982323628381e-02
1.737502962350845337e-01
-1.413917541503906250e-01
-4.389990813204747155e-02
9.137640893459320068e-02
-1.425808668136596680e-01
-2.706179901132088617e-02
1.347572058439254761e-01
-2.293291985988616943e-01
-4.359569720098477319e-02
1.638059169054031372e-01
-1.876302361488342285e-01
-4.865717834898930505e-02
1.701725572347640991e-01
-1.366448402404785156e-01
-4.807679674694043115e-02
7.304848730564117432e-02
-1.369706988334655762e-01
-4.276874235937100366e-02
1.133360117673873901e-01
-1.814735233783721924e-01
-5.803856200644474939e-02
1.457566171884536743e-01
-1.615489125251770020e-01
-6.353819689819317773e-02
1.625948697328567505e-01
-1.303995251655578613e-01
-6.416000000307064965e-02
