0.000000000000000000e+00
0.000000000000000000e+00
0.000000000000000000e+00
5.668967962265014648e-02
2.695089578628540039e-02
2.180073311620844834e-03
1.161700487136840820e-01
1.863819360733032227e-02
-1.324614957837866314e-03
1.606059372425079346e-01
3.527975082397460938e-02
-1.074889870912443257e-02
1.898254454135894775e-01
7.298439741134643555e-02
-1.962453695566068745e-02
1.318777799606323242e-01
-1.274213194847106934e-01
1.325104375749219798e-02
1.648100018501281738e-01
-2.054000794887542725e-01
-3.094623662462936409e-03
1.882968842983245850e-01
-1.796324551105499268e-01
-1.808640370697389699e-02
1.975085735321044922e-01
-1.357429623603820801e-01
-2.652248750061403371e-02
1.183285415172576904e-01
-1.461115181446075439e-01
4.382611546418502257e-04
1.598503887653350830e-01
-2.359031438827514648e-01
-1.714568967551599599e-02
1.868357360363006592e-01
-1.990423500537872314e-01
-3.015658082992445088e-02
1.929023861885070801e-01
-1.463489830493927002e-01
-3.588078553408990956e-02
1.035637259483337402e-01
-1.527132391929626465e-01
-1.497516139031063176e-02
1.501735448837280273e-01
-2.394361495971679688e-01
-3.184671709865938283e-02
1.813543438911437988e-01
-2.007212042808532715e-01
-4.039527485699068166e-02
1.925873458385467529e-01
-1.460112035274505615e-01
-4.211602369875322438e-02
8.909279108047485352e-02
-1.444751620292663574e-01
-3.114705542654405690e-02
1.331114172935485840e-01
-1.881623566150665283e-01
-4.556741202802072621e-02
1.654998660087585449e-01
-1.652779281139373779e-01
-5.191693092316995717e-02
1.838041245937347412e-01
-1.270108222961425781e-01
-5.340246866077791310e-02
