0.000000000000000000e+00
0.000000000000000000e+00
0.000000000000000000e+00
6.497740745544433594e-02
1.337105035781860352e-02
4.711235253026302416e-03
1.292716860771179199e-01
-1.975953578948974609e-03
-1.501729051696543138e-03
1.740691363811492920e-01
1.681208610534667969e-02
-1.473209603328484718e-02
2.067008316516876221e-01
5.301469564437866211e-02
-2.787118374008912269e-02
1.311029791831970215e-01
-1.720823347568511963e-01
6.198719454815204699e-03
1.692365109920501709e-01
-2.746659815311431885e-01
-1.558149574894684974e-02
2.011812329292297363e-01
-2.484413385391235352e-01
-3.214511616725701515e-02
2.136610746383666992e-01
-1.965963542461395264e-01
-4.012327237624901954e-02
1.135691404342651367e-01
-1.839374303817749023e-01
-1.112237262178439323e-02
1.614452004432678223e-01
-2.975589036941528320e-01
-3.214986218709725563e-02
1.989163756370544434e-01
-2.572074234485626221e-01
-4.598030416865128700e-02
2.086321115493774414e-01
-1.988326013088226318e-01
-5.161093516845483009e-02
9.548804163932800293e-02
-1.857914328575134277e-01
-3.074436417419690315e-02
1.470831334590911865e-01
-2.919657826423645020e-01
-4.954278437990922157e-02
1.882708072662353516e-01
-2.503626048564910889e-01
-5.805760218400735084e-02
2.028767466545104980e-01
-1.931546032428741455e-01
-5.952829836506623451e-02
7.868346571922302246e-02
-1.714337468147277832e-01
-5.079950361151475136e-02
1.260298192501068115e-01
-2.334304153919219971e-01
-6.653989075321931068e-02
1.638484299182891846e-01
-2.136282622814178467e-01
-7.214570759434479896e-02
1.818671524524688721e-01
-1.766143441200256348e-01
-7.279475002188462440e-02
