0.000000000000000000e+00
0.000000000000000000e+00
0.000000000000000000e+00
5.887746810913085938e-02
2.740803360939025879e-02
5.884233309913611265e-03
1.154671013355255127e-01
2.259126305580139160e-02
1.755997801225817057e-03
1.563841104507446289e-01
4.132857918739318848e-02
-9.105822623681092409e-03
1.828549206256866455e-01
8.114758133888244629e-02
-1.966961900980379596e-02
1.270872354507446289e-01
-1.219607293605804443e-01
8.822515054632162901e-03
1.633487045764923096e-01
-2.098333835601806641e-01
-8.741108321558499483e-03
1.858275234699249268e-01
-1.761818826198577881e-01
-2.232882808239367023e-02
1.898750960826873779e-01
-1.269523501396179199e-01
-2.902828212172892108e-02
1.134470403194427490e-01
-1.365220248699188232e-01
-7.101889786284232287e-03
1.570564508438110352e-01
-2.312811613082885742e-01
-2.535302433462049976e-02
1.842434406280517578e-01
-1.878304481506347656e-01
-3.699069897920992389e-02
1.846380233764648438e-01
-1.349557638168334961e-01
-4.158845226557161823e-02
9.801259636878967285e-02
-1.422370076179504395e-01
-2.502474989087488666e-02
1.450890302658081055e-01
-2.285889089107513428e-01
-4.166688452751543537e-02
1.757075488567352295e-01
-1.851656138896942139e-01
-4.816329161913301959e-02
1.814970374107360840e-01
-1.320440471172332764e-01
-4.854556600839998737e-02
8.184984326362609863e-02
-1.350986361503601074e-01
-4.330969657094385639e-02
1.255786418914794922e-01
-1.803259849548339844e-01
-5.812454651386644855e-02
1.590721011161804199e-01
-1.570460796356201172e-01
-6.366880665810015216e-02
1.749383509159088135e-01
-1.217599213123321533e-01
-6.445402334720995441e-02
