0.000000000000000000e+00
0.000000000000000000e+00
0.000000000000000000e+00
6.388206779956817627e-02
2.051228284835815430e-02
1.313055710501487283e-02
1.197753995656967163e-01
4.560053348541259766e-03
1.284997289634759454e-02
1.599735468626022339e-01
1.356059312820434570e-02
4.297084022383046431e-03
1.884379535913467407e-01
4.360216856002807617e-02
-3.971803154726671892e-03
1.178731471300125122e-01
-1.577617228031158447e-01
2.392556456483418970e-02
1.598720103502273560e-01
-2.200562953948974609e-01
1.085666970915610818e-02
1.885853558778762817e-01
-1.864700913429260254e-01
-2.250831028376865106e-03
1.995419412851333618e-01
-1.386889815330505371e-01
-9.630227148463177400e-03
1.049090474843978882e-01
-1.714986562728881836e-01
5.563995182583880705e-03
1.584347337484359741e-01
-2.410445213317871094e-01
-8.264913842012333589e-03
1.893522590398788452e-01
-1.946252584457397461e-01
-1.896890314661447974e-02
1.962218135595321655e-01
-1.401959955692291260e-01
-2.355152244113867255e-02
9.565921127796173096e-02
-1.698956191539764404e-01
-1.455739202343409033e-02
1.527468711137771606e-01
-2.435784935951232910e-01
-2.630638020478670569e-02
1.872475892305374146e-01
-1.980686783790588379e-01
-3.118854450427477332e-02
1.979286819696426392e-01
-1.427875161170959473e-01
-3.180040108405535193e-02
9.122799336910247803e-02
-1.491350531578063965e-01
-3.490907015644495459e-02
1.425173729658126831e-01
-1.867346167564392090e-01
-4.515582757436220618e-02
1.765023916959762573e-01
-1.614985167980194092e-01
-4.805661054693644019e-02
1.935425549745559692e-01
-1.249004900455474854e-01
-4.796353789411966773e-02
