0.000000000000000000e+00
0.000000000000000000e+00
0.000000000000000000e+00
6.462897360324859619e-02
7.466614246368408203e-03
1.393046603631376001e-02
1.182372421026229858e-01
-1.610153913497924805e-02
1.150685456674693796e-02
1.600883454084396362e-01
-7.979631423950195312e-03
5.788466762766120155e-04
1.932226270437240601e-01
1.354300975799560547e-02
-9.887883429414046077e-03
9.838329255580902100e-02
-1.864379048347473145e-01
1.995885373186467859e-02
1.515379995107650757e-01
-2.378052473068237305e-01
4.773830073887097569e-03
1.865900009870529175e-01
-2.025501430034637451e-01
-9.751121503299486903e-03
2.033901065587997437e-01
-1.551424860954284668e-01
-1.779675482679010656e-02
8.669038116931915283e-02
-1.980267465114593506e-01
6.860320093124983032e-04
1.510873585939407349e-01
-2.667426466941833496e-01
-1.366702652443052557e-02
1.914293617010116577e-01
-2.243173718452453613e-01
-2.456133066583277014e-02
2.068341821432113647e-01
-1.697221696376800537e-01
-2.994205429125429418e-02
8.230255544185638428e-02
-1.893469095230102539e-01
-1.994851603079439428e-02
1.477931886911392212e-01
-2.659849822521209717e-01
-3.162852301169039038e-02
1.884879618883132935e-01
-2.258051633834838867e-01
-3.687850012350679663e-02
2.045477181673049927e-01
-1.714315116405487061e-01
-3.840979187656046179e-02
8.700241148471832275e-02
-1.606312692165374756e-01
-4.063717647362352636e-02
1.443637460470199585e-01
-2.060245275497436523e-01
-4.916065557766557959e-02
1.804472059011459351e-01
-1.878734230995178223e-01
-5.078557877708078649e-02
1.994944363832473755e-01
-1.551432609558105469e-01
-5.048676951695085791e-02
