0.000000000000000000e+00
0.000000000000000000e+00
0.000000000000000000e+00
5.775877833366394043e-02
2.441477775573730469e-02
1.103358046930225100e-02
1.137079596519470215e-01
1.667648553848266602e-02
1.113778242688567843e-02
1.515095233917236328e-01
3.159821033477783203e-02
3.555537497959448956e-03
1.786395609378814697e-01
6.447631120681762695e-02
-3.868432186209247448e-03
1.284085810184478760e-01
-1.380792856216430664e-01
2.109095157902629580e-02
1.672392189502716064e-01
-2.126949429512023926e-01
5.624268034807755612e-03
1.906145513057708740e-01
-1.798192858695983887e-01
-9.208020923324511386e-03
1.965066194534301758e-01
-1.307678818702697754e-01
-1.712144276280014310e-02
1.158672869205474854e-01
-1.512956023216247559e-01
3.862251824102713726e-03
1.628158688545227051e-01
-2.320057451725006104e-01
-1.278549915332405362e-02
1.896815001964569092e-01
-1.878539919853210449e-01
-2.682019135136215482e-02
1.899799704551696777e-01
-1.310924291610717773e-01
-3.317368513125984464e-02
1.032357811927795410e-01
-1.560643911361694336e-01
-1.523852644641010556e-02
1.517100632190704346e-01
-2.322580516338348389e-01
-2.892288116890995298e-02
1.821292340755462646e-01
-1.888539493083953857e-01
-3.676904102940170560e-02
1.886839270591735840e-01
-1.334333419799804688e-01
-3.883360436338989530e-02
9.153592586517333984e-02
-1.476997137069702148e-01
-3.453400468606560025e-02
1.345990598201751709e-01
-1.898736655712127686e-01
-4.649496561069099698e-02
1.652220189571380615e-01
-1.676134467124938965e-01
-5.139462014813034330e-02
1.793598532676696777e-01
-1.312361359596252441e-01
-5.221881082434265409e-02
