0.000000000000000000e+00
0.000000000000000000e+00
0.000000000000000000e+00
6.849995255470275879e-02
2.235484123229980469e-02
1.395964256951742755e-02
1.303105950355529785e-01
8.935034275054931641e-03
1.168682340065174685e-02
1.742969155311584473e-01
2.974820137023925781e-02
-1.218567151397564885e-04
1.989331543445587158e-01
7.748162746429443359e-02
-1.184473831673926725e-02
1.311767101287841797e-01
-1.670991480350494385e-01
2.519842057952814685e-02
1.744622886180877686e-01
-2.427051961421966553e-01
1.117768425027065859e-02
2.036843001842498779e-01
-2.049919366836547852e-01
-2.749418769980138677e-03
2.135929465293884277e-01
-1.514162421226501465e-01
-1.073167186697787656e-02
1.167360842227935791e-01
-1.807365417480468750e-01
4.373707878386312586e-03
1.703904569149017334e-01
-2.633425593376159668e-01
-9.991736081445878881e-03
2.034335136413574219e-01
-2.114315330982208252e-01
-2.127641618719167127e-02
2.081160843372344971e-01
-1.515651643276214600e-01
-2.603649341037339582e-02
1.057853102684020996e-01
-1.779475510120391846e-01
-1.828368932476109876e-02
1.623524427413940430e-01
-2.607280611991882324e-01
-2.966533408036298169e-02
1.997113525867462158e-01
-2.099034488201141357e-01
-3.417658053805894269e-02
2.100684344768524170e-01
-1.509341597557067871e-01
-3.418954082300729169e-02
1.001812219619750977e-01
-1.548705995082855225e-01
-4.138158627321786298e-02
1.517947018146514893e-01
-2.028878629207611084e-01
-4.994135715534753217e-02
1.870881915092468262e-01
-1.749489903450012207e-01
-5.120126523544854535e-02
2.028296291828155518e-01
-1.343559920787811279e-01
-4.981531568338937177e-02
