0.000000000000000000e+00
0.000000000000000000e+00
0.000000000000000000e+00
6.648388504981994629e-02
1.171922683715820312e-02
1.360135102392234785e-02
1.268703341484069824e-01
-8.684694766998291016e-03
1.118123480797805769e-02
1.701974868774414062e-01
6.211757659912109375e-03
5.176268353039858994e-04
1.989452838897705078e-01
3.886663913726806641e-02
-9.941872714748001272e-03
1.132181882858276367e-01
-1.971810758113861084e-01
1.911584144205846769e-02
1.640416979789733887e-01
-2.611055970191955566e-01
5.239524838785314387e-03
1.994233429431915283e-01
-2.274246513843536377e-01
-7.944016291489219839e-03
2.170552611351013184e-01
-1.797153651714324951e-01
-1.536925653248033541e-02
9.951463341712951660e-02
-2.077666819095611572e-01
-3.827502766711177173e-04
1.651419997215270996e-01
-2.799917161464691162e-01
-1.388313671826324480e-02
2.037211656570434570e-01
-2.342523634433746338e-01
-2.431929813950262087e-02
2.148389518260955811e-01
-1.780391335487365723e-01
-2.891161622731885927e-02
9.194239974021911621e-02
-1.981338560581207275e-01
-2.096941838293275850e-02
1.567064225673675537e-01
-2.770646512508392334e-01
-3.128832908599576967e-02
1.984407901763916016e-01
-2.341546416282653809e-01
-3.544173719613752382e-02
2.140525281429290771e-01
-1.783170998096466064e-01
-3.591807516544065493e-02
9.204915165901184082e-02
-1.677180528640747070e-01
-4.169603394596776980e-02
1.477490365505218506e-01
-2.183427512645721436e-01
-4.954270975916585940e-02
1.848179101943969727e-01
-1.991212069988250732e-01
-5.028035821645460146e-02
2.041075229644775391e-01
-1.646772027015686035e-01
-4.885516273110113161e-02
