0.000000000000000000e+00
0.000000000000000000e+00
0.000000000000000000e+00
6.661465764045715332e-02
1.216536760330200195e-02
1.245340526524785218e-02
1.198128312826156616e-01
3.241896629333496094e-03
7.787436325585872510e-03
1.575879901647567749e-01
1.631957292556762695e-02
-4.914735365176170490e-03
1.882949024438858032e-01
4.828798770904541016e-02
-1.785197194244858565e-02
1.162156015634536743e-01
-1.497181057929992676e-01
1.186809231016638932e-02
1.548316329717636108e-01
-2.263674736022949219e-01
-7.326375614368885181e-03
1.819757670164108276e-01
-1.909914016723632812e-01
-2.307280983355042281e-02
1.919503360986709595e-01
-1.419368386268615723e-01
-3.158498454418179335e-02
1.008815467357635498e-01
-1.581234335899353027e-01
-8.157556797826259753e-03
1.517891436815261841e-01
-2.340419888496398926e-01
-2.712895247664448561e-02
1.822369843721389771e-01
-1.866708993911743164e-01
-3.997022185053822341e-02
1.868010312318801880e-01
-1.332895159721374512e-01
-4.589945349421498122e-02
8.739469945430755615e-02
-1.520776748657226562e-01
-2.943867902781960311e-02
1.377303153276443481e-01
-2.181959152221679688e-01
-4.407773438420292678e-02
1.726076453924179077e-01
-1.756139397621154785e-01
-4.925776917066571059e-02
1.838777512311935425e-01
-1.260276436805725098e-01
-4.999872568573948683e-02
7.614639401435852051e-02
-1.296133995056152344e-01
-5.074133622970578017e-02
1.189551502466201782e-01
-1.699673533439636230e-01
-6.260802495803829970e-02
1.532047241926193237e-01
-1.520613431930541992e-01
-6.573876637544628920e-02
1.716113835573196411e-01
-1.232834458351135254e-01
-6.570237773981091323e-02
