0.000000000000000000e+00
0.000000000000000000e+00
0.000000000000000000e+00
6.684052944183349609e-02
-7.680416107177734375e-03
1.455679676000443123e-02
1.113277375698089600e-01
-4.007047414779663086e-02
1.192751573834982537e-02
1.494770944118499756e-01
-3.959280252456665039e-02
2.874693644088210931e-04
1.825989782810211182e-01
-2.645730972290039062e-02
-1.090622832562360145e-02
7.058030366897583008e-02
-2.177476584911346436e-01
2.153844433341589593e-02
1.229333281517028809e-01
-2.909188866615295410e-01
7.757139396559864508e-03
1.620244979858398438e-01
-2.685274481773376465e-01
-5.799205969381659997e-03
1.841992735862731934e-01
-2.286687195301055908e-01
-1.322019425715836860e-02
6.516867876052856445e-02
-2.236653864383697510e-01
2.769072311636477934e-03
1.294100284576416016e-01
-3.107916116714477539e-01
-7.559985383707612527e-03
1.699250638484954834e-01
-2.825420200824737549e-01
-1.697369990434083320e-02
1.890254616737365723e-01
-2.374233305454254150e-01
-2.228285138990315772e-02
7.119208574295043945e-02
-2.095486521720886230e-01
-1.728938845481309272e-02
1.329831779003143311e-01
-3.023636639118194580e-01
-2.408733916963967658e-02
1.747537553310394287e-01
-2.772328853607177734e-01
-2.791359787370595313e-02
1.956532597541809082e-01
-2.319100797176361084e-01
-2.952097681846055366e-02
8.919832110404968262e-02
-1.776379644870758057e-01
-3.766956505860719062e-02
1.417453587055206299e-01
-2.427223324775695801e-01
-4.035423649038705207e-02
1.769883334636688232e-01
-2.387621104717254639e-01
-3.922603232349786140e-02
1.986093521118164062e-01
-2.152272760868072510e-01
-3.807708201493653632e-02
