0.000000000000000000e+00
0.000000000000000000e+00
0.000000000000000000e+00
6.355786323547363281e-02
2.732038497924804688e-02
6.794589043323639999e-03
1.265633404254913330e-01
1.560246944427490234e-02
4.667335592870358596e-03
1.700831651687622070e-01
3.826892375946044922e-02
-4.747121657516117921e-03
1.960627138614654541e-01
8.805060386657714844e-02
-1.451134268873488509e-02
1.379295289516448975e-01
-1.385000348091125488e-01
1.870374421841347612e-02
1.761583387851715088e-01
-2.119239866733551025e-01
4.237957236085776458e-03
2.036601603031158447e-01
-1.891039311885833740e-01
-1.006256469273125731e-02
2.173897027969360352e-01
-1.466307342052459717e-01
-1.892565895551001631e-02
1.239438056945800781e-01
-1.570066809654235840e-01
1.972368622858766685e-03
1.707973182201385498e-01
-2.487894296646118164e-01
-1.608242799275672041e-02
2.026605606079101562e-01
-2.120816111564636230e-01
-3.076717030936038100e-02
2.114093899726867676e-01
-1.550076305866241455e-01
-3.746944439345156752e-02
1.074215471744537354e-01
-1.657742857933044434e-01
-1.704352681272780501e-02
1.586886942386627197e-01
-2.595361471176147461e-01
-3.393412899905001723e-02
1.938317418098449707e-01
-2.188462018966674805e-01
-4.434450861745631300e-02
2.070581912994384766e-01
-1.597605943679809570e-01
-4.741474759512698256e-02
9.117290377616882324e-02
-1.599936783313751221e-01
-3.645500314169680678e-02
1.390296220779418945e-01
-2.102350592613220215e-01
-5.086717155509745680e-02
1.742225885391235352e-01
-1.903387904167175293e-01
-5.802959349685465895e-02
1.940045356750488281e-01
-1.524679660797119141e-01
-6.048270088368212782e-02
