0.000000000000000000e+00
0.000000000000000000e+00
0.000000000000000000e+00
6.025037169456481934e-02
2.446174621582031250e-02
5.692304001627235266e-03
1.166839897632598877e-01
1.671689748764038086e-02
1.365407725302247854e-03
1.596387922763824463e-01
3.245967626571655273e-02
-1.002380169791194930e-02
1.903507113456726074e-01
6.924480199813842773e-02
-2.133627340060684219e-02
1.285174787044525146e-01
-1.278563737869262695e-01
1.196345675873544678e-02
1.627452373504638672e-01
-2.102192938327789307e-01
-6.402104272069664148e-03
1.863121092319488525e-01
-1.836901605129241943e-01
-2.132375828784915939e-02
1.954355537891387939e-01
-1.382691562175750732e-01
-2.920768700403186813e-02
1.150837540626525879e-01
-1.441009342670440674e-01
-4.349678865196437982e-03
1.564793884754180908e-01
-2.397840917110443115e-01
-2.302938617629024520e-02
1.847629547119140625e-01
-2.028775811195373535e-01
-3.523168630761119857e-02
1.910783052444458008e-01
-1.493285000324249268e-01
-4.010789759320232406e-02
9.945568442344665527e-02
-1.490432024002075195e-01
-2.305555820328208938e-02
1.447391808032989502e-01
-2.385596334934234619e-01
-4.046412102741214767e-02
1.769533157348632812e-01
-2.005985379219055176e-01
-4.686325333875629440e-02
1.886228322982788086e-01
-1.471531391143798828e-01
-4.696300916236850753e-02
8.346989750862121582e-02
-1.391925513744354248e-01
-4.228131763500186935e-02
1.262422800064086914e-01
-1.853897869586944580e-01
-5.728507332366916671e-02
1.609026491641998291e-01
-1.670171618461608887e-01
-6.265298567575428024e-02
1.812816560268402100e-01
-1.340470016002655029e-01
-6.321041576427433029e-02
