0.000000000000000000e+00
0.000000000000000000e+00
0.000000000000000000e+00
5.263738334178924561e-02
2.819192409515380859e-02
8.379691623517260268e-03
1.113232970237731934e-01
2.038466930389404297e-02
6.443062674620136931e-03
1.520620286464691162e-01
3.851753473281860352e-02
-2.994355868182196900e-03
1.803616583347320557e-01
7.468390464782714844e-02
-1.219086687230230837e-02
1.284264922142028809e-01
-1.260396838188171387e-01
1.809880264885066481e-02
1.700124144554138184e-01
-2.037323713302612305e-01
6.106530720302316695e-04
1.930176317691802979e-01
-1.689530313014984131e-01
-1.528562757336260347e-02
1.949471533298492432e-01
-1.161780953407287598e-01
-2.337267122381092577e-02
1.169084012508392334e-01
-1.397128105163574219e-01
1.192048185870930865e-03
1.656360924243927002e-01
-2.230000197887420654e-01
-1.588252618127228288e-02
1.922475397586822510e-01
-1.782267689704895020e-01
-2.984156145863892107e-02
1.900029480457305908e-01
-1.223667263984680176e-01
-3.620556428246857195e-02
1.042855679988861084e-01
-1.466554701328277588e-01
-1.802669524364830522e-02
1.556325852870941162e-01
-2.234364151954650879e-01
-3.188705130629898576e-02
1.863099634647369385e-01
-1.789562702178955078e-01
-3.867238446288467912e-02
1.911765336990356445e-01
-1.245639324188232422e-01
-3.999756707959534197e-02
9.153845906257629395e-02
-1.409676671028137207e-01
-3.781399562173248796e-02
1.365726292133331299e-01
-1.812200546264648438e-01
-4.955153226070763139e-02
1.685836017131805420e-01
-1.596518456935882568e-01
-5.406893848591209917e-02
1.826890110969543457e-01
-1.259139180183410645e-01
-5.471172987633110552e-02
