0.000000000000000000e+00
0.000000000000000000e+00
0.000000000000000000e+00
6.819728016853332520e-02
1.871585845947265625e-04
1.240586916765096248e-02
1.159367859363555908e-01
-2.885323762893676758e-02
1.049254051258685649e-02
1.551013886928558350e-01
-2.321720123291015625e-02
4.605204981089627836e-04
1.880690157413482666e-01
-6.235659122467041016e-03
-8.800781715308403363e-03
8.159378170967102051e-02
-2.069381177425384521e-01
2.026553227415206493e-02
1.348552405834197998e-01
-2.711867988109588623e-01
6.496314041669393191e-03
1.739088594913482666e-01
-2.462011575698852539e-01
-7.273340515439485898e-03
1.954665780067443848e-01
-2.065187394618988037e-01
-1.512993072310564457e-02
7.435557246208190918e-02
-2.147350907325744629e-01
2.727772424350405345e-03
1.375587880611419678e-01
-2.943169176578521729e-01
-9.500285993908619275e-03
1.786887943744659424e-01
-2.631680965423583984e-01
-1.984573566505787312e-02
1.972607076168060303e-01
-2.170332074165344238e-01
-2.542278022656319081e-02
7.774111628532409668e-02
-2.011871039867401123e-01
-1.628762521932003438e-02
1.399163007736206055e-01
-2.894869744777679443e-01
-2.605663278291103779e-02
1.813018918037414551e-01
-2.619639039039611816e-01
-3.169862033018944203e-02
2.013231515884399414e-01
-2.158633172512054443e-01
-3.377301470527527272e-02
9.259068965911865234e-02
-1.685114800930023193e-01
-3.558917940745232045e-02
1.465435922145843506e-01
-2.279732525348663330e-01
-4.215201587567207753e-02
1.820759475231170654e-01
-2.229284942150115967e-01
-4.379298390040275990e-02
2.036733329296112061e-01
-1.995770037174224854e-01
-4.386398793349144398e-02
