0.000000000000000000e+00
0.000000000000000000e+00
0.000000000000000000e+00
6.447762250900268555e-02
1.943153142929077148e-02
1.302033615584718973e-02
1.222759485244750977e-01
5.468666553497314453e-03
1.080205896224128992e-02
1.643120646476745605e-01
2.136540412902832031e-02
1.233727752207869344e-04
1.925608515739440918e-01
6.042337417602539062e-02
-1.046451135252368658e-02
1.194699108600616455e-01
-1.584559679031372070e-01
2.283397828514921457e-02
1.620721220970153809e-01
-2.192554175853729248e-01
9.804606896892664736e-03
1.903933584690093994e-01
-1.834450364112854004e-01
-3.498653887703540022e-03
2.012265920639038086e-01
-1.369299888610839844e-01
-1.160546532545936316e-02
1.059603691101074219e-01
-1.710346043109893799e-01
3.371425665051219767e-03
1.615414917469024658e-01
-2.378160357475280762e-01
-1.023730589722049444e-02
1.916183829307556152e-01
-1.890097260475158691e-01
-2.148556383971822470e-02
1.955146193504333496e-01
-1.356804966926574707e-01
-2.686973708395612448e-02
9.516578912734985352e-02
-1.687226593494415283e-01
-1.762626553599488943e-02
1.525522172451019287e-01
-2.352151870727539062e-01
-2.884833375637185782e-02
1.863383650779724121e-01
-1.872371733188629150e-01
-3.302180255477082937e-02
1.949204206466674805e-01
-1.340907812118530273e-01
-3.349966044251573294e-02
8.825102448463439941e-02
-1.482435166835784912e-01
-3.887872258846414297e-02
1.393394470214843750e-01
-1.820895373821258545e-01
-4.795548553292405813e-02
1.722406744956970215e-01
-1.565866470336914062e-01
-4.950677091900956839e-02
1.874913275241851807e-01
-1.232472062110900879e-01
-4.880379001323831289e-02
