0.000000000000000000e+00
0.000000000000000000e+00
0.000000000000000000e+00
6.401871144771575928e-02
2.084767818450927734e-02
5.746934590590058178e-03
1.265889853239059448e-01
1.006478071212768555e-02
7.574106843293293423e-04
1.677261143922805786e-01
3.251737356185913086e-02
-1.110766173367494503e-02
1.942980438470840454e-01
7.436704635620117188e-02
-2.305861187194579998e-02
1.335427612066268921e-01
-1.609401404857635498e-01
7.335445405644236416e-03
1.722359806299209595e-01
-2.528928220272064209e-01
-1.298161220763915935e-02
2.027359157800674438e-01
-2.279570400714874268e-01
-2.878513184403175273e-02
2.161153107881546021e-01
-1.782673895359039307e-01
-3.676304404650920787e-02
1.169071644544601440e-01
-1.733081936836242676e-01
-9.596991325068415790e-03
1.658255010843276978e-01
-2.759009301662445068e-01
-3.012261723195308605e-02
2.019780129194259644e-01
-2.371120750904083252e-01
-4.338460226570362011e-02
2.120457738637924194e-01
-1.797705292701721191e-01
-4.871444960151904979e-02
9.928856790065765381e-02
-1.750545203685760498e-01
-2.861587700461143413e-02
1.515471190214157104e-01
-2.723883688449859619e-01
-4.736507494961017528e-02
1.913765221834182739e-01
-2.314677536487579346e-01
-5.628667582784885326e-02
2.064039260149002075e-01
-1.743400394916534424e-01
-5.797987987314456859e-02
8.293037116527557373e-02
-1.618771255016326904e-01
-4.790941809331172863e-02
1.302407830953598022e-01
-2.196645736694335938e-01
-6.453479264889949718e-02
1.676416546106338501e-01
-2.030434906482696533e-01
-7.141799663220638195e-02
1.872612982988357544e-01
-1.676481664180755615e-01
-7.288646136437648693e-02
