0.000000000000000000e+00
0.000000000000000000e+00
0.000000000000000000e+00
6.621439754962921143e-02
1.667910814285278320e-02
1.059630755190710261e-02
1.225555986166000366e-01
-3.803730010986328125e-03
9.544781035231153510e-03
1.639477461576461792e-01
6.281495094299316406e-03
1.587033810324101069e-04
1.941415816545486450e-01
3.912281990051269531e-02
-8.384983429266412713e-03
1.160583943128585815e-01
-1.797524988651275635e-01
2.511615641270736887e-02
1.551359742879867554e-01
-2.512090802192687988e-01
9.558050519274274848e-03
1.867061406373977661e-01
-2.202458083629608154e-01
-5.829802156938512780e-03
1.996296495199203491e-01
-1.682832241058349609e-01
-1.405972745413919256e-02
1.022501140832901001e-01
-1.929228603839874268e-01
8.077486044214765570e-03
1.524914056062698364e-01
-2.732078731060028076e-01
-7.717945986939866998e-03
1.863903552293777466e-01
-2.306541204452514648e-01
-2.019945196951766775e-02
1.963589936494827271e-01
-1.731238365173339844e-01
-2.529922537650008962e-02
9.358517825603485107e-02
-1.887094676494598389e-01
-1.130581125761409567e-02
1.468084901571273804e-01
-2.698724865913391113e-01
-2.469248362029929922e-02
1.843742281198501587e-01
-2.310250699520111084e-01
-3.160305172349353597e-02
1.983545869588851929e-01
-1.753324568271636963e-01
-3.274460360552211569e-02
9.115038812160491943e-02
-1.648420095443725586e-01
-3.126501888181110189e-02
1.412516981363296509e-01
-2.067696750164031982e-01
-4.215165451313396261e-02
1.773163527250289917e-01
-1.872265636920928955e-01
-4.606478139902492330e-02
1.972882300615310669e-01
-1.517918407917022705e-01
-4.611939788009067343e-02
