0.000000000000000000e+00
0.000000000000000000e+00
0.000000000000000000e+00
6.716790795326232910e-02
-8.255779743194580078e-03
1.394576711891204468e-02
1.130014657974243164e-01
-4.130715131759643555e-02
1.334266031471997849e-02
1.497389078140258789e-01
-3.796952962875366211e-02
4.468674700092378771e-03
1.827738583087921143e-01
-2.149194478988647461e-02
-3.706154484916623915e-03
7.549673318862915039e-02
-2.190863192081451416e-01
2.235272938696653000e-02
1.256548166275024414e-01
-2.924825549125671387e-01
8.986593618374172365e-03
1.650580167770385742e-01
-2.715965211391448975e-01
-4.476861633975204313e-03
1.880138218402862549e-01
-2.342855930328369141e-01
-1.183535491736620315e-02
6.930831074714660645e-02
-2.242670059204101562e-01
4.515911381076875841e-03
1.297323405742645264e-01
-3.112891912460327148e-01
-6.109463588018115843e-03
1.703715324401855469e-01
-2.867138385772705078e-01
-1.599528787346571335e-02
1.901234090328216553e-01
-2.448166906833648682e-01
-2.141291049929350265e-02
7.417702674865722656e-02
-2.094983458518981934e-01
-1.478588448526352295e-02
1.327921152114868164e-01
-3.036180138587951660e-01
-2.268623521240442642e-02
1.737318336963653564e-01
-2.827754318714141846e-01
-2.840411064835279831e-02
1.954277455806732178e-01
-2.403244674205780029e-01
-3.079915193529814132e-02
9.066385030746459961e-02
-1.777954101562500000e-01
-3.435498436601847061e-02
1.407415568828582764e-01
-2.436818182468414307e-01
-3.910115321787088760e-02
1.765061020851135254e-01
-2.436898052692413330e-01
-4.031604489000528702e-02
1.997262537479400635e-01
-2.228752076625823975e-01
-4.033076723726480850e-02
