0.000000000000000000e+00
0.000000000000000000e+00
0.000000000000000000e+00
6.233830749988555908e-02
2.645474672317504883e-02
6.064133685683259500e-03
1.250305324792861938e-01
1.615792512893676758e-02
3.500374001120576395e-03
1.684501618146896362e-01
3.823417425155639648e-02
-6.109515703613510595e-03
1.950600296258926392e-01
8.532077074050903320e-02
-1.586087284177040146e-02
1.359898298978805542e-01
-1.427513659000396729e-01
1.800121503383422805e-02
1.729256957769393921e-01
-2.160087823867797852e-01
3.517046072190055384e-03
2.006647735834121704e-01
-1.926337480545043945e-01
-1.086785135358070420e-02
2.147044688463211060e-01
-1.489853560924530029e-01
-1.959053476839756058e-02
1.215922087430953979e-01
-1.613743305206298828e-01
1.763695818041810526e-03
1.674631685018539429e-01
-2.541164755821228027e-01
-1.522783146738504456e-02
2.007157057523727417e-01
-2.204394936561584473e-01
-2.926806782870983170e-02
2.109723538160324097e-01
-1.635411083698272705e-01
-3.572328252285217332e-02
1.051089018583297729e-01
-1.700750291347503662e-01
-1.676488717585300492e-02
1.550825089216232300e-01
-2.625799179077148438e-01
-3.278754142611717270e-02
1.909917742013931274e-01
-2.242478132247924805e-01
-4.242654753416275071e-02
2.053469270467758179e-01
-1.666686534881591797e-01
-4.513122750013565110e-02
8.936505019664764404e-02
-1.635575890541076660e-01
-3.580001232712959336e-02
1.374333947896957397e-01
-2.114087939262390137e-01
-4.937843469470237778e-02
1.720461398363113403e-01
-1.915187835693359375e-01
-5.544252929776405381e-02
1.912287622690200806e-01
-1.538334488868713379e-01
-5.703078819006179856e-02
