0.000000000000000000e+00
0.000000000000000000e+00
0.000000000000000000e+00
7.024490833282470703e-02
-9.667098522186279297e-03
1.467991003222834934e-02
1.164887547492980957e-01
-3.866738080978393555e-02
1.322146539963853229e-02
1.529018878936767578e-01
-3.384828567504882812e-02
2.921355072558640131e-03
1.869707107543945312e-01
-1.742792129516601562e-02
-6.880520494505049101e-03
7.914149761199951172e-02
-2.167242169380187988e-01
2.294520137287747730e-02
1.301168501377105713e-01
-2.884661555290222168e-01
9.321571676210282931e-03
1.698991656303405762e-01
-2.642482221126556396e-01
-4.537618836238266340e-03
1.934071183204650879e-01
-2.270805239677429199e-01
-1.249394437841999661e-02
7.258978486061096191e-02
-2.221726477146148682e-01
4.136974340454457888e-03
1.340686380863189697e-01
-3.091068565845489502e-01
-7.582346094622494093e-03
1.763879060745239258e-01
-2.825983166694641113e-01
-1.896012912116873395e-02
1.971016824245452881e-01
-2.389756441116333008e-01
-2.538650261782038342e-02
7.601884007453918457e-02
-2.076626121997833252e-01
-1.593444275282251965e-02
1.348390877246856689e-01
-3.025793731212615967e-01
-2.469292061947214734e-02
1.766495108604431152e-01
-2.775829434394836426e-01
-3.094572352789271008e-02
1.981288194656372070e-01
-2.321811318397521973e-01
-3.360409254752028119e-02
9.080544114112854004e-02
-1.755295097827911377e-01
-3.619244659863340985e-02
1.421963274478912354e-01
-2.391405105590820312e-01
-4.153380135618078839e-02
1.785761117935180664e-01
-2.362174093723297119e-01
-4.296351189337599408e-02
2.017845511436462402e-01
-2.131745219230651855e-01
-4.308149183712828290e-02
