0.000000000000000000e+00
0.000000000000000000e+00
0.000000000000000000e+00
5.501830577850341797e-02
2.736756205558776855e-02
3.643724645129964301e-03
1.122894585132598877e-01
2.153524756431579590e-02
-6.747210429836059120e-04
1.532993614673614502e-01
4.075333476066589355e-02
-1.073005744571275955e-02
1.797806918621063232e-01
7.981595396995544434e-02
-2.053043381626196151e-02
1.275207102298736572e-01
-1.167816817760467529e-01
4.886035850844905326e-03
1.614761948585510254e-01
-2.041021585464477539e-01
-1.287329891080446487e-02
1.834349930286407471e-01
-1.775767803192138672e-01
-2.609146708006448989e-02
1.881789565086364746e-01
-1.331790685653686523e-01
-3.254798748845644241e-02
1.133369207382202148e-01
-1.327825486660003662e-01
-9.258645077593996575e-03
1.548518836498260498e-01
-2.295267879962921143e-01
-2.774138138944692855e-02
1.810012459754943848e-01
-1.933014094829559326e-01
-3.879105248803682571e-02
1.822582185268402100e-01
-1.430454552173614502e-01
-4.285255768651552444e-02
9.626060724258422852e-02
-1.398289799690246582e-01
-2.538107284659929519e-02
1.411173343658447266e-01
-2.276057600975036621e-01
-4.257813790196962600e-02
1.705055236816406250e-01
-1.909031271934509277e-01
-4.883548566455431228e-02
1.776907444000244141e-01
-1.413727700710296631e-01
-4.899811693782396560e-02
7.718670368194580078e-02
-1.351694762706756592e-01
-4.191827350611276870e-02
1.181497275829315186e-01
-1.802325844764709473e-01
-5.777942338342256789e-02
1.509231925010681152e-01
-1.636259853839874268e-01
-6.419426151866503005e-02
1.688123941421508789e-01
-1.339096426963806152e-01
-6.553912856931276565e-02
