0.000000000000000000e+00
0.000000000000000000e+00
0.000000000000000000e+00
5.432204902172088623e-02
2.531021833419799805e-02
3.513742144775733323e-03
1.106255501508712769e-01
2.092343568801879883e-02
-1.384984678963974147e-03
1.496245414018630981e-01
4.230189323425292969e-02
-1.209875019304718080e-02
1.752839833498001099e-01
8.210963010787963867e-02
-2.259397329800094667e-02
1.247065514326095581e-01
-1.205460131168365479e-01
4.219571966302737565e-03
1.601408869028091431e-01
-2.115103304386138916e-01
-1.419018590860332552e-02
1.805228143930435181e-01
-1.785972416400909424e-01
-2.818780588023628297e-02
1.828687936067581177e-01
-1.313210427761077881e-01
-3.499893667213882509e-02
1.108752638101577759e-01
-1.352658867835998535e-01
-9.898331109809532791e-03
1.536930948495864868e-01
-2.320010364055633545e-01
-2.900909083001579347e-02
1.782712489366531372e-01
-1.877942383289337158e-01
-4.086244301907981935e-02
1.761105805635452271e-01
-1.355132162570953369e-01
-4.533087285273040834e-02
9.428419172763824463e-02
-1.421182155609130859e-01
-2.587240943722690645e-02
1.389233320951461792e-01
-2.299041450023651123e-01
-4.237536909096206728e-02
1.673204153776168823e-01
-1.867533028125762939e-01
-4.846092881672348085e-02
1.719730943441390991e-01
-1.350926756858825684e-01
-4.851915137879814210e-02
7.582305371761322021e-02
-1.379976570606231689e-01
-4.236584352366890016e-02
1.154237240552902222e-01
-1.873500645160675049e-01
-5.746737690679992738e-02
1.478422135114669800e-01
-1.662123501300811768e-01
-6.338617028706039491e-02
1.638994961977005005e-01
-1.324861049652099609e-01
-6.437857272140945497e-02
