0.000000000000000000e+00
0.000000000000000000e+00
0.000000000000000000e+00
6.204469501972198486e-02
2.316021919250488281e-02
1.390780164223315296e-02
1.193979829549789429e-01
4.926204681396484375e-03
1.595460092943312702e-02
1.597641259431838989e-01
1.224452257156372070e-02
9.506010732764025306e-03
1.841046959161758423e-01
4.703974723815917969e-02
3.279145390877147292e-03
1.217064410448074341e-01
-1.498503983020782471e-01
2.951474516015650806e-02
1.607159823179244995e-01
-2.078903019428253174e-01
1.920980057042243061e-02
1.885993629693984985e-01
-1.762798428535461426e-01
7.430909949505348777e-03
1.999252289533615112e-01
-1.309255957603454590e-01
2.619084465891319269e-04
1.096062809228897095e-01
-1.654182374477386475e-01
1.118983356576563892e-02
1.589024513959884644e-01
-2.328968346118927002e-01
-1.482080502285043622e-03
1.892022043466567993e-01
-1.884233653545379639e-01
-1.239496068734524670e-02
1.957659274339675903e-01
-1.346125304698944092e-01
-1.700568357188103619e-02
9.932728111743927002e-02
-1.669428646564483643e-01
-9.046824366635064507e-03
1.535446494817733765e-01
-2.380726039409637451e-01
-2.113864356357453289e-02
1.872126013040542603e-01
-1.920449137687683105e-01
-2.715736413080094280e-02
1.976384073495864868e-01
-1.367855668067932129e-01
-2.805918799418805065e-02
9.274648129940032959e-02
-1.502350866794586182e-01
-2.936594346243737164e-02
1.439316123723983765e-01
-1.855354309082031250e-01
-4.023164482492802563e-02
1.766431480646133423e-01
-1.582854986190795898e-01
-4.399704159874318066e-02
1.927646249532699585e-01
-1.205408573150634766e-01
-4.431829573292134228e-02
