0.000000000000000000e+00
0.000000000000000000e+00
0.000000000000000000e+00
6.238259375095367432e-02
1.885777711868286133e-02
3.883968480366206677e-03
1.283246129751205444e-01
5.779266357421875000e-03
-1.403096690339111774e-03
1.727390438318252563e-01
2.626985311508178711e-02
-1.345396051139857718e-02
2.028449028730392456e-01
6.553965806961059570e-02
-2.497835652859237143e-02
1.306580454111099243e-01
-1.712417006492614746e-01
1.026384895710918954e-02
1.717400103807449341e-01
-2.621221542358398438e-01
-9.663061331522726505e-03
2.034480720758438110e-01
-2.334652841091156006e-01
-2.597828032405402610e-02
2.145119160413742065e-01
-1.824031472206115723e-01
-3.398988218934562155e-02
1.142139285802841187e-01
-1.841949224472045898e-01
-5.534131638270878284e-03
1.655620187520980835e-01
-2.832770049571990967e-01
-2.536987150044467398e-02
2.023550122976303101e-01
-2.393933534622192383e-01
-3.917302386791732260e-02
2.094071954488754272e-01
-1.806353330612182617e-01
-4.469461189539458701e-02
9.860302507877349854e-02
-1.863127946853637695e-01
-2.379554333121802756e-02
1.532753258943557739e-01
-2.798219919204711914e-01
-4.166318671734359214e-02
1.941512376070022583e-01
-2.342039048671722412e-01
-5.050528245003249594e-02
2.065506428480148315e-01
-1.754847466945648193e-01
-5.201633097560431906e-02
8.568309247493743896e-02
-1.725467741489410400e-01
-4.262389810712363669e-02
1.369093209505081177e-01
-2.283516824245452881e-01
-5.738030197055365988e-02
1.739184707403182983e-01
-2.022579610347747803e-01
-6.246134461791541526e-02
1.893110126256942749e-01
-1.597803533077239990e-01
-6.261952789456870505e-02
