0.000000000000000000e+00
0.000000000000000000e+00
0.000000000000000000e+00
6.769344210624694824e-02
2.139598131179809570e-02
1.236235881245306700e-02
1.308076381683349609e-01
6.369531154632568359e-03
1.031482750570944518e-02
1.754066050052642822e-01
2.429574728012084961e-02
-1.488617444636020082e-04
2.021265625953674316e-01
6.575351953506469727e-02
-1.022823555373975069e-02
1.282097399234771729e-01
-1.747737526893615723e-01
2.314381180352143019e-02
1.730002462863922119e-01
-2.414174973964691162e-01
9.378944244446074663e-03
2.053927183151245117e-01
-2.092571258544921875e-01
-4.196401033340180220e-03
2.198677659034729004e-01
-1.587751507759094238e-01
-1.187905231469699174e-02
1.137256026268005371e-01
-1.881845891475677490e-01
4.188878648193394838e-03
1.723132431507110596e-01
-2.656297385692596436e-01
-1.004092609488793642e-02
2.070771157741546631e-01
-2.210732102394104004e-01
-2.081308634930678636e-02
2.158291637897491455e-01
-1.633126139640808105e-01
-2.513068290406295091e-02
1.035619080066680908e-01
-1.832758188247680664e-01
-1.648154789560862810e-02
1.644072234630584717e-01
-2.629860341548919678e-01
-2.820569025331565172e-02
2.029497325420379639e-01
-2.182430922985076904e-01
-3.291733683997222215e-02
2.167734205722808838e-01
-1.607545614242553711e-01
-3.314259024315902025e-02
9.953138232231140137e-02
-1.576721370220184326e-01
-3.756201760822364122e-02
1.539970338344573975e-01
-2.023138701915740967e-01
-4.670062037163802415e-02
1.901714503765106201e-01
-1.792012155055999756e-01
-4.839495317989417345e-02
2.092459797859191895e-01
-1.421270668506622314e-01
-4.731667162829467088e-02
