0.000000000000000000e+00
0.000000000000000000e+00
0.000000000000000000e+00
5.699369311332702637e-02
-3.266733884811401367e-02
-5.287048521751103181e-03
1.089524105191230774e-01
-1.084032654762268066e-01
-1.481183536660068967e-02
1.474810764193534851e-01
-1.534384489059448242e-01
-2.803027455072992780e-02
1.826641932129859924e-01
-1.800022125244140625e-01
-4.234002355795496442e-02
7.987924665212631226e-02
-2.583570480346679688e-01
-1.992172759335630872e-02
1.082594022154808044e-01
-3.579812049865722656e-01
-4.724467370968454816e-02
1.311504170298576355e-01
-3.153988718986511230e-01
-6.639044184547060468e-02
1.403041705489158630e-01
-2.580942511558532715e-01
-7.661298115115755536e-02
4.489109665155410767e-02
-2.528666257858276367e-01
-3.166152734618776776e-02
7.630471140146255493e-02
-3.367249369621276855e-01
-5.512937728624933698e-02
1.101576462388038635e-01
-2.847957015037536621e-01
-6.797921855311983563e-02
1.248459145426750183e-01
-2.268675565719604492e-01
-7.636093546014421918e-02
9.528420865535736084e-03
-2.222263813018798828e-01
-4.510706860881441571e-02
3.858679533004760742e-02
-2.845877408981323242e-01
-6.765154201846712567e-02
7.490357011556625366e-02
-2.380247116088867188e-01
-7.250443298678987958e-02
9.358824044466018677e-02
-1.876187920570373535e-01
-7.451567251544588544e-02
-2.464494854211807251e-02
-1.739991903305053711e-01
-5.897244263749712445e-02
6.825327873229980469e-04
-2.195203900337219238e-01
-7.630323816400164105e-02
3.260436654090881348e-02
-1.925113797187805176e-01
-7.726233650308245160e-02
5.059953033924102783e-02
-1.562961339950561523e-01
-7.666707236629122235e-02
