0.000000000000000000e+00
0.000000000000000000e+00
0.000000000000000000e+00
6.492954492568969727e-02
1.961076259613037109e-02
3.991903110858174841e-03
1.271997690200805664e-01
1.072520017623901367e-02
-1.359969538185623605e-03
1.697643101215362549e-01
3.493064641952514648e-02
-1.348285206827881666e-02
1.969835460186004639e-01
8.105105161666870117e-02
-2.575338368538382383e-02
1.335627734661102295e-01
-1.568609774112701416e-01
1.029063186373946337e-02
1.712664365768432617e-01
-2.399700284004211426e-01
-9.072710920605686624e-03
2.016867101192474365e-01
-2.152942419052124023e-01
-2.566023093882563444e-02
2.183546125888824463e-01
-1.685830354690551758e-01
-3.510908332887652250e-02
1.189087629318237305e-01
-1.704936623573303223e-01
-5.524536289755133112e-03
1.668712198734283447e-01
-2.645213007926940918e-01
-2.593014498475554319e-02
2.028121948242187500e-01
-2.302110791206359863e-01
-4.114843455377581449e-02
2.168388366699218750e-01
-1.758127808570861816e-01
-4.839217585745814176e-02
1.029789447784423828e-01
-1.732637882232666016e-01
-2.369847071591379972e-02
1.548591852188110352e-01
-2.650356888771057129e-01
-4.215674025240900846e-02
1.939441859722137451e-01
-2.276954352855682373e-01
-5.282242519083979460e-02
2.121908068656921387e-01
-1.710160374641418457e-01
-5.600050387207033964e-02
8.765682578086853027e-02
-1.610153317451477051e-01
-4.243083221140864225e-02
1.349283158779144287e-01
-2.125338613986968994e-01
-5.747278702679636808e-02
1.725576817989349365e-01
-1.985575854778289795e-01
-6.466358077946665617e-02
1.957435607910156250e-01
-1.647184491157531738e-01
-6.694106680575373503e-02
