0.000000000000000000e+00
0.000000000000000000e+00
0.000000000000000000e+00
6.274884939193725586e-02
1.859897375106811523e-02
4.140462964087987530e-03
1.245065927505493164e-01
7.373988628387451172e-03
-7.334936477576547986e-04
1.667582690715789795e-01
3.089094161987304688e-02
-1.230400637233231009e-02
1.946285963058471680e-01
7.599401473999023438e-02
-2.409546938234541358e-02
1.325629651546478271e-01
-1.566709280014038086e-01
9.110174845218921291e-03
1.699348688125610352e-01
-2.447513937950134277e-01
-1.070699770444605292e-02
2.002626955509185791e-01
-2.197239995002746582e-01
-2.719562244111273230e-02
2.154100537300109863e-01
-1.711741685867309570e-01
-3.618681919270727576e-02
1.174342632293701172e-01
-1.699650585651397705e-01
-6.838413183331226719e-03
1.645618677139282227e-01
-2.694649100303649902e-01
-2.728361193531725348e-02
2.003685235977172852e-01
-2.336876094341278076e-01
-4.199819382721159400e-02
2.126235663890838623e-01
-1.777158081531524658e-01
-4.867323231393072547e-02
1.008873581886291504e-01
-1.728969812393188477e-01
-2.515099127286646308e-02
1.519940793514251709e-01
-2.699751257896423340e-01
-4.390587773615095557e-02
1.906805932521820068e-01
-2.310798168182373047e-01
-5.419616517120573462e-02
2.068917453289031982e-01
-1.731807589530944824e-01
-5.696058389240477027e-02
8.466637134552001953e-02
-1.613245606422424316e-01
-4.393765446239683570e-02
1.306589841842651367e-01
-2.172505259513854980e-01
-5.979627859288427771e-02
1.674698591232299805e-01
-2.016512751579284668e-01
-6.697154533559057654e-02
1.882368922233581543e-01
-1.659328341484069824e-01
-6.897575896674368323e-02
