0.000000000000000000e+00
0.000000000000000000e+00
0.000000000000000000e+00
5.673071742057800293e-02
2.661341428756713867e-02
4.921422281128684517e-03
1.153873205184936523e-01
1.475179195404052734e-02
3.301429503423491951e-03
1.593636572360992432e-01
2.994519472122192383e-02
-4.858907371001919273e-03
1.890715062618255615e-01
6.615430116653442383e-02
-1.240394223778196192e-02
1.321311295032501221e-01
-1.272010505199432373e-01
1.718016754539064550e-02
1.664809286594390869e-01
-2.050288617610931396e-01
2.309254544613281723e-03
1.905857622623443604e-01
-1.794158518314361572e-01
-1.157278247474380350e-02
1.983200907707214355e-01
-1.348651349544525146e-01
-1.894284557847925043e-02
1.189271509647369385e-01
-1.465212702751159668e-01
3.251063811418930527e-03
1.605015397071838379e-01
-2.388269007205963135e-01
-1.198217045812555170e-02
1.897092759609222412e-01
-2.032099664211273193e-01
-2.318589348642774439e-02
1.952413916587829590e-01
-1.508206129074096680e-01
-2.775280509440847254e-02
1.041892468929290771e-01
-1.543683409690856934e-01
-1.336166501342006541e-02
1.513873338699340820e-01
-2.442098557949066162e-01
-2.886343892960496760e-02
1.833909451961517334e-01
-2.046460211277008057e-01
-3.609580692200609064e-02
1.931294798851013184e-01
-1.495593190193176270e-01
-3.693482052831598139e-02
8.984425663948059082e-02
-1.471741497516632080e-01
-3.056946356146283961e-02
1.357778310775756836e-01
-1.915126740932464600e-01
-4.495354887394853449e-02
1.683678627014160156e-01
-1.656993627548217773e-01
-5.081652995495744563e-02
1.850517690181732178e-01
-1.255085170269012451e-01
-5.167956423311181879e-02
