0.000000000000000000e+00
0.000000000000000000e+00
0.000000000000000000e+00
1.501011848449707031e-02
9.939539432525634766e-02
-5.765457387602168637e-02
-1.136365532875061035e-02
2.046627402305603027e-01
-9.215770598089534360e-02
-5.756634473800659180e-02
2.734174132347106934e-01
-1.121102043572648199e-01
-9.778755903244018555e-02
3.202082514762878418e-01
-1.296164014521821173e-01
-5.852249264717102051e-02
7.566201686859130859e-02
-1.234733753982766302e-01
-1.408258378505706787e-01
1.703465580940246582e-01
-1.596262225095017584e-01
-1.851519215852022171e-01
2.454460263252258301e-01
-1.733723201934083136e-01
-2.135399488033726811e-01
3.040928244590759277e-01
-1.794363030377610357e-01
-9.597109258174896240e-02
2.435767650604248047e-02
-1.022121676388962896e-01
-1.801902689039707184e-01
1.284606456756591797e-01
-1.311453648987992437e-01
-2.120193037699209526e-01
2.102301716804504395e-01
-1.322337308112366827e-01
-2.270959578454494476e-01
2.652548551559448242e-01
-1.316301294747574957e-01
-1.223034113645553589e-01
-2.176642417907714844e-03
-8.080550964510280210e-02
-1.973100695759057999e-01
8.998125791549682617e-02
-1.043056243244393499e-01
-2.169257039204239845e-01
1.666906476020812988e-01
-1.008235731307252081e-01
-2.213530382141470909e-01
2.167142033576965332e-01
-9.581564303076106626e-02
-1.399460658431053162e-01
-6.027638912200927734e-03
-6.251358922159511167e-02
-1.928198281675577164e-01
6.606894731521606445e-02
-8.170153136885005551e-02
-2.077232827432453632e-01
1.287292838096618652e-01
-8.242843981420833188e-02
-2.089102955069392920e-01
1.741746664047241211e-01
-7.980740006601649839e-02
