0.000000000000000000e+00
0.000000000000000000e+00
0.000000000000000000e+00
6.848399341106414795e-02
3.983378410339355469e-03
1.345725325181490462e-02
1.254373639822006226e-01
-2.393704652786254883e-02
1.306058434083468001e-02
1.675113588571548462e-01
-1.659846305847167969e-02
4.671747938388648436e-03
2.009872943162918091e-01
7.677555084228515625e-03
-3.185203622436461046e-03
1.062880307435989380e-01
-1.991292536258697510e-01
2.128746700718409102e-02
1.527700275182723999e-01
-2.643997371196746826e-01
6.939915150994124815e-03
1.879303008317947388e-01
-2.357961237430572510e-01
-7.228476784533199861e-03
2.069163173437118530e-01
-1.898334622383117676e-01
-1.522406874910586794e-02
9.372840821743011475e-02
-2.095715999603271484e-01
3.077913683497968123e-03
1.512770205736160278e-01
-2.907033562660217285e-01
-1.016201483771794756e-02
1.906334608793258667e-01
-2.557759582996368408e-01
-2.135386722848409136e-02
2.076447457075119019e-01
-2.029429674148559570e-01
-2.712385947570794542e-02
8.770497143268585205e-02
-1.991277039051055908e-01
-1.660219984815114458e-02
1.467415243387222290e-01
-2.855281531810760498e-01
-2.804749863908284624e-02
1.879789680242538452e-01
-2.530037164688110352e-01
-3.490760209724896868e-02
2.076748162508010864e-01
-2.017689943313598633e-01
-3.758001732394689043e-02
9.038724005222320557e-02
-1.679992079734802246e-01
-3.631013291642659624e-02
1.442425698041915894e-01
-2.207083702087402344e-01
-4.533143001363271196e-02
1.808711737394332886e-01
-2.082400619983673096e-01
-4.812563988134854753e-02
2.021654993295669556e-01
-1.784863471984863281e-01
-4.859304832980626543e-02
