0.000000000000000000e+00
0.000000000000000000e+00
0.000000000000000000e+00
6.552274525165557861e-02
1.586198806762695312e-02
1.141172231253051450e-02
1.192538291215896606e-01
4.708647727966308594e-03
6.824689480325218938e-03
1.585801839828491211e-01
1.697415113449096680e-02
-5.654150591382745006e-03
1.912148892879486084e-01
4.817336797714233398e-02
-1.837606771771049807e-02
1.185296177864074707e-01
-1.456474065780639648e-01
1.214604036029243161e-02
1.541812121868133545e-01
-2.276493906974792480e-01
-6.566387572476628520e-03
1.807187795639038086e-01
-1.941281557083129883e-01
-2.265242344621754000e-02
1.914757490158081055e-01
-1.461514234542846680e-01
-3.173017918054199527e-02
1.037602573633193970e-01
-1.531815528869628906e-01
-7.123757125029328563e-03
1.508788168430328369e-01
-2.351059913635253906e-01
-2.565017013732528994e-02
1.806394159793853760e-01
-1.892768144607543945e-01
-3.947547494355774234e-02
1.864844858646392822e-01
-1.362226605415344238e-01
-4.656874059621429751e-02
8.994384109973907471e-02
-1.483001112937927246e-01
-2.769915989522075961e-02
1.362875998020172119e-01
-2.177844643592834473e-01
-4.187669276181793521e-02
1.711395084857940674e-01
-1.764715313911437988e-01
-4.822092174474335025e-02
1.836841702461242676e-01
-1.271203160285949707e-01
-5.023307396952247927e-02
7.751335203647613525e-02
-1.278594732284545898e-01
-4.838559820238685916e-02
1.181385368108749390e-01
-1.696352362632751465e-01
-5.954159839932060549e-02
1.522996723651885986e-01
-1.520543098449707031e-01
-6.311474784199333499e-02
1.716333627700805664e-01
-1.234489679336547852e-01
-6.387991501871681521e-02
