0.000000000000000000e+00
0.000000000000000000e+00
0.000000000000000000e+00
6.300462782382965088e-02
1.365715265274047852e-02
1.032013812435650379e-02
1.182145923376083374e-01
4.540443420410156250e-03
4.383280811438794444e-03
1.574855148792266846e-01
1.983076333999633789e-02
-9.178901153077845265e-03
1.901434659957885742e-01
5.269634723663330078e-02
-2.321306529121613949e-02
1.157901734113693237e-01
-1.397941112518310547e-01
5.892360055426593135e-03
1.539548933506011963e-01
-2.218862175941467285e-01
-1.407232793646073787e-02
1.805621385574340820e-01
-1.908469200134277344e-01
-2.941046568231797664e-02
1.910393536090850830e-01
-1.441639065742492676e-01
-3.756927053110814541e-02
1.000397503376007080e-01
-1.480726003646850586e-01
-1.373161009179568737e-02
1.489113867282867432e-01
-2.356370687484741211e-01
-3.346370632426953762e-02
1.794026494026184082e-01
-1.908892989158630371e-01
-4.615235800521588772e-02
1.860183775424957275e-01
-1.382896900177001953e-01
-5.197337369101262539e-02
8.553437888622283936e-02
-1.423435807228088379e-01
-3.453224251644826381e-02
1.348699927330017090e-01
-2.172457575798034668e-01
-5.017515743749356716e-02
1.706377267837524414e-01
-1.763674616813659668e-01
-5.613645265476918667e-02
1.838814318180084229e-01
-1.273041367530822754e-01
-5.736153672116017788e-02
7.349628210067749023e-02
-1.206429600715637207e-01
-5.536778370516515224e-02
1.162560731172561646e-01
-1.676139831542968750e-01
-6.814511964695668667e-02
1.513490676879882812e-01
-1.516498923301696777e-01
-7.221213827507710903e-02
1.708235442638397217e-01
-1.234324574470520020e-01
-7.291534642355657070e-02
