0.000000000000000000e+00
0.000000000000000000e+00
0.000000000000000000e+00
6.395262479782104492e-02
1.956081390380859375e-02
5.260461895346679739e-03
1.257616281509399414e-01
9.297907352447509766e-03
-1.008326582990548559e-03
1.680987775325775146e-01
3.015303611755371094e-02
-1.435975176227088923e-02
1.946274936199188232e-01
7.595711946487426758e-02
-2.763597578686471934e-02
1.322160363197326660e-01
-1.614199280738830566e-01
9.820377408146896414e-03
1.711455881595611572e-01
-2.450422942638397217e-01
-9.578801737546882578e-03
2.015286386013031006e-01
-2.173957526683807373e-01
-2.558451616150136942e-02
2.171779870986938477e-01
-1.682168245315551758e-01
-3.452406548839803690e-02
1.169962584972381592e-01
-1.747174859046936035e-01
-7.238194858103952356e-03
1.663719415664672852e-01
-2.704222202301025391e-01
-2.688094885033365244e-02
2.022725939750671387e-01
-2.327798604965209961e-01
-4.023430221658941264e-02
2.152390778064727783e-01
-1.769806146621704102e-01
-4.617520892006155009e-02
1.008221805095672607e-01
-1.763488352298736572e-01
-2.653678976875539774e-02
1.537857353687286377e-01
-2.678743302822113037e-01
-4.425191231948133463e-02
1.925304830074310303e-01
-2.280312180519104004e-01
-5.214435704928632731e-02
2.097052037715911865e-01
-1.716244518756866455e-01
-5.363144078236814494e-02
8.539110422134399414e-02
-1.621902883052825928e-01
-4.639792167526479716e-02
1.325428783893585205e-01
-2.118344902992248535e-01
-6.084349849206205363e-02
1.693978309631347656e-01
-1.983443498611450195e-01
-6.624409654122587199e-02
1.916978359222412109e-01
-1.677301824092864990e-01
-6.724117794018980021e-02
