0.000000000000000000e+00
0.000000000000000000e+00
0.000000000000000000e+00
5.921836197376251221e-02
2.764296531677246094e-02
1.040941311774901123e-02
1.140124797821044922e-01
2.379179000854492188e-02
6.522300399673497395e-03
1.514161527156829834e-01
4.046446084976196289e-02
-5.223391365426266475e-03
1.790383458137512207e-01
7.267618179321289062e-02
-1.767939959855624465e-02
1.342435479164123535e-01
-1.255174875259399414e-01
7.060504730624472813e-03
1.796979904174804688e-01
-2.068444192409515381e-01
-1.382625268043824462e-02
2.024466693401336670e-01
-1.643102169036865234e-01
-3.092767183871814041e-02
2.059579193592071533e-01
-1.115050911903381348e-01
-4.052801502140113143e-02
1.196858584880828857e-01
-1.382098197937011719e-01
-1.290247940661259918e-02
1.722976267337799072e-01
-2.230354547500610352e-01
-3.595500138791152267e-02
1.977385580539703369e-01
-1.636268496513366699e-01
-5.238657889159270553e-02
1.951671540737152100e-01
-1.037477254867553711e-01
-6.045331505330153732e-02
1.026791334152221680e-01
-1.421232819557189941e-01
-3.411191401274749069e-02
1.536971032619476318e-01
-2.266868650913238525e-01
-5.187972334416457443e-02
1.816081106662750244e-01
-1.734847426414489746e-01
-5.967960206063338546e-02
1.847488284111022949e-01
-1.165589690208435059e-01
-6.200526726635047225e-02
8.489620685577392578e-02
-1.326637268066406250e-01
-5.535505783947058944e-02
1.270006000995635986e-01
-1.805065870285034180e-01
-7.020811063440390853e-02
1.570525467395782471e-01
-1.577051877975463867e-01
-7.613917512090750961e-02
1.693061590194702148e-01
-1.235010623931884766e-01
-7.818625939281531600e-02
