0.000000000000000000e+00
0.000000000000000000e+00
0.000000000000000000e+00
6.862413883209228516e-02
-8.830904960632324219e-03
1.646669856577887003e-02
1.141370832920074463e-01
-4.263710975646972656e-02
1.615717164546026652e-02
1.521280109882354736e-01
-4.259049892425537109e-02
6.956743498591322350e-03
1.849822700023651123e-01
-2.909755706787109375e-02
-1.742056381630163742e-03
7.273980975151062012e-02
-2.180446088314056396e-01
2.345444164544119303e-02
1.246646642684936523e-01
-2.910859584808349609e-01
1.050102333843483393e-02
1.641535758972167969e-01
-2.707346975803375244e-01
-2.207060853692155433e-03
1.869674921035766602e-01
-2.327502369880676270e-01
-9.043676822187762809e-03
6.677469611167907715e-02
-2.233387231826782227e-01
4.118315366355318474e-03
1.305888593196868896e-01
-3.110395073890686035e-01
-5.697142376305919242e-03
1.712808907032012939e-01
-2.850095331668853760e-01
-1.432109907895551260e-02
1.906990408897399902e-01
-2.416298985481262207e-01
-1.897969008118138845e-02
7.251995801925659180e-02
-2.084173262119293213e-01
-1.647991412013993795e-02
1.341353952884674072e-01
-3.021124601364135742e-01
-2.322590821117387350e-02
1.755343079566955566e-01
-2.795957028865814209e-01
-2.739557907611356313e-02
1.966926753520965576e-01
-2.360393106937408447e-01
-2.916889362663255270e-02
9.049221873283386230e-02
-1.760827600955963135e-01
-3.724520378440843160e-02
1.421510875225067139e-01
-2.411857843399047852e-01
-4.084439300626740987e-02
1.779808402061462402e-01
-2.407612502574920654e-01
-4.101656474799142416e-02
2.007287144660949707e-01
-2.198511362075805664e-01
-4.068998717397676046e-02
