0.000000000000000000e+00
0.000000000000000000e+00
0.000000000000000000e+00
6.437341868877410889e-02
2.193480730056762695e-02
1.078050055907908700e-02
1.237416714429855347e-01
1.228630542755126953e-02
9.145480891632473686e-03
1.661654859781265259e-01
3.017723560333251953e-02
-8.126570410667000033e-04
1.922137588262557983e-01
7.378470897674560547e-02
-1.042202363355215766e-02
1.312220543622970581e-01
-1.434344351291656494e-01
2.176899680303279183e-02
1.687001138925552368e-01
-2.223018705844879150e-01
6.743395080732739189e-03
1.955007463693618774e-01
-1.896296143531799316e-01
-7.114316491467320702e-03
2.044881135225296021e-01
-1.390077471733093262e-01
-1.458799621654804923e-02
1.184758692979812622e-01
-1.581721305847167969e-01
3.821206357272899368e-03
1.642706543207168579e-01
-2.438722550868988037e-01
-1.145318119419869163e-02
1.953511983156204224e-01
-2.016717195510864258e-01
-2.286630651546772697e-02
1.999139636754989624e-01
-1.459750831127166748e-01
-2.758967472804840781e-02
1.055967658758163452e-01
-1.622859835624694824e-01
-1.631815700424965598e-02
1.550739556550979614e-01
-2.436990439891815186e-01
-2.994335225416477897e-02
1.892155259847640991e-01
-2.004520893096923828e-01
-3.589523180021103599e-02
1.987058073282241821e-01
-1.455150544643402100e-01
-3.628253533138092735e-02
9.466870129108428955e-02
-1.502416133880615234e-01
-3.681911497010048606e-02
1.416535526514053345e-01
-1.931828558444976807e-01
-4.834224252594765403e-02
1.756797581911087036e-01
-1.676846742630004883e-01
-5.204823582066353538e-02
1.917006820440292358e-01
-1.284541487693786621e-01
-5.178553579939659812e-02
