0.000000000000000000e+00
0.000000000000000000e+00
0.000000000000000000e+00
6.636862456798553467e-02
1.432591676712036133e-02
1.317728877928914244e-02
1.246796101331710815e-01
8.417963981628417969e-04
1.234278929349841292e-02
1.665063649415969849e-01
1.709896326065063477e-02
3.000942607641832183e-03
1.962225288152694702e-01
4.797035455703735352e-02
-5.884446120589359452e-03
1.195020228624343872e-01
-1.807960569858551025e-01
2.821441841241778548e-02
1.612035483121871948e-01
-2.422742843627929688e-01
1.737979528424205000e-02
1.925835460424423218e-01
-2.157523930072784424e-01
5.362733816028253386e-03
2.081671506166458130e-01
-1.737279295921325684e-01
-1.647178349784894635e-03
1.061641126871109009e-01
-1.957254111766815186e-01
9.830167600185291121e-03
1.601545363664627075e-01
-2.696056067943572998e-01
-4.235154816427666447e-04
1.952196508646011353e-01
-2.322022318840026855e-01
-9.784419937759025743e-03
2.062086015939712524e-01
-1.803776919841766357e-01
-1.400639946642456835e-02
9.705881774425506592e-02
-1.929836273193359375e-01
-1.042338824900923555e-02
1.536877006292343140e-01
-2.691271007061004639e-01
-1.931902851048050707e-02
1.913072615861892700e-01
-2.303574383258819580e-01
-2.304065684857903307e-02
2.055626958608627319e-01
-1.774910688400268555e-01
-2.320837686839638536e-02
9.441976249217987061e-02
-1.707477867603302002e-01
-3.107378530386029070e-02
1.451317220926284790e-01
-2.167261838912963867e-01
-3.792398694041310137e-02
1.791914552450180054e-01
-1.965901255607604980e-01
-3.801296177390156572e-02
1.970530599355697632e-01
-1.618427932262420654e-01
-3.606635603192387407e-02
