0.000000000000000000e+00
0.000000000000000000e+00
0.000000000000000000e+00
6.564332544803619385e-02
7.416903972625732422e-03
1.366155930057288970e-02
1.188491135835647583e-01
-1.753789186477661133e-02
1.128510162428142394e-02
1.605212539434432983e-01
-7.248044013977050781e-03
4.937443668779906147e-04
1.948425322771072388e-01
1.393914222717285156e-02
-9.867372361867410291e-03
9.786821901798248291e-02
-1.874319314956665039e-01
1.994383763715745772e-02
1.488445848226547241e-01
-2.444860339164733887e-01
5.227211957873123538e-03
1.847106665372848511e-01
-2.126099169254302979e-01
-9.130252895801049817e-03
2.023311108350753784e-01
-1.670642793178558350e-01
-1.716091986551759874e-02
8.672519028186798096e-02
-1.974582672119140625e-01
9.812178109598335141e-04
1.489266604185104370e-01
-2.696530222892761230e-01
-1.269681136861322557e-02
1.889991015195846558e-01
-2.289737761020660400e-01
-2.399109992936132585e-02
2.043551951646804810e-01
-1.756581068038940430e-01
-2.985533270791052018e-02
8.319534361362457275e-02
-1.872544288635253906e-01
-1.927940118864057695e-02
1.463602632284164429e-01
-2.662138044834136963e-01
-3.004522565558431779e-02
1.868990808725357056e-01
-2.286515533924102783e-01
-3.575910012975214158e-02
2.034651488065719604e-01
-1.764847040176391602e-01
-3.787221144690988694e-02
8.922733366489410400e-02
-1.560967266559600830e-01
-3.961707409277437364e-02
1.449974328279495239e-01
-2.045397758483886719e-01
-4.754334818377969896e-02
1.810007542371749878e-01
-1.898599863052368164e-01
-4.943081494226930772e-02
2.002829760313034058e-01
-1.597443521022796631e-01
-4.949467759385584031e-02
