0.000000000000000000e+00
0.000000000000000000e+00
0.000000000000000000e+00
6.910128891468048096e-02
2.470278739929199219e-02
1.282305524095761484e-02
1.315623968839645386e-01
1.009297370910644531e-02
1.091284372255074686e-02
1.753522902727127075e-01
2.921056747436523438e-02
5.595404991680652529e-04
2.024614363908767700e-01
7.180720567703247070e-02
-9.381135251672390041e-03
1.283376365900039673e-01
-1.759618222713470459e-01
2.406758323654401011e-02
1.729304939508438110e-01
-2.365565896034240723e-01
1.107470292940604395e-02
2.039082795381546021e-01
-2.049164474010467529e-01
-2.444039356262805995e-03
2.173222750425338745e-01
-1.568609476089477539e-01
-1.052483103826773458e-02
1.137558668851852417e-01
-1.912599802017211914e-01
5.144770931153175297e-03
1.727810949087142944e-01
-2.628535032272338867e-01
-7.875607606322887477e-03
2.062292546033859253e-01
-2.177881896495819092e-01
-1.846439510241282278e-02
2.146152406930923462e-01
-1.615360081195831299e-01
-2.324652976945174032e-02
1.040799468755722046e-01
-1.859384179115295410e-01
-1.537959862157833868e-02
1.656869798898696899e-01
-2.598064541816711426e-01
-2.562149732962382132e-02
2.025443166494369507e-01
-2.151270508766174316e-01
-2.983860231593382650e-02
2.158184498548507690e-01
-1.594792902469635010e-01
-3.042580678716433340e-02
1.011136323213577271e-01
-1.584994792938232422e-01
-3.636035255745184713e-02
1.545718163251876831e-01
-1.995182335376739502e-01
-4.383360899642241293e-02
1.888770610094070435e-01
-1.775642335414886475e-01
-4.469132356003058248e-02
2.071389406919479370e-01
-1.431597173213958740e-01
-4.363327778533232504e-02
