0.000000000000000000e+00
0.000000000000000000e+00
0.000000000000000000e+00
6.026962399482727051e-02
2.378499507904052734e-02
7.448668085601184430e-03
1.184170246124267578e-01
1.547187566757202148e-02
5.377775017734620633e-03
1.603129506111145020e-01
3.380483388900756836e-02
-3.852419362772252498e-03
1.871878802776336670e-01
7.254356145858764648e-02
-1.266001075822487110e-02
1.296610832214355469e-01
-1.317370235919952393e-01
1.513459063750133282e-02
1.642643511295318604e-01
-2.195686697959899902e-01
-1.470784697119142947e-03
1.883870959281921387e-01
-1.918478310108184814e-01
-1.477117654252424472e-02
1.949304044246673584e-01
-1.457257568836212158e-01
-2.103585288244858020e-02
1.164717376232147217e-01
-1.459769606590270996e-01
-9.866517906971239427e-04
1.587599813938140869e-01
-2.404215037822723389e-01
-1.760414712447300190e-02
1.878007650375366211e-01
-2.029216885566711426e-01
-2.820785999614372486e-02
1.905397176742553711e-01
-1.514129340648651123e-01
-3.144657895285263294e-02
1.013921797275543213e-01
-1.494850814342498779e-01
-1.939882807749881977e-02
1.475217938423156738e-01
-2.368749082088470459e-01
-3.505874708611145252e-02
1.794158220291137695e-01
-1.986705064773559570e-01
-4.030470088440551990e-02
1.873289048671722412e-01
-1.469685435295104980e-01
-3.903557271081581348e-02
8.590450882911682129e-02
-1.392090022563934326e-01
-3.823292911368980640e-02
1.288050115108489990e-01
-1.880450844764709473e-01
-5.258654341417923206e-02
1.626677215099334717e-01
-1.690455079078674316e-01
-5.750388190466537708e-02
1.801109611988067627e-01
-1.353019773960113525e-01
-5.703188389855995410e-02
