0.000000000000000000e+00
0.000000000000000000e+00
0.000000000000000000e+00
6.471124291419982910e-02
2.418309450149536133e-02
1.116812332892891391e-02
1.278820633888244629e-01
1.012676954269409180e-02
9.448687651996579007e-03
1.721486151218414307e-01
2.767330408096313477e-02
-1.112165638375017807e-03
1.981957852840423584e-01
7.269632816314697266e-02
-1.110950194870952146e-02
1.317321658134460449e-01
-1.625532507896423340e-01
2.635363593125816806e-02
1.725405454635620117e-01
-2.399453222751617432e-01
1.262845016444202884e-02
2.024315893650054932e-01
-2.059966623783111572e-01
-1.466149707454178497e-03
2.130360603332519531e-01
-1.529659628868103027e-01
-9.429120352621112033e-03
1.181620359420776367e-01
-1.765928268432617188e-01
7.737304655705656842e-03
1.686440706253051758e-01
-2.620345652103424072e-01
-6.599293915684256717e-03
2.018631398677825928e-01
-2.159264683723449707e-01
-1.861013368343833463e-02
2.085715234279632568e-01
-1.576143801212310791e-01
-2.370854363417151944e-02
1.075764000415802002e-01
-1.764130294322967529e-01
-1.320618007903817670e-02
1.620293259620666504e-01
-2.612594664096832275e-01
-2.536943451141837613e-02
1.993182599544525146e-01
-2.149066030979156494e-01
-3.157732532000068204e-02
2.108263373374938965e-01
-1.564871072769165039e-01
-3.245688871120933072e-02
1.015027761459350586e-01
-1.566506624221801758e-01
-3.475766897773269193e-02
1.527285873889923096e-01
-2.005162239074707031e-01
-4.426974326943877713e-02
1.878424584865570068e-01
-1.740355491638183594e-01
-4.705341056560996549e-02
2.040954232215881348e-01
-1.340078711509704590e-01
-4.658433691238883512e-02
