0.000000000000000000e+00
0.000000000000000000e+00
0.000000000000000000e+00
6.304034590721130371e-02
2.791142463684082031e-02
7.163753020279273187e-03
1.267934143543243408e-01
1.875162124633789062e-02
5.825238055251702463e-03
1.698505580425262451e-01
4.272407293319702148e-02
-2.681513796858325804e-03
1.933404207229614258e-01
9.280562400817871094e-02
-1.102159616101516804e-02
1.385423541069030762e-01
-1.414136886596679688e-01
1.974507815640436093e-02
1.762388348579406738e-01
-2.162447869777679443e-01
5.920249256007537042e-03
2.016216516494750977e-01
-1.879260241985321045e-01
-7.606532206125393714e-03
2.105256021022796631e-01
-1.406615674495697021e-01
-1.560772561032308658e-02
1.241967082023620605e-01
-1.597893536090850830e-01
3.497191690541967546e-03
1.705295443534851074e-01
-2.482111752033233643e-01
-1.368053515005840381e-02
2.000191211700439453e-01
-2.073438465595245361e-01
-2.759325854975713810e-02
2.050232887268066406e-01
-1.502102017402648926e-01
-3.373903386790289005e-02
1.085363924503326416e-01
-1.679010987281799316e-01
-1.504343633104099354e-02
1.594016849994659424e-01
-2.589676082134246826e-01
-3.123351909715665897e-02
1.926554143428802490e-01
-2.150011360645294189e-01
-4.137501098711027225e-02
2.029169201850891113e-01
-1.558749973773956299e-01
-4.424097367126478275e-02
9.394669532775878906e-02
-1.607776284217834473e-01
-3.393783025939001163e-02
1.427880227565765381e-01
-2.090241014957427979e-01
-4.786523782212270817e-02
1.769001781940460205e-01
-1.842047870159149170e-01
-5.475554593402875980e-02
1.943735182285308838e-01
-1.432768702507019043e-01
-5.696749292809499821e-02
