0.000000000000000000e+00
0.000000000000000000e+00
0.000000000000000000e+00
6.457712501287460327e-02
1.504915952682495117e-02
1.062861924989988438e-02
1.194338127970695496e-01
5.222439765930175781e-03
4.066044483323594250e-03
1.587911322712898254e-01
2.091813087463378906e-02
-9.990653935830096088e-03
1.907453909516334534e-01
5.513662099838256836e-02
-2.478472793475816616e-02
1.166269704699516296e-01
-1.411655545234680176e-01
3.272109217931529201e-03
1.555775478482246399e-01
-2.217127084732055664e-01
-1.799422780052850612e-02
1.826189532876014709e-01
-1.873332858085632324e-01
-3.469993079082200893e-02
1.934676542878150940e-01
-1.378216743469238281e-01
-4.402482042090127834e-02
1.004432663321495056e-01
-1.475906968116760254e-01
-1.675766984001825222e-02
1.516642943024635315e-01
-2.308130264282226562e-01
-3.815538713709543117e-02
1.827213838696479797e-01
-1.837016344070434570e-01
-5.239530557767579921e-02
1.894697323441505432e-01
-1.300147175788879395e-01
-5.947368497029970058e-02
8.545196801424026489e-02
-1.394949555397033691e-01
-3.766732940451333889e-02
1.360226944088935852e-01
-2.131723165512084961e-01
-5.402631217614839443e-02
1.725457087159156799e-01
-1.720764040946960449e-01
-6.102666536347101101e-02
1.863254085183143616e-01
-1.228682398796081543e-01
-6.331200430170724758e-02
7.259488850831985474e-02
-1.149555444717407227e-01
-5.849412733689973720e-02
1.147248968482017517e-01
-1.610491275787353516e-01
-7.171785363928506740e-02
1.501439884305000305e-01
-1.474117636680603027e-01
-7.647379765288064846e-02
1.706639602780342102e-01
-1.210598945617675781e-01
-7.800658324734399685e-02
