0.000000000000000000e+00
0.000000000000000000e+00
0.000000000000000000e+00
6.548751890659332275e-02
1.829499006271362305e-02
1.173818030626705422e-02
1.284777969121932983e-01
7.460713386535644531e-04
1.248617296339205041e-02
1.719530969858169556e-01
1.762145757675170898e-02
5.283043843220980307e-03
2.000187486410140991e-01
5.431997776031494141e-02
-1.482378335211365084e-03
1.273210495710372925e-01
-1.769232749938964844e-01
2.774307423503330483e-02
1.685178428888320923e-01
-2.400355637073516846e-01
1.671038300962379708e-02
1.986748129129409790e-01
-2.140033841133117676e-01
4.374151241492540976e-03
2.134087234735488892e-01
-1.710578203201293945e-01
-3.023070625502555231e-03
1.133659332990646362e-01
-1.928580701351165771e-01
1.046051283599069848e-02
1.669591516256332397e-01
-2.676391005516052246e-01
-1.506670371171026090e-03
1.994984298944473267e-01
-2.276760041713714600e-01
-1.250839221059152351e-02
2.097148746252059937e-01
-1.740302443504333496e-01
-1.752512982814380393e-02
1.031753867864608765e-01
-1.915018558502197266e-01
-8.854068692315308908e-03
1.592897921800613403e-01
-2.733958363533020020e-01
-1.983420072822639213e-02
1.958276182413101196e-01
-2.317759692668914795e-01
-2.629514678149291740e-02
2.106101363897323608e-01
-1.751651763916015625e-01
-2.791192463367053733e-02
9.889207780361175537e-02
-1.707717180252075195e-01
-2.855861826567718254e-02
1.500530093908309937e-01
-2.178144454956054688e-01
-3.819414867787429557e-02
1.853906661272048950e-01
-1.957049965858459473e-01
-4.152018098859855399e-02
2.051351219415664673e-01
-1.572362780570983887e-01
-4.176175488858291374e-02
