0.000000000000000000e+00
0.000000000000000000e+00
0.000000000000000000e+00
5.803894996643066406e-02
2.327948808670043945e-02
6.756868269377491742e-03
1.171442866325378418e-01
6.259262561798095703e-03
6.910998430186054975e-03
1.602802574634552002e-01
1.704829931259155273e-02
1.950973797022470535e-04
1.900617778301239014e-01
5.224096775054931641e-02
-5.657109375960089892e-03
1.307168900966644287e-01
-1.386520862579345703e-01
2.009538892664863852e-02
1.668900251388549805e-01
-2.135225236415863037e-01
4.907590393059990674e-03
1.920388042926788330e-01
-1.833394765853881836e-01
-8.842894285834290713e-03
1.978543102741241455e-01
-1.345764100551605225e-01
-1.564344245932147714e-02
1.174714267253875732e-01
-1.580672264099121094e-01
5.845853183501503736e-03
1.600980758666992188e-01
-2.482564449310302734e-01
-9.715695343828656405e-03
1.897362172603607178e-01
-2.079606950283050537e-01
-2.093002986154601786e-02
1.934167444705963135e-01
-1.536609232425689697e-01
-2.495104115448043558e-02
1.037453413009643555e-01
-1.641439199447631836e-01
-1.109445042899892542e-02
1.502474844455718994e-01
-2.542714476585388184e-01
-2.705301571629092905e-02
1.833052635192871094e-01
-2.127368450164794922e-01
-3.451880481085822794e-02
1.916016936302185059e-01
-1.563200652599334717e-01
-3.491323109707877848e-02
9.141817688941955566e-02
-1.539485454559326172e-01
-2.842993143937633249e-02
1.368677318096160889e-01
-2.002542018890380859e-01
-4.338548000893638346e-02
1.708604693412780762e-01
-1.765388846397399902e-01
-4.992281313977287027e-02
1.875469386577606201e-01
-1.372917592525482178e-01
-5.087715428314254495e-02
