0.000000000000000000e+00
0.000000000000000000e+00
0.000000000000000000e+00
6.846658885478973389e-02
2.093732357025146484e-02
1.329424517584243404e-02
1.309303492307662964e-01
5.275785923004150391e-03
1.117276220006147014e-02
1.747204810380935669e-01
2.344542741775512695e-02
4.636144452376811387e-04
2.005312293767929077e-01
6.774932146072387695e-02
-9.881294273014873397e-03
1.260576397180557251e-01
-1.780623793601989746e-01
2.215800160897174464e-02
1.711032539606094360e-01
-2.454845607280731201e-01
7.982147916976600754e-03
2.033593207597732544e-01
-2.105086147785186768e-01
-5.825750470336288345e-03
2.174309641122817993e-01
-1.584453582763671875e-01
-1.356712257134518040e-02
1.115540713071823120e-01
-1.910902559757232666e-01
2.653898730699211228e-03
1.711972206830978394e-01
-2.672974765300750732e-01
-1.170453516411384953e-02
2.063440829515457153e-01
-2.189167439937591553e-01
-2.255115186440548314e-02
2.136343270540237427e-01
-1.590077579021453857e-01
-2.674531092512211217e-02
1.016848832368850708e-01
-1.846260130405426025e-01
-1.827397843467792882e-02
1.627324372529983521e-01
-2.632906436920166016e-01
-2.962494728731712712e-02
2.014864534139633179e-01
-2.154161632061004639e-01
-3.405591001379093541e-02
2.140932828187942505e-01
-1.568215787410736084e-01
-3.396296402084431065e-02
9.800161421298980713e-02
-1.571234464645385742e-01
-3.949652885663113011e-02
1.520455032587051392e-01
-2.026803493499755859e-01
-4.791515221464237584e-02
1.875267177820205688e-01
-1.770236790180206299e-01
-4.871809756028255833e-02
2.049427479505538940e-01
-1.379108428955078125e-01
-4.686084663140377415e-02
