0.000000000000000000e+00
0.000000000000000000e+00
0.000000000000000000e+00
6.526051461696624756e-02
2.042907476425170898e-02
1.199484408098783206e-02
1.224024444818496704e-01
6.570756435394287109e-03
1.012100909102287005e-02
1.647266298532485962e-01
2.328616380691528320e-02
-1.639850994195057865e-04
1.932532638311386108e-01
6.362891197204589844e-02
-1.048577505898151685e-02
1.204553991556167603e-01
-1.556998789310455322e-01
2.283299319643106173e-02
1.617221683263778687e-01
-2.175042927265167236e-01
9.932323137405774105e-03
1.899812370538711548e-01
-1.849038600921630859e-01
-3.492323670428731930e-03
2.022478133440017700e-01
-1.404657065868377686e-01
-1.189747195493850995e-02
1.067589670419692993e-01
-1.690233051776885986e-01
4.162670357260367382e-03
1.597094982862472534e-01
-2.383131980895996094e-01
-9.997883101817706120e-03
1.904479712247848511e-01
-1.922627985477447510e-01
-2.236301287811670591e-02
1.971483379602432251e-01
-1.394019424915313721e-01
-2.869069039624605466e-02
9.584389626979827881e-02
-1.674870550632476807e-01
-1.620501860779199887e-02
1.508968621492385864e-01
-2.387696504592895508e-01
-2.835419051152143766e-02
1.855060309171676636e-01
-1.926423311233520508e-01
-3.494783326786432553e-02
1.965325921773910522e-01
-1.385188400745391846e-01
-3.709664404195223142e-02
8.928053081035614014e-02
-1.478918492794036865e-01
-3.683904394310388852e-02
1.393701583147048950e-01
-1.849410533905029297e-01
-4.706244379084978391e-02
1.729282885789871216e-01
-1.595927178859710693e-01
-5.066344722908411313e-02
1.896416097879409790e-01
-1.237390041351318359e-01
-5.155367240112695981e-02
