0.000000000000000000e+00
0.000000000000000000e+00
0.000000000000000000e+00
6.278301775455474854e-02
2.207696437835693359e-02
1.373861652803043398e-02
1.171932071447372437e-01
6.743788719177246094e-03
1.524624337446311984e-02
1.557537764310836792e-01
1.499986648559570312e-02
8.115557180758514733e-03
1.817515641450881958e-01
4.735904932022094727e-02
1.108775888610580296e-03
1.209995597600936890e-01
-1.463967561721801758e-01
3.002109394412855181e-02
1.590289026498794556e-01
-2.035245895385742188e-01
1.873533071022848162e-02
1.871042400598526001e-01
-1.729209423065185547e-01
5.973056582774916023e-03
1.982979923486709595e-01
-1.268558800220489502e-01
-1.643155193846723705e-03
1.093706935644149780e-01
-1.623651385307312012e-01
1.174161133360485110e-02
1.575185507535934448e-01
-2.305636703968048096e-01
-2.026249263394674927e-03
1.878890544176101685e-01
-1.873246431350708008e-01
-1.413145738649745908e-02
1.946941465139389038e-01
-1.319082677364349365e-01
-1.943622513670106855e-02
9.948946535587310791e-02
-1.650496721267700195e-01
-8.584445184055766731e-03
1.513911634683609009e-01
-2.377133667469024658e-01
-2.093394084829469648e-02
1.854880303144454956e-01
-1.944771111011505127e-01
-2.809850110668321577e-02
1.969753652811050415e-01
-1.392970979213714600e-01
-2.991921625095983472e-02
9.327246248722076416e-02
-1.493526101112365723e-01
-2.904647945422311750e-02
1.422444730997085571e-01
-1.843791007995605469e-01
-3.968465871173521009e-02
1.749728173017501831e-01
-1.579855382442474365e-01
-4.396552390414854017e-02
1.918603926897048950e-01
-1.195390522480010986e-01
-4.481278530317922559e-02
