0.000000000000000000e+00
0.000000000000000000e+00
0.000000000000000000e+00
7.663436233997344971e-02
-2.468717098236083984e-02
8.675894158329811034e-03
1.450542509555816650e-01
-6.511622667312622070e-02
5.670921349860691407e-04
1.962220668792724609e-01
-6.306177377700805664e-02
-1.573005652204528815e-02
2.407379448413848877e-01
-4.254901409149169922e-02
-3.207136465385929114e-02
1.232938468456268311e-01
-2.458435595035552979e-01
1.031985359117015832e-02
1.579759120941162109e-01
-3.504697382450103760e-01
-1.235092671737447745e-02
1.978490948677062988e-01
-3.309672772884368896e-01
-3.152725247815624243e-02
2.254433929920196533e-01
-2.865610718727111816e-01
-4.278847349957004553e-02
1.033217459917068481e-01
-2.563409805297851562e-01
-1.018448321298137671e-02
1.453600823879241943e-01
-3.840365409851074219e-01
-3.176405800655857092e-02
1.927871704101562500e-01
-3.564701080322265625e-01
-4.763618631437793738e-02
2.176401317119598389e-01
-3.010645508766174316e-01
-5.621834619120136267e-02
8.358469605445861816e-02
-2.493609488010406494e-01
-3.246559722498432166e-02
1.264047324657440186e-01
-3.717392981052398682e-01
-5.135650707558170325e-02
1.759864091873168945e-01
-3.458626270294189453e-01
-5.992894394472614295e-02
2.053998112678527832e-01
-2.966972291469573975e-01
-6.305587439015880591e-02
6.772698462009429932e-02
-2.219133079051971436e-01
-5.499906612709537512e-02
1.108990013599395752e-01
-2.941860556602478027e-01
-7.066995052770153052e-02
1.536567211151123047e-01
-2.903273999691009521e-01
-7.544916270450130469e-02
1.836127638816833496e-01
-2.657987475395202637e-01
-7.648363856748119360e-02
