0.000000000000000000e+00
0.000000000000000000e+00
0.000000000000000000e+00
6.446541845798492432e-02
2.743828296661376953e-02
7.845508184161076315e-03
1.272449940443038940e-01
1.660257577896118164e-02
6.576102010782847174e-03
1.710310727357864380e-01
3.901970386505126953e-02
-2.312452748540749781e-03
1.968265026807785034e-01
8.859676122665405273e-02
-1.141936027643453144e-02
1.390538364648818970e-01
-1.381197869777679443e-01
2.284888296189535595e-02
1.748247891664505005e-01
-2.126832306385040283e-01
9.328491303946861990e-03
2.014352530241012573e-01
-1.936667561531066895e-01
-4.849591042969336740e-03
2.138568907976150513e-01
-1.528259217739105225e-01
-1.361164798227321171e-02
1.253924816846847534e-01
-1.567586660385131836e-01
5.864778317388186224e-03
1.700980812311172485e-01
-2.479079365730285645e-01
-1.048031983164321446e-02
2.007604092359542847e-01
-2.173715829849243164e-01
-2.490322918829690479e-02
2.094674557447433472e-01
-1.640315353870391846e-01
-3.188245811698209309e-02
1.095411926507949829e-01
-1.658546030521392822e-01
-1.362585251418124699e-02
1.585365980863571167e-01
-2.582729458808898926e-01
-2.907839299378167652e-02
1.921479552984237671e-01
-2.230358719825744629e-01
-3.953026675817739033e-02
2.051046341657638550e-01
-1.663779616355895996e-01
-4.308061742422353291e-02
9.411276876926422119e-02
-1.602445542812347412e-01
-3.356832706568013691e-02
1.406591981649398804e-01
-2.086327075958251953e-01
-4.671467163798581623e-02
1.757998317480087280e-01
-1.917480826377868652e-01
-5.396310680744420551e-02
1.967655271291732788e-01
-1.558069586753845215e-01
-5.684265562531720661e-02
