0.000000000000000000e+00
0.000000000000000000e+00
0.000000000000000000e+00
6.302939355373382568e-02
2.533745765686035156e-02
8.662642534588371745e-03
1.257489472627639771e-01
1.226288080215454102e-02
6.576981950317417613e-03
1.691813319921493530e-01
3.336292505264282227e-02
-3.318639150123203763e-03
1.938275247812271118e-01
8.022886514663696289e-02
-1.330776084610363341e-02
1.345108598470687866e-01
-1.424697935581207275e-01
2.022108025452951097e-02
1.723128110170364380e-01
-2.171904444694519043e-01
6.783792838220392696e-03
1.984717398881912231e-01
-1.891379654407501221e-01
-6.527095012600625523e-03
2.087430208921432495e-01
-1.427911818027496338e-01
-1.480370052554746962e-02
1.210533827543258667e-01
-1.599464714527130127e-01
2.356419661779796115e-03
1.681237071752548218e-01
-2.508282661437988281e-01
-1.408381984033724166e-02
1.983443051576614380e-01
-2.098862528800964355e-01
-2.766838707425733901e-02
2.042416483163833618e-01
-1.530536413192749023e-01
-3.408514373400350905e-02
1.061528474092483521e-01
-1.668302714824676514e-01
-1.763759963610311843e-02
1.570836752653121948e-01
-2.587999999523162842e-01
-3.252130411961218215e-02
1.907709985971450806e-01
-2.148387730121612549e-01
-4.158310257294317580e-02
2.015298455953598022e-01
-1.567147970199584961e-01
-4.449926354386946059e-02
9.254093468189239502e-02
-1.575466692447662354e-01
-3.801438622572561599e-02
1.399095505475997925e-01
-2.055154442787170410e-01
-5.045807026722570754e-02
1.739671081304550171e-01
-1.826678216457366943e-01
-5.639914460876127578e-02
1.919604986906051636e-01
-1.448443233966827393e-01
-5.858399011590620376e-02
