0.000000000000000000e+00
0.000000000000000000e+00
0.000000000000000000e+00
5.713132023811340332e-02
2.566111087799072266e-02
8.686993584916535838e-03
1.129095852375030518e-01
2.017331123352050781e-02
4.730131790921632273e-03
1.510840356349945068e-01
3.429013490676879883e-02
-6.542002934082802312e-03
1.790142357349395752e-01
6.649899482727050781e-02
-1.817233549715524532e-02
1.317751407623291016e-01
-1.287770867347717285e-01
6.966464069620315058e-03
1.752339899539947510e-01
-2.102667689323425293e-01
-1.410765542001968242e-02
1.995742022991180420e-01
-1.702973246574401855e-01
-3.111991348029619076e-02
2.057256102561950684e-01
-1.173278689384460449e-01
-4.045106159807687618e-02
1.183307468891143799e-01
-1.407963633537292480e-01
-1.126442538858896114e-02
1.692221164703369141e-01
-2.241311967372894287e-01
-3.421704160334115841e-02
1.960751116275787354e-01
-1.677850484848022461e-01
-5.022941218973642208e-02
1.960291266441345215e-01
-1.082131266593933105e-01
-5.774938004375940181e-02
1.030050814151763916e-01
-1.444909572601318359e-01
-3.090349646569734432e-02
1.531872749328613281e-01
-2.253455519676208496e-01
-4.880363183380609371e-02
1.827814280986785889e-01
-1.730122566223144531e-01
-5.640595468045717098e-02
1.884567737579345703e-01
-1.151801943778991699e-01
-5.818505646945482113e-02
8.701051771640777588e-02
-1.354672312736511230e-01
-5.075764717818742611e-02
1.296389698982238770e-01
-1.809217929840087891e-01
-6.558685438992029049e-02
1.613946557044982910e-01
-1.587174534797668457e-01
-7.157845484377389766e-02
1.765074729919433594e-01
-1.241005063056945801e-01
-7.330700444342141964e-02
