0.000000000000000000e+00
0.000000000000000000e+00
0.000000000000000000e+00
6.620556116104125977e-02
-8.626580238342285156e-03
1.223908421961539261e-02
1.112318634986877441e-01
-4.196429252624511719e-02
9.785754246692590641e-03
1.494236886501312256e-01
-4.050815105438232422e-02
-6.845875279424262771e-04
1.826155185699462891e-01
-2.673631906509399414e-02
-1.049200108828074463e-02
7.222762703895568848e-02
-2.176568806171417236e-01
1.877779105124943726e-02
1.228025257587432861e-01
-2.902540564537048340e-01
4.043766403626136707e-03
1.625445485115051270e-01
-2.707003057003021240e-01
-1.025303209753758438e-02
1.858404576778411865e-01
-2.339583337306976318e-01
-1.818818821193701751e-02
6.610128283500671387e-02
-2.235307097434997559e-01
1.379107347744934486e-03
1.277597546577453613e-01
-3.103587627410888672e-01
-1.045786159666306503e-02
1.688134074211120605e-01
-2.875648438930511475e-01
-2.073850704910285003e-02
1.894150972366333008e-01
-2.469604909420013428e-01
-2.644955216528899200e-02
7.074341177940368652e-02
-2.098806798458099365e-01
-1.750104165257937439e-02
1.303442120552062988e-01
-3.024452030658721924e-01
-2.619927784981257446e-02
1.715644896030426025e-01
-2.828377485275268555e-01
-3.183407558681494720e-02
1.936998665332794189e-01
-2.415700554847717285e-01
-3.425863234879500396e-02
8.670908212661743164e-02
-1.787037849426269531e-01
-3.677617235662467010e-02
1.382706463336944580e-01
-2.408089339733123779e-01
-4.149355216505057342e-02
1.739360392093658447e-01
-2.426854968070983887e-01
-4.248185305478102691e-02
1.975594460964202881e-01
-2.246153652667999268e-01
-4.252332298638350494e-02
