0.000000000000000000e+00
0.000000000000000000e+00
0.000000000000000000e+00
6.766694784164428711e-02
-8.729279041290283203e-03
1.527522245271484280e-02
1.108683049678802490e-01
-4.413509368896484375e-02
1.328848322702924634e-02
1.480613052845001221e-01
-4.452830553054809570e-02
2.193920052036446577e-03
1.809819936752319336e-01
-3.116327524185180664e-02
-8.473342081174450868e-03
7.081395387649536133e-02
-2.207834720611572266e-01
2.231992987765352154e-02
1.217117607593536377e-01
-2.945087254047393799e-01
8.526397141054076201e-03
1.605983674526214600e-01
-2.741194069385528564e-01
-4.972791561499434465e-03
1.827827990055084229e-01
-2.357492148876190186e-01
-1.241164913551529025e-02
6.440615653991699219e-02
-2.269484698772430420e-01
3.009921143188876158e-03
1.275249123573303223e-01
-3.161408901214599609e-01
-7.907517050966816896e-03
1.680105626583099365e-01
-2.886992394924163818e-01
-1.707573028431852435e-02
1.869598031044006348e-01
-2.455011606216430664e-01
-2.203955108450372791e-02
6.961652636528015137e-02
-2.135627567768096924e-01
-1.769917624221761798e-02
1.304561495780944824e-01
-3.093780577182769775e-01
-2.534404376672227954e-02
1.723861098289489746e-01
-2.851374745368957520e-01
-2.927094677613695239e-02
1.932850182056427002e-01
-2.403908669948577881e-01
-3.069718720541914081e-02
8.694472908973693848e-02
-1.818827688694000244e-01
-3.867901282535513019e-02
1.391634941101074219e-01
-2.477415502071380615e-01
-4.251666532979925250e-02
1.755553185939788818e-01
-2.453475296497344971e-01
-4.222209545002897357e-02
1.986872851848602295e-01
-2.237778902053833008e-01
-4.151647331343610858e-02
