0.000000000000000000e+00
0.000000000000000000e+00
0.000000000000000000e+00
6.886127591133117676e-02
1.893770694732666016e-02
1.448955026479836761e-02
1.291073262691497803e-01
3.277838230133056641e-03
1.415742014559384643e-02
1.711059510707855225e-01
2.086800336837768555e-02
5.044807335607970344e-03
1.986752450466156006e-01
6.008678674697875977e-02
-3.575096949688827408e-03
1.240771710872650146e-01
-1.827193498611450195e-01
2.803239424737569152e-02
1.674083769321441650e-01
-2.462028264999389648e-01
1.608462271305199920e-02
1.985637247562408447e-01
-2.148590683937072754e-01
3.375342935569847214e-03
2.127098441123962402e-01
-1.673089563846588135e-01
-4.191662063576018227e-03
1.093371808528900146e-01
-1.969928741455078125e-01
8.472273247562611687e-03
1.666280627250671387e-01
-2.701117694377899170e-01
-3.652293113745486153e-03
2.006012201309204102e-01
-2.262966930866241455e-01
-1.395677017954710664e-02
2.097993493080139160e-01
-1.702307462692260742e-01
-1.849232043115023316e-02
9.942579269409179688e-02
-1.922095417976379395e-01
-1.280871580330256165e-02
1.584307551383972168e-01
-2.663833200931549072e-01
-2.271692442683104218e-02
1.957061886787414551e-01
-2.232861816883087158e-01
-2.691405254391554536e-02
2.096119523048400879e-01
-1.677055954933166504e-01
-2.729649084595564545e-02
9.626358747482299805e-02
-1.664306223392486572e-01
-3.446393634168032349e-02
1.482340395450592041e-01
-2.087084352970123291e-01
-4.236394341079119386e-02
1.831707954406738281e-01
-1.872849762439727783e-01
-4.355091775742891969e-02
2.019493281841278076e-01
-1.517211198806762695e-01
-4.241495381084803284e-02
