0.000000000000000000e+00
0.000000000000000000e+00
0.000000000000000000e+00
5.499988794326782227e-02
-3.121614456176757812e-03
-6.334574560433736679e-04
1.171244978904724121e-01
-4.271727800369262695e-02
-8.255607287193100774e-03
1.653953045606613159e-01
-6.081068515777587891e-02
-1.990013460328654560e-02
2.048496454954147339e-01
-6.051856279373168945e-02
-3.024168203284816059e-02
1.089242547750473022e-01
-1.806280016899108887e-01
-6.981112367267172658e-03
1.493506431579589844e-01
-2.852659225463867188e-01
-3.038574832191542896e-02
1.743418723344802856e-01
-2.370341420173645020e-01
-4.686892482152060779e-02
1.749417930841445923e-01
-1.828902959823608398e-01
-5.422543438782767566e-02
8.975757658481597900e-02
-1.891340017318725586e-01
-1.906361507883147510e-02
1.383153051137924194e-01
-2.907041311264038086e-01
-3.878781648984030994e-02
1.678887456655502319e-01
-2.345355749130249023e-01
-5.026328268160895618e-02
1.664385348558425903e-01
-1.812413930892944336e-01
-5.554711523165778431e-02
6.776873767375946045e-02
-1.828772425651550293e-01
-3.278566973915175708e-02
1.114478707313537598e-01
-2.635744214057922363e-01
-4.956033530345038685e-02
1.455702185630798340e-01
-2.116028070449829102e-01
-5.296742993106917652e-02
1.546869724988937378e-01
-1.613656878471374512e-01
-5.257486628999785694e-02
4.304784536361694336e-02
-1.617910861968994141e-01
-4.691768142094687732e-02
8.137497305870056152e-02
-2.130678296089172363e-01
-6.044218021144942554e-02
1.159978210926055908e-01
-1.866514086723327637e-01
-6.187707262744979175e-02
1.322191953659057617e-01
-1.532858610153198242e-01
-6.068430545439795765e-02
