0.000000000000000000e+00
0.000000000000000000e+00
0.000000000000000000e+00
5.206657946109771729e-02
2.864766120910644531e-02
6.802349641169769257e-03
1.103267669677734375e-01
1.969766616821289062e-02
5.230499255652887314e-03
1.519278585910797119e-01
3.434765338897705078e-02
-3.462020250786679298e-03
1.808011233806610107e-01
6.867992877960205078e-02
-1.185806066617800525e-02
1.268501579761505127e-01
-1.237459182739257812e-01
1.704512565508053967e-02
1.668428480625152588e-01
-2.064201235771179199e-01
-6.724864373026662179e-04
1.907191276550292969e-01
-1.781210601329803467e-01
-1.599478692636324695e-02
1.941449642181396484e-01
-1.278457045555114746e-01
-2.329155214950873187e-02
1.155316531658172607e-01
-1.384571194648742676e-01
1.423885637144906013e-03
1.610487103462219238e-01
-2.271189093589782715e-01
-1.482492376938893131e-02
1.886914372444152832e-01
-1.895459890365600586e-01
-2.727412217185332111e-02
1.889042258262634277e-01
-1.355039775371551514e-01
-3.238657274172140887e-02
1.026002168655395508e-01
-1.459806859493255615e-01
-1.675599784478976062e-02
1.501722931861877441e-01
-2.285934388637542725e-01
-3.044974402413203052e-02
1.812395155429840088e-01
-1.916623115539550781e-01
-3.628950723335577777e-02
1.883970797061920166e-01
-1.401545405387878418e-01
-3.678160690591170123e-02
8.889767527580261230e-02
-1.422846615314483643e-01
-3.564453654811217120e-02
1.295236945152282715e-01
-1.885023415088653564e-01
-4.754135914966894916e-02
1.604244410991668701e-01
-1.718431711196899414e-01
-5.149242811724974445e-02
1.752111315727233887e-01
-1.402817666530609131e-01
-5.138423078582121661e-02
