0.000000000000000000e+00
0.000000000000000000e+00
0.000000000000000000e+00
6.436188519001007080e-02
2.083635330200195312e-02
1.196616952532281175e-02
1.204223930835723877e-01
1.048302650451660156e-02
9.355002727744476942e-03
1.595805287361145020e-01
2.221667766571044922e-02
-1.184732474001748415e-03
1.896249949932098389e-01
5.184131860733032227e-02
-1.170063978767643675e-02
1.245818138122558594e-01
-1.503264307975769043e-01
1.618928806149710908e-02
1.639441251754760742e-01
-2.239472866058349609e-01
-2.127049311610562654e-03
1.888726055622100830e-01
-1.860589981079101562e-01
-1.839105441010246977e-02
1.939094662666320801e-01
-1.342924833297729492e-01
-2.707732311225186095e-02
1.096555441617965698e-01
-1.597276926040649414e-01
-3.000365856649978014e-03
1.609696745872497559e-01
-2.364679574966430664e-01
-2.184533542728672728e-02
1.886931359767913818e-01
-1.846548914909362793e-01
-3.626289247310410246e-02
1.885640323162078857e-01
-1.283132433891296387e-01
-4.288828029072533354e-02
9.647807478904724121e-02
-1.564326286315917969e-01
-2.371604024207840666e-02
1.482730209827423096e-01
-2.268837690353393555e-01
-3.857311262524376616e-02
1.810675263404846191e-01
-1.796388626098632812e-01
-4.550369857585678801e-02
1.880697906017303467e-01
-1.265238523483276367e-01
-4.711762099302063689e-02
8.453838527202606201e-02
-1.368925571441650391e-01
-4.445586382186661467e-02
1.288376152515411377e-01
-1.769194006919860840e-01
-5.690631299054871306e-02
1.620023548603057861e-01
-1.569353938102722168e-01
-6.138978927171478972e-02
1.782325208187103271e-01
-1.262323260307312012e-01
-6.216567038333664641e-02
