0.000000000000000000e+00
0.000000000000000000e+00
0.000000000000000000e+00
6.157857179641723633e-02
1.594972610473632812e-02
9.661322162571650551e-03
1.161109060049057007e-01
6.801426410675048828e-03
4.586796910587054299e-03
1.544076204299926758e-01
2.109503746032714844e-02
-7.673529739406603767e-03
1.850431263446807861e-01
5.268639326095581055e-02
-2.000766463476111312e-02
1.173195689916610718e-01
-1.389057040214538574e-01
8.089489937844973610e-03
1.543006896972656250e-01
-2.190679311752319336e-01
-1.053730614381720443e-02
1.795425117015838623e-01
-1.855906844139099121e-01
-2.549622237580706496e-02
1.879551410675048828e-01
-1.378728747367858887e-01
-3.345429554480006118e-02
1.028231978416442871e-01
-1.475627422332763672e-01
-9.987830481406945182e-03
1.499854028224945068e-01
-2.295712232589721680e-01
-2.794288873570849319e-02
1.783647239208221436e-01
-1.853050589561462402e-01
-4.004425212639262099e-02
1.816662847995758057e-01
-1.336718797683715820e-01
-4.571063846248080154e-02
8.872157335281372070e-02
-1.442998051643371582e-01
-2.937188774245669265e-02
1.361079216003417969e-01
-2.154529094696044922e-01
-4.328972130912234206e-02
1.690449714660644531e-01
-1.749206781387329102e-01
-4.850227787989069839e-02
1.789761185646057129e-01
-1.270040869712829590e-01
-4.956044286387850661e-02
7.606188952922821045e-02
-1.256532073020935059e-01
-4.890203133123804946e-02
1.173042804002761841e-01
-1.665425300598144531e-01
-6.032737746733118911e-02
1.501041650772094727e-01
-1.494421958923339844e-01
-6.358305394547869582e-02
1.673026978969573975e-01
-1.215746998786926270e-01
-6.381950557130267043e-02
