0.000000000000000000e+00
0.000000000000000000e+00
0.000000000000000000e+00
6.151825189590454102e-02
2.461338043212890625e-02
6.507106196281142729e-03
1.248531639575958252e-01
1.219421625137329102e-02
4.004648957547374266e-03
1.682048738002777100e-01
3.550779819488525391e-02
-5.789388365897707445e-03
1.922411024570465088e-01
8.595067262649536133e-02
-1.537926813945489357e-02
1.334924995899200439e-01
-1.484391987323760986e-01
1.795725298687500526e-02
1.707577407360076904e-01
-2.292801439762115479e-01
3.041486326750941771e-03
1.964224278926849365e-01
-2.004872560501098633e-01
-1.111292319730239342e-02
2.058587968349456787e-01
-1.518319845199584961e-01
-1.938404554859118889e-02
1.192315816879272461e-01
-1.649937331676483154e-01
1.560959221009738940e-03
1.653614044189453125e-01
-2.587898373603820801e-01
-1.587421672776656578e-02
1.957748234272003174e-01
-2.179433107376098633e-01
-2.964921335116343926e-02
2.019740939140319824e-01
-1.601709723472595215e-01
-3.574697154000716637e-02
1.042889058589935303e-01
-1.703849732875823975e-01
-1.719244609013514946e-02
1.550166606903076172e-01
-2.652174234390258789e-01
-3.329625951484160851e-02
1.897113621234893799e-01
-2.210074961185455322e-01
-4.284227865174727867e-02
2.014291584491729736e-01
-1.604824364185333252e-01
-4.531579690412002037e-02
9.072244167327880859e-02
-1.600811481475830078e-01
-3.644736709431128929e-02
1.390732228755950928e-01
-2.111285030841827393e-01
-5.012659209207015465e-02
1.745658516883850098e-01
-1.871539652347564697e-01
-5.656691121295409630e-02
1.933677792549133301e-01
-1.456400752067565918e-01
-5.843784513309913109e-02
