0.000000000000000000e+00
0.000000000000000000e+00
0.000000000000000000e+00
6.523713469505310059e-02
1.546317338943481445e-02
1.158756170480046421e-02
1.208965778350830078e-01
-2.876341342926025391e-03
9.239488877938129008e-03
1.629024446010589600e-01
5.006194114685058594e-03
-1.138301668106578290e-03
1.944468915462493896e-01
3.297883272171020508e-02
-1.104969285370316356e-02
1.107550561428070068e-01
-1.736027300357818604e-01
2.154641378729138523e-02
1.568251252174377441e-01
-2.302726507186889648e-01
7.679877002374269068e-03
1.884711086750030518e-01
-1.972130239009857178e-01
-6.357726510032080114e-03
2.026684284210205078e-01
-1.508539021015167236e-01
-1.471341621072497219e-02
9.857791662216186523e-02
-1.864154338836669922e-01
3.591383007005788386e-03
1.580662429332733154e-01
-2.521536052227020264e-01
-9.853344745351932943e-03
1.917330920696258545e-01
-2.082944810390472412e-01
-2.070279266627039760e-02
2.023821473121643066e-01
-1.560209691524505615e-01
-2.633572217018809170e-02
9.157499670982360840e-02
-1.804069578647613525e-01
-1.608185689838137478e-02
1.525951623916625977e-01
-2.485611438751220703e-01
-2.735396321804728359e-02
1.887996494770050049e-01
-2.064783573150634766e-01
-3.235326554568018764e-02
2.022007405757904053e-01
-1.533384323120117188e-01
-3.402795489819254726e-02
9.054988622665405273e-02
-1.539952456951141357e-01
-3.614599477441515774e-02
1.443797647953033447e-01
-1.907040476799011230e-01
-4.480922441871371120e-02
1.781214475631713867e-01
-1.688537299633026123e-01
-4.650325175316538662e-02
1.954442560672760010e-01
-1.354482471942901611e-01
-4.643951203615870327e-02
