0.000000000000000000e+00
0.000000000000000000e+00
0.000000000000000000e+00
6.637912988662719727e-02
-5.199015140533447266e-03
1.362748429606597256e-02
1.119128167629241943e-01
-3.762084245681762695e-02
1.110346228311698269e-02
1.496430933475494385e-01
-3.747779130935668945e-02
-2.056639779226543396e-04
1.834950149059295654e-01
-2.373296022415161133e-02
-1.110091074873764683e-02
7.577142119407653809e-02
-2.152201831340789795e-01
2.125921458433310818e-02
1.256527602672576904e-01
-2.868013679981231689e-01
7.574294083369181863e-03
1.643551886081695557e-01
-2.646014094352722168e-01
-6.172291613566471824e-03
1.864539682865142822e-01
-2.259619235992431641e-01
-1.375189251770336796e-02
6.965482234954833984e-02
-2.222457826137542725e-01
3.125579184469984284e-03
1.306267678737640381e-01
-3.079732060432434082e-01
-7.875912036197973976e-03
1.715759634971618652e-01
-2.811973392963409424e-01
-1.779511585404236484e-02
1.911039650440216064e-01
-2.374005317687988281e-01
-2.314227088858444858e-02
7.410237193107604980e-02
-2.092838585376739502e-01
-1.634017020036537815e-02
1.332343518733978271e-01
-3.030687868595123291e-01
-2.424371070732433964e-02
1.748560965061187744e-01
-2.782674729824066162e-01
-2.868502601553757358e-02
1.958027780055999756e-01
-2.328371107578277588e-01
-3.015247188081104923e-02
9.002578258514404297e-02
-1.781218051910400391e-01
-3.612517952491600681e-02
1.419038176536560059e-01
-2.415294051170349121e-01
-4.016519724895317722e-02
1.780983805656433105e-01
-2.388999760150909424e-01
-4.001715048720200230e-02
2.013807594776153564e-01
-2.166191935539245605e-01
-3.907796382476647068e-02
