0.000000000000000000e+00
0.000000000000000000e+00
0.000000000000000000e+00
5.648519098758697510e-02
2.757698297500610352e-02
5.003547605880953597e-03
1.167972534894943237e-01
1.481974124908447266e-02
2.731931007289745139e-03
1.617280691862106323e-01
3.186416625976562500e-02
-6.327822960159323884e-03
1.905343979597091675e-01
7.195770740509033203e-02
-1.495627282857014961e-02
1.326685696840286255e-01
-1.249749064445495605e-01
1.537969366908953361e-02
1.672842651605606079e-01
-2.071966230869293213e-01
-5.092100283974332342e-04
1.900507956743240356e-01
-1.790812611579895020e-01
-1.468738137482716866e-02
1.962051540613174438e-01
-1.328078806400299072e-01
-2.230690854339911766e-02
1.195932477712631226e-01
-1.429313421249389648e-01
8.397554236552196016e-04
1.619146317243576050e-01
-2.368544042110443115e-01
-1.588797072618319817e-02
1.889909952878952026e-01
-1.982726156711578369e-01
-2.807467120437934227e-02
1.922493427991867065e-01
-1.451374888420104980e-01
-3.312981563358619042e-02
1.046342402696609497e-01
-1.506108343601226807e-01
-1.623498338013007469e-02
1.521789282560348511e-01
-2.429892122745513916e-01
-3.238527538924529381e-02
1.831992417573928833e-01
-2.020301520824432373e-01
-3.999196055083586998e-02
1.918424218893051147e-01
-1.468864977359771729e-01
-4.106825279741599388e-02
8.993224799633026123e-02
-1.439681053161621094e-01
-3.391964050679519005e-02
1.354154795408248901e-01
-1.888939440250396729e-01
-4.837476896791770287e-02
1.684792190790176392e-01
-1.634828746318817139e-01
-5.465883823781325646e-02
1.855803281068801880e-01
-1.240848302841186523e-01
-5.605262952595069237e-02
