0.000000000000000000e+00
0.000000000000000000e+00
0.000000000000000000e+00
6.199540197849273682e-02
1.608675718307495117e-02
8.330189257151232596e-03
1.171034872531890869e-01
9.176194667816162109e-03
3.312477476185904379e-03
1.562081128358840942e-01
2.344334125518798828e-02
-8.644665025883568887e-03
1.860142201185226440e-01
5.774891376495361328e-02
-2.040575481277073777e-02
1.192704588174819946e-01
-1.419096589088439941e-01
1.147678271610175216e-02
1.551657766103744507e-01
-2.228333950042724609e-01
-6.791677691751374368e-03
1.805013865232467651e-01
-1.895444989204406738e-01
-2.273780702870453752e-02
1.897065192461013794e-01
-1.418581008911132812e-01
-3.167515098374451554e-02
1.054880321025848389e-01
-1.504743695259094238e-01
-5.549439594858540659e-03
1.508860439062118530e-01
-2.305982708930969238e-01
-2.300386167388523972e-02
1.795375794172286987e-01
-1.873204708099365234e-01
-3.620017170231903947e-02
1.841039806604385376e-01
-1.364570856094360352e-01
-4.290066509764756120e-02
9.190730750560760498e-02
-1.483705043792724609e-01
-2.418785206299389756e-02
1.369185298681259155e-01
-2.169947624206542969e-01
-3.712561204355324662e-02
1.693787127733230591e-01
-1.779751181602478027e-01
-4.233749061148728288e-02
1.804282814264297485e-01
-1.317158341407775879e-01
-4.363955780189598954e-02
7.893115282058715820e-02
-1.312122941017150879e-01
-4.333137571137513078e-02
1.177816390991210938e-01
-1.698659658432006836e-01
-5.311017333787049211e-02
1.497592777013778687e-01
-1.545494198799133301e-01
-5.571201666515435136e-02
1.678768843412399292e-01
-1.297059655189514160e-01
-5.581125839870537675e-02
