0.000000000000000000e+00
0.000000000000000000e+00
0.000000000000000000e+00
7.877616584300994873e-02
-4.721599817276000977e-02
7.238075121904330445e-03
1.474190354347229004e-01
-1.007800102233886719e-01
-2.706729356532378006e-03
2.022291123867034912e-01
-1.042596697807312012e-01
-2.098474327135591011e-02
2.507865130901336670e-01
-8.229655027389526367e-02
-4.069557461548356514e-02
1.131482273340225220e-01
-2.833419144153594971e-01
6.974755305463986588e-03
1.420983970165252686e-01
-3.972267806529998779e-01
-2.010830726135282021e-02
1.837385594844818115e-01
-3.856781125068664551e-01
-4.328911799598245125e-02
2.187833189964294434e-01
-3.483383059501647949e-01
-5.726567331362275581e-02
9.394519031047821045e-02
-2.821584641933441162e-01
-1.454545046794919472e-02
1.283500194549560547e-01
-4.144622385501861572e-01
-3.943239945579080086e-02
1.786486804485321045e-01
-4.010221958160400391e-01
-5.984792906451730232e-02
2.124963700771331787e-01
-3.550369739532470703e-01
-7.203871432352570991e-02
7.410876452922821045e-02
-2.641968727111816406e-01
-3.804764944720773201e-02
1.078843474388122559e-01
-3.971747159957885742e-01
-6.003821689296273689e-02
1.621230244636535645e-01
-3.861800432205200195e-01
-7.262194577265290718e-02
2.014866173267364502e-01
-3.464480936527252197e-01
-7.845927450466660957e-02
5.689685046672821045e-02
-2.268053293228149414e-01
-6.173999655652551155e-02
8.956265449523925781e-02
-3.165894150733947754e-01
-8.087764355946092110e-02
1.337540745735168457e-01
-3.271504044532775879e-01
-8.831986460495500069e-02
1.699317991733551025e-01
-3.125399649143218994e-01
-9.098086181688813667e-02
