0.000000000000000000e+00
0.000000000000000000e+00
0.000000000000000000e+00
6.288099288940429688e-02
2.724123001098632812e-02
8.973054046734318945e-03
1.245266497135162354e-01
1.725393533706665039e-02
7.532732951446519110e-03
1.678331494331359863e-01
3.916245698928833008e-02
-1.769745681443168905e-03
1.914705038070678711e-01
8.866560459136962891e-02
-1.108350286354209402e-02
1.361670792102813721e-01
-1.412388086318969727e-01
2.158002408127401850e-02
1.728749573230743408e-01
-2.212005257606506348e-01
8.227855357333169195e-03
1.990908384323120117e-01
-1.973772346973419189e-01
-4.902328439996495035e-03
2.092151045799255371e-01
-1.532132923603057861e-01
-1.262221818883801916e-02
1.226705908775329590e-01
-1.595857441425323486e-01
3.941596410228953573e-03
1.680548489093780518e-01
-2.547901570796966553e-01
-1.152819635440494039e-02
1.994447112083435059e-01
-2.185345292091369629e-01
-2.400314582605744818e-02
2.060975730419158936e-01
-1.637948155403137207e-01
-2.962543590088273504e-02
1.075057685375213623e-01
-1.674708425998687744e-01
-1.603087557573701361e-02
1.575874686241149902e-01
-2.612039744853973389e-01
-3.080083949585343817e-02
1.917055845260620117e-01
-2.195548415184020996e-01
-3.960717616696740606e-02
2.021898329257965088e-01
-1.616354882717132568e-01
-4.202356709261323431e-02
9.318482875823974609e-02
-1.599147021770477295e-01
-3.634896649141694525e-02
1.404001414775848389e-01
-2.099351286888122559e-01
-4.926604924817468145e-02
1.747387051582336426e-01
-1.869037747383117676e-01
-5.535945443530465582e-02
1.924051046371459961e-01
-1.472197175025939941e-01
-5.718727184553529241e-02
