0.000000000000000000e+00
0.000000000000000000e+00
0.000000000000000000e+00
5.955228209495544434e-02
2.270263433456420898e-02
6.969440213424604735e-03
1.196972727775573730e-01
1.067954301834106445e-02
4.136818877441328368e-03
1.618082523345947266e-01
2.485150098800659180e-02
-5.696882543134051957e-03
1.891172826290130615e-01
6.656253337860107422e-02
-1.496923440413411299e-02
1.227693259716033936e-01
-1.563159823417663574e-01
1.997421211285654863e-02
1.598421335220336914e-01
-2.200374007225036621e-01
7.067680775207918487e-03
1.874932050704956055e-01
-1.891375780105590820e-01
-6.498673048781711259e-03
2.006815075874328613e-01
-1.440888047218322754e-01
-1.502967165129120986e-02
1.095421910285949707e-01
-1.702335774898529053e-01
4.206005900186937652e-03
1.578436493873596191e-01
-2.390539348125457764e-01
-1.012044591175254027e-02
1.881724596023559570e-01
-1.963395476341247559e-01
-2.179472246484692732e-02
1.959728002548217773e-01
-1.435689330101013184e-01
-2.734547020213540236e-02
9.862074255943298340e-02
-1.696331202983856201e-01
-1.370656402127679030e-02
1.505774855613708496e-01
-2.400458157062530518e-01
-2.644172595159943739e-02
1.842902004718780518e-01
-1.965843439102172852e-01
-3.247872838096554915e-02
1.967549920082092285e-01
-1.428053379058837891e-01
-3.378960960822041670e-02
9.106376767158508301e-02
-1.512838900089263916e-01
-3.237534412460263411e-02
1.373851597309112549e-01
-1.881505548954010010e-01
-4.273264953212674300e-02
1.689327061176300049e-01
-1.647564172744750977e-01
-4.587460779862340132e-02
1.860036849975585938e-01
-1.296948194503784180e-01
-4.599657380299504439e-02
