0.000000000000000000e+00
0.000000000000000000e+00
0.000000000000000000e+00
5.843632668256759644e-02
-2.573770284652709961e-02
-1.105657042664631717e-03
1.162666752934455872e-01
-8.000177145004272461e-02
-9.685035175373002403e-03
1.620077863335609436e-01
-1.108064055442810059e-01
-2.220481758444492471e-02
2.039827480912208557e-01
-1.200554370880126953e-01
-3.407460761695091378e-02
9.832548350095748901e-02
-2.152708768844604492e-01
-8.666277243484898918e-03
1.346919611096382141e-01
-3.190861344337463379e-01
-3.168441665797416817e-02
1.649654135107994080e-01
-2.819144129753112793e-01
-4.816754100351516854e-02
1.735717132687568665e-01
-2.313589453697204590e-01
-5.627464813618843209e-02
7.684839516878128052e-02
-2.173665165901184082e-01
-2.066620936124508034e-02
1.218014582991600037e-01
-3.115278482437133789e-01
-4.053463352351371896e-02
1.548866704106330872e-01
-2.599211931228637695e-01
-5.257818785934631478e-02
1.597378179430961609e-01
-2.077679038047790527e-01
-5.944478449850265633e-02
5.245434492826461792e-02
-2.042187452316284180e-01
-3.407739785938446175e-02
9.339811652898788452e-02
-2.777754664421081543e-01
-5.091995311408226144e-02
1.282384470105171204e-01
-2.286626696586608887e-01
-5.416942325859253060e-02
1.393104568123817444e-01
-1.798342466354370117e-01
-5.474486512570564400e-02
2.428618073463439941e-02
-1.773796081542968750e-01
-4.787115318207924020e-02
5.794482678174972534e-02
-2.347255945205688477e-01
-6.101045695572082650e-02
9.143840521574020386e-02
-2.120577692985534668e-01
-6.145384100704376351e-02
1.069711074233055115e-01
-1.806465983390808105e-01
-6.028599230079834115e-02
