0.000000000000000000e+00
0.000000000000000000e+00
0.000000000000000000e+00
6.531877815723419189e-02
1.325398683547973633e-02
1.167212944214668369e-02
1.265750974416732788e-01
-9.161055088043212891e-03
9.721472446969414705e-03
1.705152839422225952e-01
1.756787300109863281e-03
-2.328766908732404772e-04
1.993246823549270630e-01
3.202325105667114258e-02
-9.856573718437289244e-03
1.144064217805862427e-01
-1.946037113666534424e-01
2.086473308240499591e-02
1.621416658163070679e-01
-2.595720887184143066e-01
7.120789547613526338e-03
1.969114094972610474e-01
-2.303596436977386475e-01
-6.793914775201415068e-03
2.148186415433883667e-01
-1.841303408145904541e-01
-1.493059419358644391e-02
1.006874293088912964e-01
-2.062560319900512695e-01
2.426351473829413408e-03
1.608977168798446655e-01
-2.832379639148712158e-01
-1.192364882940921689e-02
1.990528851747512817e-01
-2.418085634708404541e-01
-2.372098848486814404e-02
2.125941365957260132e-01
-1.860616803169250488e-01
-2.933526918555173779e-02
9.301625192165374756e-02
-1.995366811752319336e-01
-1.756854675973329449e-02
1.544512063264846802e-01
-2.849337756633758545e-01
-2.909588948155317212e-02
1.957042366266250610e-01
-2.450877726078033447e-01
-3.516900114978227521e-02
2.134008258581161499e-01
-1.890322566032409668e-01
-3.699111514056596661e-02
9.305267035961151123e-02
-1.732524335384368896e-01
-3.790273092950258160e-02
1.472075134515762329e-01
-2.256662547588348389e-01
-4.662422038877878094e-02
1.840963512659072876e-01
-2.085593342781066895e-01
-4.870750330651674176e-02
2.047095745801925659e-01
-1.748627126216888428e-01
-4.849103413785371686e-02
