0.000000000000000000e+00
0.000000000000000000e+00
0.000000000000000000e+00
5.492199957370758057e-02
2.679222822189331055e-02
3.866796313992892919e-03
1.110237389802932739e-01
2.337944507598876953e-02
-7.663031670048781052e-04
1.499467641115188599e-01
4.273355007171630859e-02
-1.125743130480572063e-02
1.757509559392929077e-01
8.175033330917358398e-02
-2.149576677268072444e-02
1.259865313768386841e-01
-1.182584464550018311e-01
5.377179176754509626e-03
1.616610735654830933e-01
-2.086522579193115234e-01
-1.288480853920503932e-02
1.817394644021987915e-01
-1.753473579883575439e-01
-2.691804973667188960e-02
1.838729530572891235e-01
-1.276953518390655518e-01
-3.389314545577093440e-02
1.122016757726669312e-01
-1.326225697994232178e-01
-8.882291449957335772e-03
1.547151356935501099e-01
-2.295211255550384521e-01
-2.806000208740755397e-02
1.790213435888290405e-01
-1.844744086265563965e-01
-4.038865102713629085e-02
1.772352308034896851e-01
-1.317914426326751709e-01
-4.535794241612478572e-02
9.555937349796295166e-02
-1.399752795696258545e-01
-2.500859072690531093e-02
1.396711021661758423e-01
-2.265311181545257568e-01
-4.158809392040296871e-02
1.681465655565261841e-01
-1.825086772441864014e-01
-4.812973721211477596e-02
1.734370440244674683e-01
-1.305175423622131348e-01
-4.872190563266798335e-02
7.684151828289031982e-02
-1.366904079914093018e-01
-4.159648327415510494e-02
1.161591261625289917e-01
-1.846057176589965820e-01
-5.657738058155104000e-02
1.477967649698257446e-01
-1.617192625999450684e-01
-6.244228018706365901e-02
1.631248742341995239e-01
-1.273147165775299072e-01
-6.358746422713323909e-02
