0.000000000000000000e+00
0.000000000000000000e+00
0.000000000000000000e+00
6.972905993461608887e-02
5.501866340637207031e-03
1.196393159519004712e-02
1.264928877353668213e-01
-2.062177658081054688e-02
1.123283592353629956e-02
1.686180531978607178e-01
-1.119196414947509766e-02
2.339146084366916511e-03
2.005061507225036621e-01
1.420748233795166016e-02
-5.250786679582120087e-03
1.034405231475830078e-01
-2.032590508460998535e-01
2.591974449644851575e-02
1.503939032554626465e-01
-2.638999521732330322e-01
1.098557723055648694e-02
1.875236630439758301e-01
-2.365971505641937256e-01
-4.256669680373192932e-03
2.073400020599365234e-01
-1.886066496372222900e-01
-1.278860333074760547e-02
9.231004118919372559e-02
-2.141200900077819824e-01
8.229803976817606781e-03
1.503166854381561279e-01
-2.927113771438598633e-01
-6.390088020609141495e-03
1.894701719284057617e-01
-2.562045156955718994e-01
-1.845534543205928912e-02
2.067346572875976562e-01
-2.006537616252899170e-01
-2.392237285782528033e-02
8.935308456420898438e-02
-2.030578553676605225e-01
-1.154020732899141422e-02
1.490696370601654053e-01
-2.863727807998657227e-01
-2.323658416678142657e-02
1.901585161685943604e-01
-2.544941008090972900e-01
-2.986865329255294910e-02
2.105024755001068115e-01
-2.022810280323028564e-01
-3.173429916311931720e-02
9.527575969696044922e-02
-1.701254844665527344e-01
-3.189009452869129291e-02
1.479520499706268311e-01
-2.191647291183471680e-01
-4.008771131445598712e-02
1.843011677265167236e-01
-2.080411911010742188e-01
-4.261767516543102374e-02
2.067929804325103760e-01
-1.795252263545989990e-01
-4.260070646812152972e-02
