0.000000000000000000e+00
0.000000000000000000e+00
0.000000000000000000e+00
6.143772602081298828e-02
2.598065137863159180e-02
7.386680141877377537e-03
1.195372343063354492e-01
2.285677194595336914e-02
5.158223592530930546e-03
1.598842740058898926e-01
4.042494297027587891e-02
-4.070877648103987667e-03
1.855360567569732666e-01
7.705658674240112305e-02
-1.297663626368716905e-02
1.321629583835601807e-01
-1.262350678443908691e-01
1.554329312298818877e-02
1.667521297931671143e-01
-2.101075947284698486e-01
-1.152570793550466988e-03
1.914058625698089600e-01
-1.838408708572387695e-01
-1.555376322116330812e-02
1.991775035858154297e-01
-1.384150385856628418e-01
-2.311857239450887391e-02
1.186151206493377686e-01
-1.408924460411071777e-01
-4.573474264759624930e-04
1.610140204429626465e-01
-2.346259057521820068e-01
-1.789668024625257203e-02
1.896235346794128418e-01
-1.981005370616912842e-01
-3.080675386931375215e-02
1.942355036735534668e-01
-1.464254260063171387e-01
-3.640866474356130311e-02
1.037904322147369385e-01
-1.463353037834167480e-01
-1.867611901010945985e-02
1.500520408153533936e-01
-2.346382141113281250e-01
-3.472339556660131166e-02
1.820357441902160645e-01
-1.965688169002532959e-01
-4.279679254736379335e-02
1.917597949504852295e-01
-1.442585587501525879e-01
-4.435796112861112306e-02
8.895376324653625488e-02
-1.372132897377014160e-01
-3.722344161118940065e-02
1.323794722557067871e-01
-1.824691593647003174e-01
-5.117125631417707154e-02
1.661053299903869629e-01
-1.637346148490905762e-01
-5.754590974297002504e-02
1.843675673007965088e-01
-1.306447684764862061e-01
-5.919684291924909303e-02
