0.000000000000000000e+00
0.000000000000000000e+00
0.000000000000000000e+00
6.513668596744537354e-02
2.203530073165893555e-02
9.588015646663450298e-03
1.216576993465423584e-01
1.611566543579101562e-02
6.350089245465539989e-03
1.621288955211639404e-01
2.774268388748168945e-02
-4.600371784540868703e-03
1.929036974906921387e-01
5.960249900817871094e-02
-1.502926609573052019e-02
1.277146935462951660e-01
-1.457950472831726074e-01
1.708467342796637922e-02
1.679281294345855713e-01
-2.215921282768249512e-01
-1.250680504377044144e-03
1.924283504486083984e-01
-1.816282868385314941e-01
-1.813458240685150713e-02
1.991004645824432373e-01
-1.289217472076416016e-01
-2.770021333453343004e-02
1.132037937641143799e-01
-1.587809920310974121e-01
-1.017530417080081406e-03
1.633180677890777588e-01
-2.369403243064880371e-01
-2.030949070212528795e-02
1.915651559829711914e-01
-1.862362623214721680e-01
-3.537748343405411333e-02
1.934568583965301514e-01
-1.274658441543579102e-01
-4.285866356548950762e-02
9.979651868343353271e-02
-1.587265133857727051e-01
-2.107090651151821703e-02
1.509526669979095459e-01
-2.299702763557434082e-01
-3.619799352345154375e-02
1.825149655342102051e-01
-1.834948658943176270e-01
-4.335284195003197283e-02
1.906892657279968262e-01
-1.281205415725708008e-01
-4.536608568486855120e-02
8.775585889816284180e-02
-1.420781016349792480e-01
-4.160540512857124895e-02
1.318694949150085449e-01
-1.796431541442871094e-01
-5.348226017412827105e-02
1.643211543560028076e-01
-1.570159792900085449e-01
-5.763239747938797564e-02
1.810994744300842285e-01
-1.226058006286621094e-01
-5.840754098353073687e-02
