0.000000000000000000e+00
0.000000000000000000e+00
0.000000000000000000e+00
6.102257966995239258e-02
1.809334754943847656e-02
8.153301928132350440e-03
1.158344000577926636e-01
8.077383041381835938e-03
1.786238778322513099e-03
1.554710119962692261e-01
2.335935831069946289e-02
-1.169424943259400607e-02
1.871134489774703979e-01
5.621528625488281250e-02
-2.537357594451350451e-02
1.140638440847396851e-01
-1.433647274971008301e-01
6.122544672280127998e-03
1.532230824232101440e-01
-2.191039323806762695e-01
-1.369692638149899722e-02
1.795486658811569214e-01
-1.831413507461547852e-01
-2.985595326504153491e-02
1.882857233285903931e-01
-1.335846781730651855e-01
-3.856200325867575884e-02
9.913375973701477051e-02
-1.518476009368896484e-01
-1.171209450444621325e-02
1.510134190320968628e-01
-2.305257916450500488e-01
-3.125051382562560320e-02
1.799616962671279907e-01
-1.813389062881469727e-01
-4.478008273622435809e-02
1.837987452745437622e-01
-1.276930570602416992e-01
-5.114325109502715350e-02
8.602198958396911621e-02
-1.458970904350280762e-01
-3.083577725669783831e-02
1.371927410364151001e-01
-2.154621481895446777e-01
-4.594153139373702288e-02
1.714310199022293091e-01
-1.714408993721008301e-01
-5.245389017841262103e-02
1.813397854566574097e-01
-1.206422448158264160e-01
-5.410341892024916888e-02
7.485730946063995361e-02
-1.233932375907897949e-01
-5.016038167855185748e-02
1.184341013431549072e-01
-1.657760739326477051e-01
-6.190640825411719561e-02
1.523566097021102905e-01
-1.475448012351989746e-01
-6.578618634125632525e-02
1.697302609682083130e-01
-1.175098419189453125e-01
-6.650501090666693926e-02
