0.000000000000000000e+00
0.000000000000000000e+00
0.000000000000000000e+00
6.415519118309020996e-02
2.381217479705810547e-02
1.201666643616761121e-02
1.258585155010223389e-01
1.125288009643554688e-02
1.140599543002451810e-02
1.684555113315582275e-01
2.701252698898315430e-02
2.435682888673795787e-03
1.967166364192962646e-01
6.319350004196166992e-02
-6.106070859758006009e-03
1.305771768093109131e-01
-1.655181944370269775e-01
2.618707095977867993e-02
1.707184016704559326e-01
-2.346557676792144775e-01
1.376420011517609510e-02
1.997532248497009277e-01
-2.026754617691040039e-01
3.625134356042281070e-04
2.122987210750579834e-01
-1.551826298236846924e-01
-7.591974607137785824e-03
1.168209016323089600e-01
-1.806400120258331299e-01
7.935600669654263584e-03
1.672643423080444336e-01
-2.603636384010314941e-01
-5.496402888027773770e-03
1.995400190353393555e-01
-2.139649093151092529e-01
-1.709156731369887439e-02
2.065744400024414062e-01
-1.570383012294769287e-01
-2.240909325185214129e-02
1.060375571250915527e-01
-1.809955537319183350e-01
-1.228587670478020755e-02
1.600279211997985840e-01
-2.637977004051208496e-01
-2.388090329471026507e-02
1.965518593788146973e-01
-2.175310552120208740e-01
-2.975409725907240954e-02
2.088852226734161377e-01
-1.601889729499816895e-01
-3.087050901952181903e-02
9.998777508735656738e-02
-1.625222563743591309e-01
-3.292231509688292590e-02
1.503609418869018555e-01
-2.084361314773559570e-01
-4.247308397891913501e-02
1.854965090751647949e-01
-1.817408502101898193e-01
-4.519372308853064624e-02
2.034237384796142578e-01
-1.420031785964965820e-01
-4.495114336016570178e-02
