0.000000000000000000e+00
0.000000000000000000e+00
0.000000000000000000e+00
6.421211361885070801e-02
2.005690336227416992e-02
1.113551711881655137e-02
1.216703951358795166e-01
6.379902362823486328e-03
8.898895664458450483e-03
1.630226969718933105e-01
2.149188518524169922e-02
-1.113444019722464873e-03
1.912217140197753906e-01
5.957680940628051758e-02
-1.105280270581943114e-02
1.228494942188262939e-01
-1.610838174819946289e-01
2.009932926142710130e-02
1.632917523384094238e-01
-2.210130095481872559e-01
7.105914375131305860e-03
1.913323998451232910e-01
-1.877405345439910889e-01
-6.328756024743142916e-03
2.046681344509124756e-01
-1.436342895030975342e-01
-1.497788125431043227e-02
1.078644394874572754e-01
-1.745353937149047852e-01
1.957499852721866773e-03
1.607847213745117188e-01
-2.406426668167114258e-01
-1.255560902660590727e-02
1.913948953151702881e-01
-1.947852969169616699e-01
-2.499756546473008711e-02
1.997368931770324707e-01
-1.426713764667510986e-01
-3.156766624903184493e-02
9.557619690895080566e-02
-1.720916628837585449e-01
-1.772042507087689955e-02
1.505494117736816406e-01
-2.416289448738098145e-01
-3.025520736133557875e-02
1.858214735984802246e-01
-1.974588632583618164e-01
-3.726071821307641585e-02
1.995757520198822021e-01
-1.440231502056121826e-01
-3.987549947356683333e-02
8.737492561340332031e-02
-1.506203114986419678e-01
-3.764732511496049483e-02
1.371590495109558105e-01
-1.866300106048583984e-01
-4.832211838817102034e-02
1.716171503067016602e-01
-1.649506688117980957e-01
-5.252616064404946883e-02
1.912887990474700928e-01
-1.316103935241699219e-01
-5.392862068271142562e-02
