0.000000000000000000e+00
0.000000000000000000e+00
0.000000000000000000e+00
6.896570324897766113e-02
-8.423745632171630859e-03
1.372744346271304039e-02
1.138887405395507812e-01
-4.136598110198974609e-02
1.089844217757729439e-02
1.523634791374206543e-01
-4.046779870986938477e-02
-6.691784411572143654e-04
1.852895319461822510e-01
-2.898991107940673828e-02
-1.169310865689965340e-02
7.344162464141845703e-02
-2.177969813346862793e-01
2.095017319778946785e-02
1.240550875663757324e-01
-2.879692316055297852e-01
7.259485947443522491e-03
1.627455949783325195e-01
-2.675788700580596924e-01
-6.316920106755219422e-03
1.848632991313934326e-01
-2.307520508766174316e-01
-1.390955207635613533e-02
6.750908493995666504e-02
-2.242265343666076660e-01
2.568281891299761810e-03
1.298577487468719482e-01
-3.098636567592620850e-01
-7.898171262340270005e-03
1.697956025600433350e-01
-2.842652499675750732e-01
-1.728980878134223076e-02
1.889567077159881592e-01
-2.423270940780639648e-01
-2.256928274174185844e-02
7.233393192291259766e-02
-2.101710438728332520e-01
-1.720031426985713097e-02
1.321443617343902588e-01
-3.036874234676361084e-01
-2.441180201013537499e-02
1.728572249412536621e-01
-2.796159386634826660e-01
-2.851810009916277977e-02
1.934098005294799805e-01
-2.359322309494018555e-01
-3.023017087717505547e-02
8.877727389335632324e-02
-1.774729788303375244e-01
-3.735967056591960045e-02
1.406525373458862305e-01
-2.396880090236663818e-01
-4.069935979087802025e-02
1.762223243713378906e-01
-2.381346225738525391e-01
-4.041098506887408348e-02
1.989061236381530762e-01
-2.176793813705444336e-01
-3.981448413570376488e-02
