0.000000000000000000e+00
0.000000000000000000e+00
0.000000000000000000e+00
6.214378774166107178e-02
1.876503229141235352e-02
8.815550012698736282e-03
1.169695407152175903e-01
1.092398166656494141e-02
2.205024007892575355e-03
1.562051326036453247e-01
2.691453695297241211e-02
-1.156795420665446272e-02
1.878162771463394165e-01
6.072342395782470703e-02
-2.573583018947545042e-02
1.153794676065444946e-01
-1.396710872650146484e-01
4.434997448882427307e-03
1.544262021780014038e-01
-2.177404761314392090e-01
-1.588543993402424803e-02
1.802000552415847778e-01
-1.811264753341674805e-01
-3.234443184901181212e-02
1.889941245317459106e-01
-1.317266821861267090e-01
-4.146459442544880858e-02
9.971782565116882324e-02
-1.477200984954833984e-01
-1.416214765031043044e-02
1.513800173997879028e-01
-2.280753850936889648e-01
-3.451570239830914488e-02
1.804710775613784790e-01
-1.775758862495422363e-01
-4.840546217728558531e-02
1.848966330289840698e-01
-1.243149042129516602e-01
-5.521921929884854308e-02
8.600056171417236328e-02
-1.411186456680297852e-01
-3.382517513800564757e-02
1.368982046842575073e-01
-2.105441689491271973e-01
-4.927877453137341490e-02
1.714273840188980103e-01
-1.658846139907836914e-01
-5.578867834974232665e-02
1.825337857007980347e-01
-1.160625219345092773e-01
-5.768683669138852110e-02
7.438983023166656494e-02
-1.175982356071472168e-01
-5.363585916329327574e-02
1.171631962060928345e-01
-1.610062718391418457e-01
-6.548626464773121825e-02
1.509893089532852173e-01
-1.441724300384521484e-01
-6.927261990476552000e-02
1.688543707132339478e-01
-1.162763833999633789e-01
-7.019915920663777342e-02
