0.000000000000000000e+00
0.000000000000000000e+00
0.000000000000000000e+00
7.091411948204040527e-02
-5.474150180816650391e-03
1.541589276683907883e-02
1.189327836036682129e-01
-3.665554523468017578e-02
1.545651612622123139e-02
1.566849052906036377e-01
-3.328675031661987305e-02
6.930929904854110646e-03
1.916629076004028320e-01
-1.739215850830078125e-02
-9.971670172603808169e-04
8.367782831192016602e-02
-2.177107930183410645e-01
2.459521388453822510e-02
1.354246735572814941e-01
-2.853375375270843506e-01
1.225281582964043992e-02
1.746183633804321289e-01
-2.620901465415954590e-01
-8.816196880729876284e-04
1.980150938034057617e-01
-2.266992330551147461e-01
-8.649705147320219112e-03
7.751792669296264648e-02
-2.236392498016357422e-01
6.098317744260839390e-03
1.393615305423736572e-01
-3.065833151340484619e-01
-4.147758876854368282e-03
1.810092329978942871e-01
-2.812677621841430664e-01
-1.443529797899145706e-02
2.022338807582855225e-01
-2.396028041839599609e-01
-2.050791138964314086e-02
8.179044723510742188e-02
-2.080703079700469971e-01
-1.368039211439509018e-02
1.414458751678466797e-01
-2.980638444423675537e-01
-2.160098606901783569e-02
1.826902925968170166e-01
-2.756805717945098877e-01
-2.723730372446198089e-02
2.048838436603546143e-01
-2.329486012458801270e-01
-2.976326288836617096e-02
9.739571809768676758e-02
-1.741168498992919922e-01
-3.360866399663109405e-02
1.488479971885681152e-01
-2.357014715671539307e-01
-3.867030905740875824e-02
1.850823462009429932e-01
-2.359577715396881104e-01
-4.026431234734673126e-02
2.091917097568511963e-01
-2.164918482303619385e-01
-4.068904014485497100e-02
