0.000000000000000000e+00
0.000000000000000000e+00
0.000000000000000000e+00
6.544890999794006348e-02
1.352417469024658203e-02
1.241594629254905158e-02
1.191650331020355225e-01
3.109693527221679688e-03
8.200381713777460391e-03
1.568521559238433838e-01
1.753413677215576172e-02
-3.949603234559617704e-03
1.863597035408020020e-01
4.951584339141845703e-02
-1.638263946506413049e-02
1.156045049428939819e-01
-1.471973657608032227e-01
1.072880422589150839e-02
1.530695259571075439e-01
-2.271380424499511719e-01
-8.025232871204934781e-03
1.801562309265136719e-01
-1.934257745742797852e-01
-2.301732188198002405e-02
1.898387372493743896e-01
-1.449832320213317871e-01
-3.088178781899841852e-02
1.005234867334365845e-01
-1.542851328849792480e-01
-9.066642430752835935e-03
1.498240232467651367e-01
-2.354469299316406250e-01
-2.775669207903774804e-02
1.805825829505920410e-01
-1.899087429046630859e-01
-4.000649152430924005e-02
1.845106482505798340e-01
-1.368570327758789062e-01
-4.534009022745522088e-02
8.689500391483306885e-02
-1.481379270553588867e-01
-3.002997225257786340e-02
1.365825533866882324e-01
-2.189146280288696289e-01
-4.466561896833809442e-02
1.716218292713165283e-01
-1.776687502861022949e-01
-4.991027636560829706e-02
1.818576753139495850e-01
-1.283600330352783203e-01
-5.047620756658943719e-02
7.550589740276336670e-02
-1.262556910514831543e-01
-5.095100326570900506e-02
1.182052046060562134e-01
-1.684775948524475098e-01
-6.340437306198509759e-02
1.525993049144744873e-01
-1.518626213073730469e-01
-6.722608132395180291e-02
1.702831685543060303e-01
-1.231062412261962891e-01
-6.745077593359383172e-02
