0.000000000000000000e+00
0.000000000000000000e+00
0.000000000000000000e+00
7.392272353172302246e-02
-1.076847314834594727e-02
6.008947094755967555e-03
1.400798261165618896e-01
-3.745901584625244141e-02
-1.608852121194104257e-03
1.870293617248535156e-01
-2.697169780731201172e-02
-1.662137050755063683e-02
2.246343791484832764e-01
1.699924468994140625e-03
-3.165596787459890038e-02
1.288089752197265625e-01
-2.186093032360076904e-01
7.715594781416257320e-03
1.602435111999511719e-01
-3.317612409591674805e-01
-1.619014952905217797e-02
1.950528919696807861e-01
-3.056048154830932617e-01
-3.644944791324178368e-02
2.154822945594787598e-01
-2.552468478679656982e-01
-4.807496134765187890e-02
1.097258031368255615e-01
-2.278391420841217041e-01
-1.061115012146274239e-02
1.511438190937042236e-01
-3.542168140411376953e-01
-3.509451512820760399e-02
1.928569078445434570e-01
-3.163988292217254639e-01
-5.306556512243787438e-02
2.106978297233581543e-01
-2.566957473754882812e-01
-6.232134689219037682e-02
9.026996791362762451e-02
-2.242646217346191406e-01
-3.097748447783033043e-02
1.349659562110900879e-01
-3.428542017936706543e-01
-5.093887139685193688e-02
1.810701489448547363e-01
-3.091231882572174072e-01
-6.161104951627294213e-02
2.058754861354827881e-01
-2.545867860317230225e-01
-6.564573634989301354e-02
7.292884588241577148e-02
-2.021082937717437744e-01
-5.181320075519124657e-02
1.152860522270202637e-01
-2.701800763607025146e-01
-6.787206668980161339e-02
1.571346223354339600e-01
-2.620678544044494629e-01
-7.479653198845426232e-02
1.847319900989532471e-01
-2.337625622749328613e-01
-7.742768962509671837e-02
