0.000000000000000000e+00
0.000000000000000000e+00
0.000000000000000000e+00
5.196157097816467285e-02
2.864801883697509766e-02
6.469353795630183868e-03
1.099786460399627686e-01
1.801639795303344727e-02
5.647014588696208648e-03
1.524865925312042236e-01
3.596872091293334961e-02
-2.331788423823866196e-03
1.815364360809326172e-01
7.383024692535400391e-02
-1.000067894847944672e-02
1.231086254119873047e-01
-1.328969597816467285e-01
2.244908711372062271e-02
1.611839830875396729e-01
-2.084596455097198486e-01
9.361754865032878570e-03
1.852668523788452148e-01
-1.812719106674194336e-01
-3.797482471334490128e-03
1.917195022106170654e-01
-1.385648250579833984e-01
-1.095223357470587189e-02
1.139843165874481201e-01
-1.469119787216186523e-01
7.441763528269973449e-03
1.588209867477416992e-01
-2.271368503570556641e-01
-5.319999768751415559e-03
1.861737668514251709e-01
-1.892928481101989746e-01
-1.712320023717239792e-02
1.893446445465087891e-01
-1.404829025268554688e-01
-2.286461764516189987e-02
1.036601960659027100e-01
-1.558512747287750244e-01
-1.025326573790863449e-02
1.520114243030548096e-01
-2.311993241310119629e-01
-2.152396762313202316e-02
1.822943389415740967e-01
-1.909229755401611328e-01
-2.780819521786526138e-02
1.898406147956848145e-01
-1.400966048240661621e-01
-2.925067418755844528e-02
9.396162629127502441e-02
-1.543559134006500244e-01
-2.877887920977428848e-02
1.381345093250274658e-01
-2.001751959323883057e-01
-3.820055933238819534e-02
1.689502000808715820e-01
-1.781509816646575928e-01
-4.134731204749897415e-02
1.827952265739440918e-01
-1.427039802074432373e-01
-4.141816706897571976e-02
