0.000000000000000000e+00
0.000000000000000000e+00
0.000000000000000000e+00
6.539332866668701172e-02
1.276046037673950195e-02
1.371306400760374800e-02
1.201998591423034668e-01
-1.116079092025756836e-02
1.282453198000155226e-02
1.611071228981018066e-01
-2.461850643157958984e-03
3.353874068849904688e-03
1.940826177597045898e-01
2.286243438720703125e-02
-5.753304473913090078e-03
1.072465777397155762e-01
-1.817471981048583984e-01
2.491392880692444578e-02
1.547201275825500488e-01
-2.355428636074066162e-01
1.148427683874331251e-02
1.882790029048919678e-01
-2.035750746726989746e-01
-2.320299986607210485e-03
2.042583227157592773e-01
-1.554329693317413330e-01
-1.019409731016196474e-02
9.637326002120971680e-02
-1.931256949901580811e-01
6.046204697483403834e-03
1.562845110893249512e-01
-2.596143484115600586e-01
-5.793660543716327993e-03
1.922021508216857910e-01
-2.183655798435211182e-01
-1.599294006810225710e-02
2.059209346771240234e-01
-1.659809947013854980e-01
-2.125654615447558626e-02
9.158098697662353516e-02
-1.851305663585662842e-01
-1.455646906033791765e-02
1.531144380569458008e-01
-2.583055496215820312e-01
-2.444324515745677218e-02
1.910860836505889893e-01
-2.189164161682128906e-01
-2.891458071754016146e-02
2.064700424671173096e-01
-1.658598780632019043e-01
-3.025518976137675509e-02
9.366676211357116699e-02
-1.560779511928558350e-01
-3.547124996767081484e-02
1.484248340129852295e-01
-1.993180811405181885e-01
-4.301505595431365236e-02
1.836020946502685547e-01
-1.801106631755828857e-01
-4.391088023767508730e-02
2.025514543056488037e-01
-1.470782756805419922e-01
-4.319831788525618776e-02
