0.000000000000000000e+00
0.000000000000000000e+00
0.000000000000000000e+00
6.349267065525054932e-02
2.155393362045288086e-02
1.299577011221231260e-02
1.208783239126205444e-01
7.954657077789306641e-03
1.267198278063119687e-02
1.623061746358871460e-01
2.087706327438354492e-02
3.970585674579751867e-03
1.909271031618118286e-01
5.644506216049194336e-02
-4.239299423460352045e-03
1.215854436159133911e-01
-1.561342775821685791e-01
2.667724797927917280e-02
1.619722992181777954e-01
-2.163858711719512939e-01
1.421358054929555692e-02
1.906269341707229614e-01
-1.809811890125274658e-01
1.017363187457931417e-03
2.031054347753524780e-01
-1.327511966228485107e-01
-6.783098536942588908e-03
1.090607196092605591e-01
-1.703150570392608643e-01
8.302531116243017095e-03
1.599148362874984741e-01
-2.374708950519561768e-01
-4.984833854649650675e-03
1.911022514104843140e-01
-1.912382841110229492e-01
-1.587997106409488879e-02
1.983886510133743286e-01
-1.357870995998382568e-01
-2.064071883953033648e-02
9.893368184566497803e-02
-1.694512665271759033e-01
-1.197749012655435763e-02
1.537259370088577271e-01
-2.364334166049957275e-01
-2.371480417943416796e-02
1.878040879964828491e-01
-1.905342042446136475e-01
-2.835562927222667895e-02
1.988068968057632446e-01
-1.357151865959167480e-01
-2.854897183871685229e-02
9.316979348659515381e-02
-1.492891311645507812e-01
-3.257666257715641223e-02
1.440372616052627563e-01
-1.813149154186248779e-01
-4.247337681746898852e-02
1.771100312471389771e-01
-1.541595458984375000e-01
-4.477483136153637133e-02
1.937273889780044556e-01
-1.173181235790252686e-01
-4.401394081807552539e-02
