0.000000000000000000e+00
0.000000000000000000e+00
0.000000000000000000e+00
6.216469407081604004e-02
2.339202165603637695e-02
5.101699995947228672e-03
1.240901052951812744e-01
1.335519552230834961e-02
9.978923798996675032e-04
1.668209433555603027e-01
3.580427169799804688e-02
-1.019204625939096331e-02
1.929230391979217529e-01
8.361762762069702148e-02
-2.134989978824819445e-02
1.316400468349456787e-01
-1.482661664485931396e-01
1.466058349157606244e-02
1.696911156177520752e-01
-2.283477783203125000e-01
-2.179466738226665257e-03
1.997362077236175537e-01
-2.028176188468933105e-01
-1.756951058362687945e-02
2.147255241870880127e-01
-1.567569673061370850e-01
-2.642551096235479235e-02
1.171721220016479492e-01
-1.645683944225311279e-01
-1.426651692810310124e-03
1.648731529712677002e-01
-2.599462568759918213e-01
-1.978866042648519397e-02
2.001528441905975342e-01
-2.229167819023132324e-01
-3.369386898432935595e-02
2.113177776336669922e-01
-1.657404303550720215e-01
-3.990428553973401904e-02
1.017911434173583984e-01
-1.714681088924407959e-01
-1.989072593008245349e-02
1.544490158557891846e-01
-2.623579502105712891e-01
-3.657223315988744616e-02
1.920469403266906738e-01
-2.210206985473632812e-01
-4.564679445778097033e-02
2.070053815841674805e-01
-1.638465523719787598e-01
-4.781639607702459216e-02
8.764359354972839355e-02
-1.633053421974182129e-01
-3.897196086202825427e-02
1.366306543350219727e-01
-2.105055451393127441e-01
-5.233525144015516162e-02
1.720707118511199951e-01
-1.893944442272186279e-01
-5.783663349305356860e-02
1.911255717277526855e-01
-1.524803042411804199e-01
-5.895642595444883227e-02
