0.000000000000000000e+00
0.000000000000000000e+00
0.000000000000000000e+00
5.740673840045928955e-02
2.612268924713134766e-02
9.042407798474982883e-03
1.163023859262466431e-01
1.257658004760742188e-02
8.704799639886573459e-03
1.594606190919876099e-01
2.839630842208862305e-02
-4.732470050328174693e-05
1.855264753103256226e-01
6.757587194442749023e-02
-8.137945604616447781e-03
1.198974698781967163e-01
-1.404421925544738770e-01
3.016583569616670957e-02
1.547954827547073364e-01
-2.141130566596984863e-01
1.798160694808359494e-02
1.825273483991622925e-01
-1.897805631160736084e-01
5.553023370808318759e-03
1.912654489278793335e-01
-1.437520682811737061e-01
-5.864245417654956327e-04
1.094716042280197144e-01
-1.546719968318939209e-01
1.406144392014141431e-02
1.527454406023025513e-01
-2.335962951183319092e-01
1.673655414847985412e-03
1.831596940755844116e-01
-1.977603435516357422e-01
-8.186128509336754178e-03
1.887053400278091431e-01
-1.468915343284606934e-01
-1.105882744967345843e-02
1.001535803079605103e-01
-1.596950292587280273e-01
-5.084746104770943020e-03
1.484552174806594849e-01
-2.363166511058807373e-01
-1.636883854597215304e-02
1.815957874059677124e-01
-1.968397796154022217e-01
-2.082953281431798587e-02
1.902875155210494995e-01
-1.430733501911163330e-01
-1.965704053371553073e-02
9.395910799503326416e-02
-1.510722041130065918e-01
-2.515309542148713717e-02
1.392876952886581421e-01
-1.920883953571319580e-01
-3.455342963069085727e-02
1.710632592439651489e-01
-1.691229045391082764e-01
-3.713571518390779147e-02
1.856633871793746948e-01
-1.314531862735748291e-01
-3.574732184141282687e-02
