0.000000000000000000e+00
0.000000000000000000e+00
0.000000000000000000e+00
6.714698672294616699e-02
-4.550635814666748047e-03
1.286425469805863031e-02
1.134696900844573975e-01
-3.345334529876708984e-02
1.034825416644480356e-02
1.518501937389373779e-01
-2.986699342727661133e-02
-4.317679056953238614e-04
1.842601299285888672e-01
-1.520448923110961914e-02
-1.053508622209164969e-02
7.528930902481079102e-02
-2.109182476997375488e-01
1.893396890153553613e-02
1.274441480636596680e-01
-2.821987867355346680e-01
4.346126973530317628e-03
1.664425730705261230e-01
-2.575217783451080322e-01
-9.851433985033963836e-03
1.877645254135131836e-01
-2.182560265064239502e-01
-1.756786340484950415e-02
6.910401582717895508e-02
-2.169281840324401855e-01
1.301337898610199773e-03
1.308181285858154297e-01
-3.014360964298248291e-01
-1.058527053902480475e-02
1.711956262588500977e-01
-2.722963988780975342e-01
-2.061814786503646246e-02
1.889658272266387939e-01
-2.287843823432922363e-01
-2.605624468634459845e-02
7.374510169029235840e-02
-2.033837139606475830e-01
-1.770014101276728979e-02
1.335889697074890137e-01
-2.970515787601470947e-01
-2.645939746508929602e-02
1.745823621749877930e-01
-2.715590000152587891e-01
-3.144200862953994147e-02
1.943127810955047607e-01
-2.268362939357757568e-01
-3.317469702670905463e-02
9.009963274002075195e-02
-1.721145808696746826e-01
-3.702950449297759405e-02
1.422766745090484619e-01
-2.355847358703613281e-01
-4.232097016284797064e-02
1.782237291336059570e-01
-2.319451570510864258e-01
-4.314098851392600409e-02
2.000847756862640381e-01
-2.088494896888732910e-01
-4.276758776614997259e-02
