0.000000000000000000e+00
0.000000000000000000e+00
0.000000000000000000e+00
6.688407063484191895e-02
1.878511905670166016e-02
1.464869887642805679e-02
1.264657080173492432e-01
7.248163223266601562e-03
1.437643510364239319e-02
1.676241159439086914e-01
2.521139383316040039e-02
5.426416314023185805e-03
1.974149644374847412e-01
5.690288543701171875e-02
-3.557538706061791345e-03
1.268830597400665283e-01
-1.710546612739562988e-01
2.669193563126270874e-02
1.705259084701538086e-01
-2.314531207084655762e-01
1.503223427646105392e-02
1.987835764884948730e-01
-1.992484033107757568e-01
2.332920581849862174e-03
2.109753787517547607e-01
-1.530255377292633057e-01
-5.282045201582263871e-03
1.129802465438842773e-01
-1.863053441047668457e-01
7.222720096635271148e-03
1.686813235282897949e-01
-2.601247727870941162e-01
-4.963551507515262529e-03
1.993049979209899902e-01
-2.144671678543090820e-01
-1.614338192082698242e-02
2.057844400405883789e-01
-1.576713025569915771e-01
-2.160844798125083344e-02
1.025192737579345703e-01
-1.851164400577545166e-01
-1.376284598298127548e-02
1.602978408336639404e-01
-2.646692395210266113e-01
-2.379494751728827850e-02
1.953142881393432617e-01
-2.201782763004302979e-01
-2.894153292216117279e-02
2.071384489536285400e-01
-1.640115082263946533e-01
-3.026256184018905060e-02
9.753793478012084961e-02
-1.643405556678771973e-01
-3.486367533839995758e-02
1.499445736408233643e-01
-2.109797596931457520e-01
-4.295589621104056732e-02
1.845167577266693115e-01
-1.874939799308776855e-01
-4.461415330804641144e-02
2.022872567176818848e-01
-1.503644883632659912e-01
-4.410689542926604645e-02
