0.000000000000000000e+00
0.000000000000000000e+00
0.000000000000000000e+00
6.663563847541809082e-02
1.201725006103515625e-02
1.304080642934479783e-02
1.204378902912139893e-01
2.445936203002929688e-03
7.956205198425436720e-03
1.585089266300201416e-01
1.568710803985595703e-02
-5.315860005211447969e-03
1.894186735153198242e-01
4.602319002151489258e-02
-1.910960182372889449e-02
1.174991875886917114e-01
-1.459770798683166504e-01
8.839449176448965773e-03
1.548624336719512939e-01
-2.291377782821655273e-01
-1.094284534279665877e-02
1.819520294666290283e-01
-1.967699527740478516e-01
-2.623931757931075026e-02
1.928466558456420898e-01
-1.491948962211608887e-01
-3.442934408609232833e-02
1.017091572284698486e-01
-1.529171466827392578e-01
-1.238551430229506423e-02
1.515423357486724854e-01
-2.365042567253112793e-01
-3.253858044568858077e-02
1.824106276035308838e-01
-1.910993456840515137e-01
-4.514790206972918440e-02
1.876071393489837646e-01
-1.375105977058410645e-01
-5.061940729443392684e-02
8.683706820011138916e-02
-1.458826661109924316e-01
-3.468004494730791976e-02
1.370761990547180176e-01
-2.152101993560791016e-01
-5.060088887636027266e-02
1.730279326438903809e-01
-1.737268567085266113e-01
-5.561099827114901473e-02
1.858304440975189209e-01
-1.247044801712036133e-01
-5.595657110039553572e-02
7.397206127643585205e-02
-1.230812668800354004e-01
-5.687345444981417586e-02
1.166781336069107056e-01
-1.666235923767089844e-01
-6.999581187788805892e-02
1.517003774642944336e-01
-1.514862775802612305e-01
-7.348701983515582015e-02
1.717905402183532715e-01
-1.250872611999511719e-01
-7.351764917198977400e-02
