0.000000000000000000e+00
0.000000000000000000e+00
0.000000000000000000e+00
6.700438261032104492e-02
1.423048973083496094e-02
1.078591731388200969e-02
1.231749057769775391e-01
-6.630957126617431641e-03
9.114539744444982716e-03
1.648460626602172852e-01
8.375048637390136719e-03
-9.950299001104667695e-04
1.955998837947845459e-01
4.489415884017944336e-02
-1.063769633870492726e-02
1.163725852966308594e-01
-1.810900866985321045e-01
2.569150415260423870e-02
1.551507413387298584e-01
-2.478133440017700195e-01
1.077470791537393779e-02
1.864605844020843506e-01
-2.184808552265167236e-01
-4.814536748341424754e-03
2.003543376922607422e-01
-1.681124269962310791e-01
-1.354495293449531346e-02
1.036087870597839355e-01
-1.947601735591888428e-01
8.507220568247930714e-03
1.528424024581909180e-01
-2.729769945144653320e-01
-6.481272140405280879e-03
1.869813501834869385e-01
-2.343717515468597412e-01
-1.961795191269288807e-02
1.977831125259399414e-01
-1.773118972778320312e-01
-2.558883788984189778e-02
9.506052732467651367e-02
-1.914261281490325928e-01
-1.087277519505391865e-02
1.479684412479400635e-01
-2.720656096935272217e-01
-2.313082243304620533e-02
1.854860484600067139e-01
-2.352920770645141602e-01
-3.052799913089643269e-02
2.001060247421264648e-01
-1.796602904796600342e-01
-3.243941391806970387e-02
9.247356653213500977e-02
-1.674942076206207275e-01
-3.080963107746015339e-02
1.427597105503082275e-01
-2.087327539920806885e-01
-4.049179281096826344e-02
1.786147058010101318e-01
-1.917553842067718506e-01
-4.408118824463258534e-02
1.989738941192626953e-01
-1.580609977245330811e-01
-4.427474687796006947e-02
