0.000000000000000000e+00
0.000000000000000000e+00
0.000000000000000000e+00
-7.592886686325073242e-02
-1.055321097373962402e-01
-2.598000615887485765e-02
-1.062116622924804688e-01
-2.475092411041259766e-01
-3.265603929810367845e-02
-1.068969368934631348e-01
-3.732216954231262207e-01
-3.875377327256046556e-02
-1.054462790489196777e-01
-4.768633246421813965e-01
-4.302461370878063462e-02
-1.662099361419677734e-02
-4.026682376861572266e-01
1.243877299077666976e-02
6.305575370788574219e-03
-5.334688127040863037e-01
1.514121273658020073e-04
2.090096473693847656e-02
-6.129924952983856201e-01
-1.768202632717930101e-02
3.607696294784545898e-02
-6.858592033386230469e-01
-3.263056576304279588e-02
3.272330760955810547e-02
-3.941047191619873047e-01
8.669574558211934345e-03
5.917024612426757812e-02
-5.423067510128021240e-01
2.176768781509963446e-04
7.635039091110229492e-02
-6.345120668411254883e-01
-1.593127958528839372e-02
9.099215269088745117e-02
-7.168491780757904053e-01
-2.988151572697006486e-02
7.053411006927490234e-02
-3.578143119812011719e-01
-1.954650693164694530e-03
9.798169136047363281e-02
-4.961732923984527588e-01
-1.386705152742706559e-02
1.136407852172851562e-01
-5.871820151805877686e-01
-2.511345334403358720e-02
1.269996166229248047e-01
-6.698370575904846191e-01
-3.485773801855884813e-02
1.076173782348632812e-01
-2.971076369285583496e-01
-1.653557568840824388e-02
1.320682764053344727e-01
-4.125499129295349121e-01
-2.872991487436138414e-02
1.469192504882812500e-01
-4.881362318992614746e-01
-3.366414383106075547e-02
1.606789827346801758e-01
-5.618974864482879639e-01
-3.793505504779659532e-02
