0.000000000000000000e+00
0.000000000000000000e+00
0.000000000000000000e+00
-8.402299880981445312e-02
-5.573159456253051758e-02
-2.384288456707395198e-02
-1.424735784530639648e-01
-1.790089011192321777e-01
-3.175064582794107082e-02
-1.686666011810302734e-01
-2.960284352302551270e-01
-3.901642967431939724e-02
-1.906359195709228516e-01
-3.958028554916381836e-01
-4.493707824914849880e-02
-1.056457161903381348e-01
-3.724762797355651855e-01
1.230884935267795299e-03
-1.236842870712280273e-01
-5.099483728408813477e-01
-1.485990859984553936e-02
-1.368286609649658203e-01
-5.909048914909362793e-01
-3.330108557312883022e-02
-1.492355465888977051e-01
-6.647731959819793701e-01
-4.792347584336198452e-02
-5.981719493865966797e-02
-3.948215246200561523e-01
-4.009030167452465321e-03
-7.662820816040039062e-02
-5.486354827880859375e-01
-1.500048429190314891e-02
-8.844399452209472656e-02
-6.416942775249481201e-01
-3.055205230086244228e-02
-1.011147499084472656e-01
-7.239586114883422852e-01
-4.350896958678163173e-02
-1.537019014358520508e-02
-3.864987492561340332e-01
-1.493923306881583812e-02
-2.995228767395019531e-02
-5.328215956687927246e-01
-2.755331468253530147e-02
-4.028213024139404297e-02
-6.218598783016204834e-01
-3.716224838464654567e-02
-5.274426937103271484e-02
-7.026430666446685791e-01
-4.564941335885919216e-02
3.115546703338623047e-02
-3.556458353996276855e-01
-2.948008511631883266e-02
2.528476715087890625e-02
-4.773783683776855469e-01
-4.209595207541383388e-02
2.154082059860229492e-02
-5.565676391124725342e-01
-4.618975554078019741e-02
1.614844799041748047e-02
-6.317205429077148438e-01
-4.947967488735116603e-02
