0.000000000000000000e+00
0.000000000000000000e+00
0.000000000000000000e+00
-9.091639518737792969e-02
-6.908595561981201172e-03
-2.981926931670386693e-02
-1.720008850097656250e-01
-8.986902236938476562e-02
-4.235368280342299840e-02
-2.249520719051361084e-01
-1.731926798820495605e-01
-5.347001610925872228e-02
-2.734396755695343018e-01
-2.369439601898193359e-01
-6.323111488154609106e-02
-1.546391248703002930e-01
-3.113275170326232910e-01
-8.571754793138097739e-03
-1.980374455451965332e-01
-4.370704889297485352e-01
-2.666964812806327245e-02
-2.247538268566131592e-01
-5.096518695354461670e-01
-4.494279308846671483e-02
-2.486706078052520752e-01
-5.764258503913879395e-01
-5.945067911079604528e-02
-1.112374663352966309e-01
-3.556804656982421875e-01
-1.299773587516028783e-02
-1.484913825988769531e-01
-5.038307309150695801e-01
-2.663752308717448614e-02
-1.714829802513122559e-01
-5.942238569259643555e-01
-4.204107506802756689e-02
-1.924312710762023926e-01
-6.712923049926757812e-01
-5.468358157804686925e-02
-6.496185064315795898e-02
-3.660561442375183105e-01
-2.354515215984065435e-02
-9.758692979812622070e-02
-5.051059722900390625e-01
-3.953408135703284643e-02
-1.187447905540466309e-01
-5.863749682903289795e-01
-5.028182699015815160e-02
-1.397004723548889160e-01
-6.589948236942291260e-01
-5.917303695014197729e-02
-1.497608423233032227e-02
-3.536795973777770996e-01
-3.799609153202254674e-02
-3.354090452194213867e-02
-4.710578620433807373e-01
-5.345184414318282506e-02
-4.555141925811767578e-02
-5.469272136688232422e-01
-5.920998810461242101e-02
-5.783754587173461914e-02
-6.198900938034057617e-01
-6.375389977029044530e-02
