0.000000000000000000e+00
0.000000000000000000e+00
0.000000000000000000e+00
-8.842653036117553711e-02
-1.368510723114013672e-02
-2.915065988830178867e-02
-1.669188141822814941e-01
-1.016320586204528809e-01
-4.168625801733583103e-02
-2.189792692661285400e-01
-1.866050958633422852e-01
-5.302061021259873996e-02
-2.654598355293273926e-01
-2.555767893791198730e-01
-6.334465250304788242e-02
-1.452437043190002441e-01
-3.195105791091918945e-01
-1.024956788799613605e-02
-1.863135099411010742e-01
-4.453397989273071289e-01
-3.026116333833783756e-02
-2.116256952285766602e-01
-5.201446115970611572e-01
-4.975729688933938633e-02
-2.334028482437133789e-01
-5.911385118961334229e-01
-6.497799113324731479e-02
-1.016938090324401855e-01
-3.616932034492492676e-01
-1.518084734610170017e-02
-1.363041400909423828e-01
-5.099885165691375732e-01
-3.047386251321881900e-02
-1.569691300392150879e-01
-6.014755070209503174e-01
-4.651107519796937595e-02
-1.755275130271911621e-01
-6.804183125495910645e-01
-5.959964424303620945e-02
-5.575132369995117188e-02
-3.700955510139465332e-01
-2.607874452999681125e-02
-8.506309986114501953e-02
-5.100460648536682129e-01
-4.287818700007051120e-02
-1.041814684867858887e-01
-5.929967463016510010e-01
-5.293241769007295261e-02
-1.231698989868164062e-01
-6.665083169937133789e-01
-6.121998906067460666e-02
-6.951630115509033203e-03
-3.548077940940856934e-01
-4.084849983385652195e-02
-2.378422021865844727e-02
-4.744478762149810791e-01
-5.591330185464471469e-02
-3.432780504226684570e-02
-5.524668693542480469e-01
-6.083567693761438022e-02
-4.556417465209960938e-02
-6.254945695400238037e-01
-6.484850004247277866e-02
