0.000000000000000000e+00
0.000000000000000000e+00
0.000000000000000000e+00
-8.885508775711059570e-02
-1.117986440658569336e-02
-2.477968714848088894e-02
-1.673821210861206055e-01
-9.993106126785278320e-02
-3.137115060999917660e-02
-2.136039137840270996e-01
-1.969156861305236816e-01
-3.768339797571229610e-02
-2.554161548614501953e-01
-2.803259491920471191e-01
-4.227880805447625789e-02
-1.624074578285217285e-01
-3.080371618270874023e-01
9.549595902711871531e-03
-2.078901529312133789e-01
-4.218032360076904297e-01
-3.700440728067633245e-03
-2.350448966026306152e-01
-4.883021116256713867e-01
-2.071270763590860042e-02
-2.588225603103637695e-01
-5.543842017650604248e-01
-3.529822125747728023e-02
-1.236799359321594238e-01
-3.562581539154052734e-01
4.025829046071294215e-03
-1.651511788368225098e-01
-4.910566806793212891e-01
-5.194052101074930761e-03
-1.897609829902648926e-01
-5.756766200065612793e-01
-2.026447325661706600e-02
-2.117449641227722168e-01
-6.507770121097564697e-01
-3.324260607078599605e-02
-8.160567283630371094e-02
-3.687154650688171387e-01
-8.301748407035347554e-03
-1.163120269775390625e-01
-4.977159500122070312e-01
-2.107725523129033718e-02
-1.382324695587158203e-01
-5.739864408969879150e-01
-3.181933656051683101e-02
-1.603903770446777344e-01
-6.449465155601501465e-01
-4.120563387587594661e-02
-3.388231992721557617e-02
-3.592217564582824707e-01
-2.453738122895288143e-02
-6.142169237136840820e-02
-4.685986340045928955e-01
-3.834055781081247005e-02
-7.923620939254760742e-02
-5.389894247055053711e-01
-4.451860531881379757e-02
-9.674602746963500977e-02
-6.099215745925903320e-01
-4.971535175755548153e-02
