0.000000000000000000e+00
0.000000000000000000e+00
0.000000000000000000e+00
-6.888473033905029297e-02
-8.473503589630126953e-02
-1.823901349223433499e-02
-1.079029440879821777e-01
-2.210680246353149414e-01
-2.104479969955264096e-02
-1.237859129905700684e-01
-3.326240181922912598e-01
-2.408186496711550717e-02
-1.433562040328979492e-01
-4.105702042579650879e-01
-2.614290976441679959e-02
-2.321618795394897461e-02
-3.811655640602111816e-01
1.282702608489216800e-02
-1.072621345520019531e-02
-5.117197930812835693e-01
5.004294575087442354e-03
-3.623962402343750000e-05
-5.862166583538055420e-01
-8.019256978400335356e-03
1.162469387054443359e-02
-6.514041125774383545e-01
-1.965012365496932034e-02
2.433884143829345703e-02
-3.757559657096862793e-01
7.330208909593238786e-03
4.261791706085205078e-02
-5.199404656887054443e-01
3.000465812988295511e-03
5.593323707580566406e-02
-6.051471233367919922e-01
-8.593822470970735594e-03
6.676012277603149414e-02
-6.747142523527145386e-01
-1.941319146669684415e-02
6.368350982666015625e-02
-3.443287611007690430e-01
-3.812688510038242384e-03
8.422172069549560547e-02
-4.772843718528747559e-01
-1.273943075455008511e-02
9.516644477844238281e-02
-5.562238395214080811e-01
-2.226568536377726559e-02
1.031553149223327637e-01
-6.250401735305786133e-01
-3.084187360025225644e-02
1.015992164611816406e-01
-2.921750545501708984e-01
-1.800574512697039609e-02
1.266009807586669922e-01
-3.995946049690246582e-01
-2.828693912840662961e-02
1.418402194976806641e-01
-4.678992331027984619e-01
-3.315511868811427121e-02
1.551914811134338379e-01
-5.339520871639251709e-01
-3.757795469380198483e-02
