0.000000000000000000e+00
0.000000000000000000e+00
0.000000000000000000e+00
-8.267259597778320312e-02
-6.534415483474731445e-02
-3.167360519762496551e-02
-1.444596648216247559e-01
-1.879283189773559570e-01
-4.422120248671035370e-02
-1.825675964355468750e-01
-2.986322045326232910e-01
-5.486737062926749786e-02
-2.129209339618682861e-01
-3.928974270820617676e-01
-6.382612382765273651e-02
-8.201920986175537109e-02
-3.879729509353637695e-01
-4.366393310533567274e-03
-1.001805663108825684e-01
-5.306357145309448242e-01
-2.045057026441554626e-02
-1.120384335517883301e-01
-6.132660508155822754e-01
-3.819649165268401703e-02
-1.213713884353637695e-01
-6.909142434597015381e-01
-5.284166952367286285e-02
-3.208076953887939453e-02
-4.014134407043457031e-01
-6.828090285466714704e-03
-3.389823436737060547e-02
-5.611455142498016357e-01
-1.862361712153415283e-02
-3.416681289672851562e-02
-6.575286984443664551e-01
-3.417092060442428192e-02
-3.552788496017456055e-02
-7.423560321331024170e-01
-4.722000902290801605e-02
1.322585344314575195e-02
-3.822596669197082520e-01
-1.601623056228618225e-02
1.379722356796264648e-02
-5.288420915603637695e-01
-3.186090161796073517e-02
1.253974437713623047e-02
-6.193019449710845947e-01
-4.536634182329635223e-02
9.425640106201171875e-03
-7.035969495773315430e-01
-5.601463710661391815e-02
5.772560834884643555e-02
-3.409197926521301270e-01
-2.906366122658710083e-02
6.669688224792480469e-02
-4.617737531661987305e-01
-4.520790522690276703e-02
7.281506061553955078e-02
-5.413152277469635010e-01
-5.340072383876304229e-02
7.814550399780273438e-02
-6.202281415462493896e-01
-5.966167768235663971e-02
