0.000000000000000000e+00
0.000000000000000000e+00
0.000000000000000000e+00
-8.264762163162231445e-02
-3.497755527496337891e-02
-2.872910341389456335e-02
-1.502444744110107422e-01
-1.334224343299865723e-01
-4.052499486274996343e-02
-1.941950023174285889e-01
-2.257321476936340332e-01
-5.078237680859842840e-02
-2.332067191600799561e-01
-3.010162711143493652e-01
-5.987598551578798833e-02
-1.076356768608093262e-01
-3.501282334327697754e-01
-4.664267787262588172e-03
-1.312607526779174805e-01
-4.861485660076141357e-01
-1.959930723674574438e-02
-1.452986598014831543e-01
-5.656854212284088135e-01
-3.673935858674326482e-02
-1.573393940925598145e-01
-6.386022269725799561e-01
-5.085368631549158636e-02
-6.114459037780761719e-02
-3.750897049903869629e-01
-8.109371086135297446e-03
-7.784318923950195312e-02
-5.284235477447509766e-01
-1.895926697321215215e-02
-8.691287040710449219e-02
-6.220363974571228027e-01
-3.377495883174219671e-02
-9.501284360885620117e-02
-7.004062533378601074e-01
-4.634406594701090398e-02
-1.638066768646240234e-02
-3.693215847015380859e-01
-1.765526821978369298e-02
-2.847349643707275391e-02
-5.104579031467437744e-01
-3.157418025799074712e-02
-3.785943984985351562e-02
-5.983784794807434082e-01
-4.391069142289438787e-02
-4.815554618835449219e-02
-6.787916272878646851e-01
-5.419622538752832952e-02
3.010165691375732422e-02
-3.431007266044616699e-01
-3.088960973687449041e-02
2.814012765884399414e-02
-4.619543552398681641e-01
-4.532927451796808782e-02
2.567362785339355469e-02
-5.395665466785430908e-01
-5.259093446798601690e-02
2.223002910614013672e-02
-6.163061857223510742e-01
-5.842742500968256536e-02
