0.000000000000000000e+00
0.000000000000000000e+00
0.000000000000000000e+00
-8.609563112258911133e-02
-1.062130928039550781e-02
-2.582774640512752740e-02
-1.673903465270996094e-01
-9.295397996902465820e-02
-3.694590324056434838e-02
-2.214207053184509277e-01
-1.719023585319519043e-01
-4.749615260851669518e-02
-2.703246176242828369e-01
-2.296210527420043945e-01
-5.727259585154342858e-02
-1.487151384353637695e-01
-3.161133527755737305e-01
-4.941494702222826163e-03
-1.908603906631469727e-01
-4.408058524131774902e-01
-2.225065374267387597e-02
-2.163187861442565918e-01
-5.150229930877685547e-01
-4.053135359180259911e-02
-2.378830909729003906e-01
-5.849627554416656494e-01
-5.529698499930191247e-02
-1.071543693542480469e-01
-3.564735054969787598e-01
-1.135813029003429619e-02
-1.441676020622253418e-01
-5.042237639427185059e-01
-2.464583845329570977e-02
-1.656827926635742188e-01
-5.979361832141876221e-01
-4.007224509012985436e-02
-1.839363873004913330e-01
-6.775771081447601318e-01
-5.288383880150604455e-02
-6.255578994750976562e-02
-3.641286492347717285e-01
-2.369129428160476891e-02
-9.380275011062622070e-02
-5.024320185184478760e-01
-3.914444291484642235e-02
-1.139803528785705566e-01
-5.880107581615447998e-01
-5.077373751890945641e-02
-1.338433027267456055e-01
-6.647580862045288086e-01
-6.044946381342697350e-02
-1.393961906433105469e-02
-3.504690527915954590e-01
-3.964554661405372826e-02
-3.300106525421142578e-02
-4.688178002834320068e-01
-5.456174680483627526e-02
-4.683595895767211914e-02
-5.462056994438171387e-01
-6.113347181570816247e-02
-6.164979934692382812e-02
-6.207993328571319580e-01
-6.662039601695823876e-02
