0.000000000000000000e+00
0.000000000000000000e+00
0.000000000000000000e+00
-7.319033145904541016e-02
-1.013832092285156250e-01
-3.184925480593392422e-02
-1.044097542762756348e-01
-2.462530732154846191e-01
-4.313116608966538479e-02
-1.032218337059020996e-01
-3.757748603820800781e-01
-5.229816301573464443e-02
-1.001645922660827637e-01
-4.852721691131591797e-01
-5.970626785267540981e-02
-2.450019121170043945e-02
-4.115081429481506348e-01
-5.484176751565428276e-03
-6.178915500640869141e-03
-5.541973412036895752e-01
-2.418990335274884274e-02
5.972981452941894531e-03
-6.411940753459930420e-01
-4.424471496452042629e-02
1.847058534622192383e-02
-7.213492393493652344e-01
-6.033362909067818691e-02
2.595406770706176758e-02
-4.026865363121032715e-01
-7.978273507546873589e-03
4.849159717559814453e-02
-5.601466894149780273e-01
-2.249192162264535000e-02
6.444144248962402344e-02
-6.577838659286499023e-01
-4.064643098820397427e-02
7.788652181625366211e-02
-7.452386021614074707e-01
-5.548520102013299038e-02
6.683921813964843750e-02
-3.641436100006103516e-01
-1.695836796272942593e-02
9.079438447952270508e-02
-5.079803168773651123e-01
-3.503162129629799892e-02
1.069594621658325195e-01
-6.005622744560241699e-01
-4.881572439182946255e-02
1.199420094490051270e-01
-6.874859929084777832e-01
-5.959997041929909756e-02
1.062288880348205566e-01
-3.008248805999755859e-01
-2.983873053301522305e-02
1.317894458770751953e-01
-4.152377247810363770e-01
-4.775145738233277370e-02
1.488760113716125488e-01
-4.893596172332763672e-01
-5.566477491368004848e-02
1.643001437187194824e-01
-5.625514984130859375e-01
-6.144375442374894192e-02
