0.000000000000000000e+00
0.000000000000000000e+00
0.000000000000000000e+00
-7.837778329849243164e-02
-7.185858488082885742e-02
-1.866116395015637863e-02
-1.275071501731872559e-01
-2.020286917686462402e-01
-2.391538230497758377e-02
-1.453530192375183105e-01
-3.183857202529907227e-01
-2.986494472045819748e-02
-1.554113626480102539e-01
-4.166527986526489258e-01
-3.465238047559182633e-02
-7.414156198501586914e-02
-3.806709647178649902e-01
9.981686046529603118e-03
-7.723051309585571289e-02
-5.122524201869964600e-01
-3.730805560763883477e-03
-8.188611268997192383e-02
-5.900304317474365234e-01
-2.121367512066285599e-02
-8.749735355377197266e-02
-6.616269946098327637e-01
-3.524470908362786759e-02
-3.142136335372924805e-02
-3.927565217018127441e-01
3.379141476187896842e-03
-3.540182113647460938e-02
-5.417678952217102051e-01
-6.202175484787630921e-03
-4.093301296234130859e-02
-6.306287944316864014e-01
-2.111268436331670273e-02
-4.890865087509155273e-02
-7.109894156455993652e-01
-3.316030112821977127e-02
9.488761425018310547e-03
-3.779496550559997559e-01
-8.629993738423991090e-03
4.385709762573242188e-03
-5.212465226650238037e-01
-2.029537616093080032e-02
-2.232074737548828125e-03
-6.080835759639739990e-01
-2.898645793814580429e-02
-1.163136959075927734e-02
-6.873608529567718506e-01
-3.612809834797303665e-02
5.261451005935668945e-02
-3.409366607666015625e-01
-2.386539449710767258e-02
5.380481481552124023e-02
-4.643963575363159180e-01
-3.526927737314622391e-02
5.342620611190795898e-02
-5.423953533172607422e-01
-3.826651928741853226e-02
5.049735307693481445e-02
-6.157900691032409668e-01
-4.032764417846124161e-02
