0.000000000000000000e+00
0.000000000000000000e+00
0.000000000000000000e+00
-6.995338201522827148e-02
-9.671449661254882812e-02
-3.120854129403483057e-02
-1.093142032623291016e-01
-2.447440624237060547e-01
-4.341324237495314264e-02
-1.259173154830932617e-01
-3.710053563117980957e-01
-5.366182891040693903e-02
-1.455841064453125000e-01
-4.740276038646697998e-01
-6.287957174092184687e-02
-2.464431524276733398e-02
-4.104667901992797852e-01
-9.584090722199789525e-03
-2.358716726303100586e-02
-5.595518350601196289e-01
-2.715756935387503290e-02
-2.231782674789428711e-02
-6.483904719352722168e-01
-4.527487051993261957e-02
-1.875370740890502930e-02
-7.298725396394729614e-01
-6.013409984618078852e-02
2.909147739410400391e-02
-4.025691747665405273e-01
-1.340742693602692270e-02
5.112713575363159180e-02
-5.640839934349060059e-01
-2.638943312078367853e-02
6.604284048080444336e-02
-6.622233986854553223e-01
-4.233139944582831049e-02
7.802075147628784180e-02
-7.458570450544357300e-01
-5.575252888112913752e-02
7.298415899276733398e-02
-3.628686666488647461e-01
-2.340073702245604181e-02
9.617412090301513672e-02
-5.104681253433227539e-01
-4.062013519316565180e-02
1.083385944366455078e-01
-6.021119654178619385e-01
-5.385383782297026301e-02
1.177939176559448242e-01
-6.871071159839630127e-01
-6.446288717299353266e-02
1.123123764991760254e-01
-3.006733059883117676e-01
-3.701966447144400263e-02
1.404280066490173340e-01
-4.156243205070495605e-01
-5.426160064845930719e-02
1.594883203506469727e-01
-4.903204441070556641e-01
-6.160678160696875239e-02
1.769990324974060059e-01
-5.640480518341064453e-01
-6.732009542494665766e-02
