0.000000000000000000e+00
0.000000000000000000e+00
0.000000000000000000e+00
-7.551473379135131836e-02
-9.451311826705932617e-02
-2.707328575635870038e-02
-1.103871464729309082e-01
-2.408248782157897949e-01
-3.397625612998922406e-02
-1.162410974502563477e-01
-3.707017898559570312e-01
-3.982874679351766645e-02
-1.203982830047607422e-01
-4.787400066852569580e-01
-4.358404058004339277e-02
-3.952401876449584961e-02
-4.133636951446533203e-01
1.056427766596357287e-02
-2.844154834747314453e-02
-5.524041950702667236e-01
-2.780385762179093945e-03
-1.789331436157226562e-02
-6.342551708221435547e-01
-2.061976420665700971e-02
-5.821883678436279297e-03
-7.101808637380599976e-01
-3.547621819163282453e-02
1.130795478820800781e-02
-4.132083654403686523e-01
7.551757404854697597e-03
2.779376506805419922e-02
-5.653344392776489258e-01
-8.162072437869483110e-04
4.129016399383544922e-02
-6.562191843986511230e-01
-1.623717437470872937e-02
5.268913507461547852e-02
-7.366932183504104614e-01
-2.956502999151666700e-02
5.263078212738037109e-02
-3.821169137954711914e-01
-2.430120929801660168e-03
7.061767578125000000e-02
-5.217137038707733154e-01
-1.444028618718107282e-02
8.322608470916748047e-02
-6.088545620441436768e-01
-2.493178027654607831e-02
9.336298704147338867e-02
-6.894160807132720947e-01
-3.425301539684255658e-02
9.326273202896118164e-02
-3.266232013702392578e-01
-1.642213690067251264e-02
1.105769872665405273e-01
-4.414220452308654785e-01
-2.891695055151899396e-02
1.221690773963928223e-01
-5.121925771236419678e-01
-3.360111939693410932e-02
1.328095793724060059e-01
-5.819735825061798096e-01
-3.768861222053487836e-02
