0.000000000000000000e+00
0.000000000000000000e+00
0.000000000000000000e+00
-6.540083885192871094e-02
-1.048076748847961426e-01
-3.233402478466018692e-02
-9.989017248153686523e-02
-2.547778487205505371e-01
-4.558830219278320328e-02
-1.133391857147216797e-01
-3.816054463386535645e-01
-5.656337249050125138e-02
-1.268824338912963867e-01
-4.881417751312255859e-01
-6.615396472582801835e-02
-6.774067878723144531e-03
-4.094866514205932617e-01
-1.036350033203348175e-02
1.210272312164306641e-03
-5.593870878219604492e-01
-2.773435669908508316e-02
5.858600139617919922e-03
-6.482891738414764404e-01
-4.543718579182609574e-02
1.307362318038940430e-02
-7.287033647298812866e-01
-6.002841773400291459e-02
4.649823904037475586e-02
-3.942670226097106934e-01
-1.350068370769008652e-02
7.466268539428710938e-02
-5.533237159252166748e-01
-2.658154885241970078e-02
9.451168775558471680e-02
-6.489448547363281250e-01
-4.245720314750656144e-02
1.117826104164123535e-01
-7.314330637454986572e-01
-5.575831863055213944e-02
8.884078264236450195e-02
-3.490493297576904297e-01
-2.287398162255271927e-02
1.190049648284912109e-01
-4.937111437320709229e-01
-4.056042316327079789e-02
1.365313529968261719e-01
-5.837231278419494629e-01
-5.427310499320014969e-02
1.513685584068298340e-01
-6.683660447597503662e-01
-6.512524816164955155e-02
1.262025833129882812e-01
-2.816769480705261230e-01
-3.586797299752220169e-02
1.600707173347473145e-01
-3.900756239891052246e-01
-5.364865693221076981e-02
1.832070350646972656e-01
-4.619099497795104980e-01
-6.159505876669868485e-02
2.052766084671020508e-01
-5.342469215393066406e-01
-6.763709965119346634e-02
