0.000000000000000000e+00
0.000000000000000000e+00
0.000000000000000000e+00
-8.005350828170776367e-02
-7.036459445953369141e-02
-2.257442132767550902e-02
-1.327289938926696777e-01
-2.035133838653564453e-01
-2.988427163299434142e-02
-1.537489295005798340e-01
-3.231669068336486816e-01
-3.689811037119739012e-02
-1.674587130546569824e-01
-4.206291437149047852e-01
-4.271357164915912108e-02
-8.262854814529418945e-02
-3.884618878364562988e-01
6.167845967013363406e-04
-8.823698759078979492e-02
-5.317339599132537842e-01
-1.597170190152041869e-02
-9.327304363250732422e-02
-6.182155013084411621e-01
-3.428065062698237853e-02
-9.793370962142944336e-02
-6.963202953338623047e-01
-4.864307523902766661e-02
-3.577101230621337891e-02
-4.014151096343994141e-01
-5.078487873191761537e-03
-4.064983129501342773e-02
-5.593897998332977295e-01
-1.672771045204513030e-02
-4.482942819595336914e-02
-6.571632027626037598e-01
-3.225888715323321776e-02
-5.054849386215209961e-02
-7.437773197889328003e-01
-4.500167475279681639e-02
8.671939373016357422e-03
-3.847156167030334473e-01
-1.623681963619105773e-02
5.739808082580566406e-03
-5.328901708126068115e-01
-2.927140177425258116e-02
2.249360084533691406e-03
-6.247486472129821777e-01
-3.943337531026713805e-02
-4.171013832092285156e-03
-7.076286375522613525e-01
-4.801453308400027709e-02
5.375868082046508789e-02
-3.441935181617736816e-01
-3.084158928331248717e-02
5.727618932723999023e-02
-4.654173851013183594e-01
-4.376625673111789183e-02
5.925375223159790039e-02
-5.452948510646820068e-01
-4.846844108041636900e-02
5.939102172851562500e-02
-6.206251978874206543e-01
-5.200852112110965209e-02
