0.000000000000000000e+00
0.000000000000000000e+00
0.000000000000000000e+00
-8.007609844207763672e-02
-6.952160596847534180e-02
-2.379978338262844773e-02
-1.302922368049621582e-01
-2.046104073524475098e-01
-3.096340859315205307e-02
-1.535893678665161133e-01
-3.271728754043579102e-01
-3.775214293978024216e-02
-1.725154519081115723e-01
-4.308518171310424805e-01
-4.347780609509754868e-02
-8.315771818161010742e-02
-3.837575316429138184e-01
1.479176855582409189e-03
-9.720945358276367188e-02
-5.284730792045593262e-01
-1.490055752924490662e-02
-1.057937741279602051e-01
-6.116660237312316895e-01
-3.272778430959988327e-02
-1.129857301712036133e-01
-6.894594281911849976e-01
-4.697112256667423935e-02
-3.739982843399047852e-02
-3.987076282501220703e-01
-3.751802090619094088e-03
-4.526078701019287109e-02
-5.574976205825805664e-01
-1.598237717530537338e-02
-5.051642656326293945e-02
-6.534984111785888672e-01
-3.225611040375042649e-02
-5.638462305068969727e-02
-7.381107807159423828e-01
-4.531061166903782578e-02
7.426559925079345703e-03
-3.833557367324829102e-01
-1.451147424063492508e-02
1.945436000823974609e-03
-5.312565863132476807e-01
-2.918816061696816178e-02
-3.031194210052490234e-03
-6.237454116344451904e-01
-3.869382182142544480e-02
-1.073557138442993164e-02
-7.088512927293777466e-01
-4.637027794501591416e-02
5.390024185180664062e-02
-3.441227078437805176e-01
-2.870888711890984268e-02
5.419838428497314453e-02
-4.669751226902008057e-01
-4.270807171246815415e-02
5.238157510757446289e-02
-5.471170544624328613e-01
-4.623108992359448166e-02
4.852539300918579102e-02
-6.228112280368804932e-01
-4.874409625313091965e-02
