0.000000000000000000e+00
0.000000000000000000e+00
0.000000000000000000e+00
-7.016497850418090820e-02
-8.667951822280883789e-02
-1.745512595596210303e-02
-1.091976165771484375e-01
-2.245184183120727539e-01
-1.951626574816600623e-02
-1.237624883651733398e-01
-3.370471596717834473e-01
-2.205256073000327888e-02
-1.420220136642456055e-01
-4.149444103240966797e-01
-2.374201713325874152e-02
-2.310770750045776367e-02
-3.828848004341125488e-01
1.394134687063797173e-02
-1.004844903945922852e-02
-5.129495263099670410e-01
6.555412167585927818e-03
1.748323440551757812e-03
-5.872696638107299805e-01
-6.439879799359005119e-03
1.467835903167724609e-02
-6.521721631288528442e-01
-1.814561037542716804e-02
2.494716644287109375e-02
-3.770679235458374023e-01
8.090599642969209526e-03
4.375857114791870117e-02
-5.202868878841400146e-01
4.206347482181627129e-03
5.766493082046508789e-02
-6.052144169807434082e-01
-7.412474399529855873e-03
6.932026147842407227e-02
-6.746416836977005005e-01
-1.837331129434005561e-02
6.463915109634399414e-02
-3.454360365867614746e-01
-3.381799237899940636e-03
8.571016788482666016e-02
-4.789410531520843506e-01
-1.192361654909745994e-02
9.623223543167114258e-02
-5.596418380737304688e-01
-2.164681142392055335e-02
1.042727231979370117e-01
-6.305956542491912842e-01
-3.056822417499915900e-02
1.025828123092651367e-01
-2.922109365463256836e-01
-1.788319906415836158e-02
1.283559203147888184e-01
-3.999714851379394531e-01
-2.797333037676708045e-02
1.438198089599609375e-01
-4.698375165462493896e-01
-3.298194034221069160e-02
1.574568152427673340e-01
-5.380629301071166992e-01
-3.762604741575614753e-02
