0.000000000000000000e+00
0.000000000000000000e+00
0.000000000000000000e+00
-7.490551471710205078e-02
-9.025287628173828125e-02
-3.305883166748913027e-02
-1.129940748214721680e-01
-2.300290465354919434e-01
-4.633167964774997927e-02
-1.183461546897888184e-01
-3.587477803230285645e-01
-5.726500061709316469e-02
-1.203738451004028320e-01
-4.728996157646179199e-01
-6.588033047873409487e-02
-4.094171524047851562e-02
-4.101192951202392578e-01
-7.253066370225269566e-03
-2.967417240142822266e-02
-5.555227994918823242e-01
-2.700886336523922182e-02
-2.210855484008789062e-02
-6.413014829158782959e-01
-4.737157580811413027e-02
-1.377868652343750000e-02
-7.200483679771423340e-01
-6.343562362152965761e-02
8.759498596191406250e-03
-4.067172408103942871e-01
-9.470842046624738941e-03
2.333581447601318359e-02
-5.679200291633605957e-01
-2.478998733121784426e-02
3.512465953826904297e-02
-6.660922765731811523e-01
-4.262040389139087893e-02
4.555857181549072266e-02
-7.530454993247985840e-01
-5.694914070326717592e-02
5.038964748382568359e-02
-3.719376325607299805e-01
-1.824258101541431643e-02
6.646656990051269531e-02
-5.203844308853149414e-01
-3.622514588195713259e-02
7.828497886657714844e-02
-6.116312742233276367e-01
-4.865220767814548708e-02
8.798587322235107422e-02
-6.970464289188385010e-01
-5.837258530218036867e-02
9.186357259750366211e-02
-3.121877908706665039e-01
-3.106275407034786440e-02
1.111622452735900879e-01
-4.297276139259338379e-01
-4.835792837101848818e-02
1.244128942489624023e-01
-5.058297216892242432e-01
-5.532298070747287966e-02
1.366845965385437012e-01
-5.797032713890075684e-01
-6.028393862206371523e-02
