0.000000000000000000e+00
0.000000000000000000e+00
0.000000000000000000e+00
-8.278048038482666016e-02
-2.954244613647460938e-02
-2.947377201704171057e-02
-1.529740095138549805e-01
-1.258257627487182617e-01
-4.181085687665131445e-02
-1.997126042842864990e-01
-2.159761190414428711e-01
-5.247317415265229101e-02
-2.405788302421569824e-01
-2.922534942626953125e-01
-6.163671773461487646e-02
-1.150957345962524414e-01
-3.468566536903381348e-01
-5.160573614517716123e-03
-1.424219608306884766e-01
-4.822372198104858398e-01
-1.990782443968441839e-02
-1.584650278091430664e-01
-5.614176392555236816e-01
-3.670427363900330420e-02
-1.715965270996093750e-01
-6.341972649097442627e-01
-5.075663861421730871e-02
-6.948453187942504883e-02
-3.756258487701416016e-01
-8.409837936738995268e-03
-9.073758125305175781e-02
-5.278494358062744141e-01
-1.913004343001034613e-02
-1.017106175422668457e-01
-6.211675107479095459e-01
-3.384506490615990515e-02
-1.109128594398498535e-01
-6.997621804475784302e-01
-4.649334561614182348e-02
-2.450513839721679688e-02
-3.730869293212890625e-01
-1.782711569754269476e-02
-4.008048772811889648e-02
-5.136488080024719238e-01
-3.163492467788842077e-02
-5.076473951339721680e-02
-6.014535129070281982e-01
-4.409095805672791357e-02
-6.239527463912963867e-02
-6.821169704198837280e-01
-5.467879187850144262e-02
2.279633283615112305e-02
-3.496889472007751465e-01
-3.100850221304085608e-02
1.901525259017944336e-02
-4.677338302135467529e-01
-4.547108125476029272e-02
1.555025577545166016e-02
-5.447553992271423340e-01
-5.301128116039421911e-02
1.061058044433593750e-02
-6.205333173274993896e-01
-5.915513050345566626e-02
