0.000000000000000000e+00
0.000000000000000000e+00
0.000000000000000000e+00
-8.796292543411254883e-02
-9.667217731475830078e-03
-2.828824769218840629e-02
-1.686536073684692383e-01
-9.395843744277954102e-02
-4.052628639598765403e-02
-2.216823697090148926e-01
-1.775247454643249512e-01
-5.151261824627795249e-02
-2.693374752998352051e-01
-2.405350804328918457e-01
-6.137133825083651573e-02
-1.450625061988830566e-01
-3.216005563735961914e-01
-6.213887291750097575e-03
-1.831913292407989502e-01
-4.506317973136901855e-01
-2.300973113139548332e-02
-2.047671079635620117e-01
-5.272489786148071289e-01
-4.117697912712969810e-02
-2.225780189037322998e-01
-5.986514389514923096e-01
-5.600558284183421165e-02
-1.023551225662231445e-01
-3.605858087539672852e-01
-1.104216247310318977e-02
-1.369296908378601074e-01
-5.107539594173431396e-01
-2.327006559332289726e-02
-1.560539007186889648e-01
-6.031580865383148193e-01
-3.819941047092356712e-02
-1.720506548881530762e-01
-6.809333562850952148e-01
-5.095497209092059165e-02
-5.781275033950805664e-02
-3.675343394279479980e-01
-2.202897767980971366e-02
-8.618378639221191406e-02
-5.086915194988250732e-01
-3.656831074019351036e-02
-1.043254137039184570e-01
-5.963926911354064941e-01
-4.815597522517123252e-02
-1.219916343688964844e-01
-6.761476397514343262e-01
-5.824764135738291770e-02
-9.060859680175781250e-03
-3.530895709991455078e-01
-3.686193439622797996e-02
-2.436745166778564453e-02
-4.721064865589141846e-01
-5.156846034785189659e-02
-3.491437435150146484e-02
-5.498402416706085205e-01
-5.854745272060313255e-02
-4.623562097549438477e-02
-6.253232061862945557e-01
-6.445082712431826621e-02
