0.000000000000000000e+00
0.000000000000000000e+00
0.000000000000000000e+00
-7.091510295867919922e-02
-1.060239076614379883e-01
-2.639240751057059242e-02
-1.014583706855773926e-01
-2.547829747200012207e-01
-3.583025725572497322e-02
-1.029790043830871582e-01
-3.830106258392333984e-01
-4.430434273569971992e-02
-1.062595248222351074e-01
-4.880443513393402100e-01
-5.143024193137080147e-02
-2.423560619354248047e-02
-4.114906191825866699e-01
-2.354636350787586707e-03
-8.435726165771484375e-03
-5.540917515754699707e-01
-2.077824601917654945e-02
1.589059829711914062e-03
-6.399637162685394287e-01
-4.029601605623156502e-02
1.251095533370971680e-02
-7.174880206584930420e-01
-5.550240518539339973e-02
2.630865573883056641e-02
-4.028422832489013672e-01
-7.294312380395240325e-03
4.607987403869628906e-02
-5.610286295413970947e-01
-2.089474329739005043e-02
5.826985836029052734e-02
-6.596206724643707275e-01
-3.828998448341280891e-02
6.841760873794555664e-02
-7.468511015176773071e-01
-5.246924029677302315e-02
6.868982315063476562e-02
-3.650794625282287598e-01
-1.806549707441718056e-02
9.212994575500488281e-02
-5.127808153629302979e-01
-3.425332324593455269e-02
1.045464873313903809e-01
-6.053968966007232666e-01
-4.602224545567423775e-02
1.129393577575683594e-01
-6.900206506252288818e-01
-5.537963079302699043e-02
1.087387800216674805e-01
-3.030899167060852051e-01
-3.234976323335558845e-02
1.350959539413452148e-01
-4.198695421218872070e-01
-4.804812164991290047e-02
1.506868600845336914e-01
-4.970876872539520264e-01
-5.370345877497584297e-02
1.628921031951904297e-01
-5.714105963706970215e-01
-5.769320743172556831e-02
