0.000000000000000000e+00
0.000000000000000000e+00
0.000000000000000000e+00
-7.211601734161376953e-02
-1.028326153755187988e-01
-2.579448894499591916e-02
-1.062979698181152344e-01
-2.501108646392822266e-01
-3.310513646243862240e-02
-1.129457950592041016e-01
-3.788897991180419922e-01
-3.993724808930210202e-02
-1.182902455329895020e-01
-4.840842485427856445e-01
-4.486092702387622921e-02
-3.324544429779052734e-02
-4.142050743103027344e-01
9.161647773396452976e-03
-1.971328258514404297e-02
-5.520751476287841797e-01
-5.978779503095665859e-03
-9.384572505950927734e-03
-6.347555518150329590e-01
-2.484814413725189297e-02
2.288937568664550781e-03
-7.103456407785415649e-01
-3.992166147469333737e-02
1.723766326904296875e-02
-4.105330705642700195e-01
5.226435038309773518e-03
3.524696826934814453e-02
-5.624168515205383301e-01
-4.717626244712391781e-03
4.809057712554931641e-02
-6.559534668922424316e-01
-2.057089247642807095e-02
5.916315317153930664e-02
-7.380407750606536865e-01
-3.391456008790783017e-02
5.911642313003540039e-02
-3.771938085556030273e-01
-5.445757516611138271e-03
7.786732912063598633e-02
-5.195821523666381836e-01
-1.826526374458126156e-02
8.764320611953735352e-02
-6.067066192626953125e-01
-2.816913054226688473e-02
9.430384635925292969e-02
-6.851273477077484131e-01
-3.651559130190662472e-02
9.997987747192382812e-02
-3.196152448654174805e-01
-2.005632930337242215e-02
1.199886202812194824e-01
-4.363616704940795898e-01
-3.245769963501743405e-02
1.314103603363037109e-01
-5.110811293125152588e-01
-3.652471826313785641e-02
1.402573585510253906e-01
-5.830090343952178955e-01
-3.977747411369136898e-02
