0.000000000000000000e+00
0.000000000000000000e+00
0.000000000000000000e+00
-8.190804719924926758e-02
-4.937452077865600586e-02
-2.520035234607576058e-02
-1.452102661132812500e-01
-1.648718714714050293e-01
-3.453803834833024666e-02
-1.801187396049499512e-01
-2.734156250953674316e-01
-4.318759990252374337e-02
-2.075340151786804199e-01
-3.693655729293823242e-01
-5.062447515643953011e-02
-1.121898889541625977e-01
-3.590342998504638672e-01
-1.672841066977071023e-03
-1.389732360839843750e-01
-4.937333762645721436e-01
-1.932085705317376778e-02
-1.568394303321838379e-01
-5.725481808185577393e-01
-3.775890571392892525e-02
-1.725707650184631348e-01
-6.443662345409393311e-01
-5.215461206950067208e-02
-6.785589456558227539e-02
-3.832741975784301758e-01
-6.932796252442585683e-03
-8.960747718811035156e-02
-5.357043445110321045e-01
-2.049538893021463082e-02
-1.018378734588623047e-01
-6.288702189922332764e-01
-3.649345812715409920e-02
-1.138476133346557617e-01
-7.108408659696578979e-01
-4.909255755461572335e-02
-2.329117059707641602e-02
-3.775264024734497070e-01
-1.798305129028676674e-02
-4.398059844970703125e-02
-5.240810513496398926e-01
-3.378909853614686654e-02
-5.591404438018798828e-02
-6.109693646430969238e-01
-4.346073446191667244e-02
-6.906306743621826172e-02
-6.909510493278503418e-01
-5.098588046945451424e-02
2.353477478027343750e-02
-3.497514128684997559e-01
-3.251124200738786385e-02
1.117277145385742188e-02
-4.730003178119659424e-01
-4.752955240525125191e-02
5.028784275054931641e-03
-5.532439351081848145e-01
-5.199140710152505562e-02
-1.350224018096923828e-03
-6.304031908512115479e-01
-5.503748757161019967e-02
