0.000000000000000000e+00
0.000000000000000000e+00
0.000000000000000000e+00
-8.761906623840332031e-02
-4.186177253723144531e-02
-2.983097317945748728e-02
-1.505637168884277344e-01
-1.590281128883361816e-01
-3.900666679572850626e-02
-1.833307743072509766e-01
-2.787554264068603516e-01
-4.665509756040364664e-02
-2.087609767913818359e-01
-3.832057714462280273e-01
-5.203441675138265055e-02
-1.208998560905456543e-01
-3.646737933158874512e-01
4.848482968839107343e-03
-1.430178284645080566e-01
-5.052610635757446289e-01
-1.019474170487910669e-02
-1.547753214836120605e-01
-5.879345238208770752e-01
-2.851293008160382669e-02
-1.641631722450256348e-01
-6.668889820575714111e-01
-4.368537436556607645e-02
-7.516032457351684570e-02
-3.935194015502929688e-01
2.325260263489781210e-03
-9.604287147521972656e-02
-5.462976098060607910e-01
-8.317699239967168978e-03
-1.061399579048156738e-01
-6.411744058132171631e-01
-2.490149955582410257e-02
-1.156694293022155762e-01
-7.270060926675796509e-01
-3.881175960731297891e-02
-3.147345781326293945e-02
-3.882314562797546387e-01
-7.152817261783184222e-03
-4.819613695144653320e-02
-5.302824676036834717e-01
-2.120280969273835581e-02
-5.779594182968139648e-02
-6.183241307735443115e-01
-3.292903448772221964e-02
-6.836891174316406250e-02
-7.010145485401153564e-01
-4.283325146269589823e-02
1.620644330978393555e-02
-3.600496649742126465e-01
-2.075000438225060861e-02
5.449712276458740234e-03
-4.776728153228759766e-01
-3.539738203716069620e-02
2.455115318298339844e-04
-5.530913472175598145e-01
-4.176954324674397867e-02
-4.757583141326904297e-03
-6.282912194728851318e-01
-4.684425290059834879e-02
