0.000000000000000000e+00
0.000000000000000000e+00
0.000000000000000000e+00
-8.265376091003417969e-02
-7.154351472854614258e-02
-2.956580003953490632e-02
-1.430780291557312012e-01
-1.964518427848815918e-01
-4.135522252178702729e-02
-1.795951724052429199e-01
-3.075847625732421875e-01
-5.164983501887832062e-02
-2.075179815292358398e-01
-4.008364081382751465e-01
-6.065341836071524995e-02
-7.748532295227050781e-02
-3.902054429054260254e-01
-4.345241526579002311e-03
-9.309023618698120117e-02
-5.346094667911529541e-01
-2.123453101373229401e-02
-1.026347279548645020e-01
-6.193125247955322266e-01
-3.944461798525367158e-02
-1.095163226127624512e-01
-6.983802318572998047e-01
-5.426284676647696870e-02
-2.655583620071411133e-02
-4.017665982246398926e-01
-8.058601117198804786e-03
-2.530622482299804688e-02
-5.640570223331451416e-01
-2.072169265008483308e-02
-2.377557754516601562e-02
-6.621828973293304443e-01
-3.691099589920554536e-02
-2.335458993911743164e-02
-7.482212632894515991e-01
-5.031330516791854279e-02
1.911467313766479492e-02
-3.804087042808532715e-01
-1.817038661098990815e-02
2.260762453079223633e-02
-5.293711125850677490e-01
-3.464375814652953522e-02
2.280294895172119141e-02
-6.216246187686920166e-01
-4.846340423679862397e-02
2.137696743011474609e-02
-7.063468843698501587e-01
-5.921122065043959992e-02
6.341624259948730469e-02
-3.364324569702148438e-01
-3.187233215427909272e-02
7.513380050659179688e-02
-4.576703906059265137e-01
-4.837934306121383088e-02
8.274459838867187500e-02
-5.382742285728454590e-01
-5.643600231266532319e-02
8.968532085418701172e-02
-6.174856126308441162e-01
-6.251005461669478791e-02
