0.000000000000000000e+00
0.000000000000000000e+00
0.000000000000000000e+00
-8.644127845764160156e-02
-6.361657381057739258e-02
-2.739200355716775448e-02
-1.409705281257629395e-01
-1.907815337181091309e-01
-3.485073322661946804e-02
-1.621126532554626465e-01
-3.161085247993469238e-01
-4.139098325975965054e-02
-1.788428425788879395e-01
-4.223957061767578125e-01
-4.591805661328862698e-02
-9.553611278533935547e-02
-3.825526237487792969e-01
8.659065829135670356e-03
-1.067801117897033691e-01
-5.234723687171936035e-01
-6.425909569941268273e-03
-1.119299530982971191e-01
-6.072310209274291992e-01
-2.524301769443582089e-02
-1.154966354370117188e-01
-6.872175037860870361e-01
-4.089457715161870510e-02
-4.780989885330200195e-02
-4.042302966117858887e-01
4.952019674249186210e-03
-5.670619010925292969e-02
-5.595533847808837891e-01
-6.241551006667123147e-03
-5.957549810409545898e-02
-6.551340520381927490e-01
-2.390748435863088162e-02
-6.310296058654785156e-02
-7.430578768253326416e-01
-3.857214922317098171e-02
-4.482746124267578125e-03
-3.920735716819763184e-01
-5.598420614830956765e-03
-9.762525558471679688e-03
-5.357274115085601807e-01
-2.036904158302377255e-02
-1.189410686492919922e-02
-6.244482696056365967e-01
-3.299359405644963772e-02
-1.588869094848632812e-02
-7.076409310102462769e-01
-4.329667413838933498e-02
4.118120670318603516e-02
-3.547048568725585938e-01
-2.003774592884610684e-02
3.869587182998657227e-02
-4.727821946144104004e-01
-3.472718024858068020e-02
3.795331716537475586e-02
-5.474960207939147949e-01
-4.107358107575009853e-02
3.735029697418212891e-02
-6.208268105983734131e-01
-4.614450210937093289e-02
