0.000000000000000000e+00
0.000000000000000000e+00
0.000000000000000000e+00
-7.822698354721069336e-02
-8.334553241729736328e-02
-3.372862484064853561e-02
-1.215199828147888184e-01
-2.220492959022521973e-01
-4.668378378954685104e-02
-1.309419870376586914e-01
-3.543527722358703613e-01
-5.719500701633251083e-02
-1.368794441223144531e-01
-4.693803191184997559e-01
-6.528227697816646469e-02
-5.558425188064575195e-02
-4.068863391876220703e-01
-6.261163072110775829e-03
-4.966199398040771484e-02
-5.542295575141906738e-01
-2.521013017502582443e-02
-4.486018419265747070e-02
-6.409514546394348145e-01
-4.509857591000354660e-02
-3.866481781005859375e-02
-7.220044732093811035e-01
-6.090445365515506637e-02
-5.449533462524414062e-03
-4.099526405334472656e-01
-7.918935415716532589e-03
4.359424114227294922e-03
-5.715620517730712891e-01
-2.216066155341422927e-02
1.290458440780639648e-02
-6.712216436862945557e-01
-3.937055464592731369e-02
2.035284042358398438e-02
-7.596625387668609619e-01
-5.338337193933284652e-02
3.711199760437011719e-02
-3.816388845443725586e-01
-1.631145845857417953e-02
4.856806993484497070e-02
-5.295245349407196045e-01
-3.280386995282924545e-02
5.723124742507934570e-02
-6.209297776222229004e-01
-4.470254774895465744e-02
6.412208080291748047e-02
-7.056064605712890625e-01
-5.425389405098712814e-02
7.935649156570434570e-02
-3.286353945732116699e-01
-2.896805215385711563e-02
9.336358308792114258e-02
-4.465883374214172363e-01
-4.482876803484714401e-02
1.035113930702209473e-01
-5.233175456523895264e-01
-5.144772600141322982e-02
1.133231520652770996e-01
-5.966702103614807129e-01
-5.634687017408168686e-02
