0.000000000000000000e+00
0.000000000000000000e+00
0.000000000000000000e+00
-7.677859067916870117e-02
-7.867276668548583984e-02
-2.412684737939230217e-02
-1.195221543312072754e-01
-2.149292826652526855e-01
-3.158234349686495079e-02
-1.348139047622680664e-01
-3.308864831924438477e-01
-3.775815583068720116e-02
-1.532001495361328125e-01
-4.200749993324279785e-01
-4.332375816304079308e-02
-4.367119073867797852e-02
-3.768771886825561523e-01
-5.156694550549900669e-03
-3.992104530334472656e-02
-5.130801796913146973e-01
-2.077202229995123162e-02
-3.841799497604370117e-02
-5.971044301986694336e-01
-3.806634164649835839e-02
-3.736251592636108398e-02
-6.711189746856689453e-01
-5.177504486638895287e-02
4.897773265838623047e-03
-3.742669820785522461e-01
-9.626255475467360156e-03
1.405650377273559570e-02
-5.280992686748504639e-01
-2.280586316484800591e-02
1.915252208709716797e-02
-6.250709593296051025e-01
-3.988574362594476952e-02
2.140879631042480469e-02
-7.086764276027679443e-01
-5.293782345253816857e-02
4.867190122604370117e-02
-3.424448370933532715e-01
-1.895940966207376732e-02
6.181579828262329102e-02
-4.884438514709472656e-01
-3.620794332820764794e-02
6.728529930114746094e-02
-5.792057216167449951e-01
-5.044093272883287682e-02
6.940478086471557617e-02
-6.627884805202484131e-01
-6.023327178556314720e-02
9.122633934020996094e-02
-2.883211970329284668e-01
-3.092492102879873528e-02
1.098977923393249512e-01
-4.101065397262573242e-01
-4.883684507805696740e-02
1.175116896629333496e-01
-4.893662333488464355e-01
-5.686720378000131859e-02
1.226498484611511230e-01
-5.666966736316680908e-01
-6.161120823819032921e-02
