0.000000000000000000e+00
0.000000000000000000e+00
0.000000000000000000e+00
-7.023644447326660156e-02
-9.674310684204101562e-02
-3.071426617614747556e-02
-1.109364628791809082e-01
-2.430486083030700684e-01
-4.251773672811509641e-02
-1.297612786293029785e-01
-3.688711524009704590e-01
-5.252102034799577268e-02
-1.500233411788940430e-01
-4.721096456050872803e-01
-6.124980765096665891e-02
-2.848351001739501953e-02
-4.125161170959472656e-01
-6.712977948410525642e-03
-2.818423509597778320e-02
-5.609298944473266602e-01
-2.338900807015420469e-02
-2.759611606597900391e-02
-6.486928462982177734e-01
-4.126515256874085935e-02
-2.478480339050292969e-02
-7.295427471399307251e-01
-5.598357709757806333e-02
2.481752634048461914e-02
-4.058768749237060547e-01
-1.054724695794106992e-02
4.545533657073974609e-02
-5.664965510368347168e-01
-2.257136645428658994e-02
5.981183052062988281e-02
-6.645791828632354736e-01
-3.831609728447915586e-02
7.161301374435424805e-02
-7.486157566308975220e-01
-5.160816031209947141e-02
6.866043806076049805e-02
-3.669924736022949219e-01
-2.069934102408410581e-02
9.218341112136840820e-02
-5.130241513252258301e-01
-3.699997457377435239e-02
1.048530340194702148e-01
-6.041833162307739258e-01
-5.018694716207505735e-02
1.146662235260009766e-01
-6.896908134222030640e-01
-6.077317165843965086e-02
1.079923510551452637e-01
-3.058000206947326660e-01
-3.450957703105927976e-02
1.359566450119018555e-01
-4.195582866668701172e-01
-5.095164122693063291e-02
1.544796228408813477e-01
-4.935367703437805176e-01
-5.804106237999917539e-02
1.717602610588073730e-01
-5.668122470378875732e-01
-6.353711354248048337e-02
