0.000000000000000000e+00
0.000000000000000000e+00
0.000000000000000000e+00
-7.050538063049316406e-02
-9.386360645294189453e-02
-2.858085369169316436e-02
-1.130473613739013672e-01
-2.380328178405761719e-01
-3.910780136882863189e-02
-1.333010792732238770e-01
-3.603331446647644043e-01
-4.815752615630231048e-02
-1.533349156379699707e-01
-4.608960747718811035e-01
-5.607288514673314239e-02
-3.429985046386718750e-02
-4.074115753173828125e-01
-6.085387872900582806e-03
-3.615844249725341797e-02
-5.561760962009429932e-01
-2.243115005492768432e-02
-3.691804409027099609e-02
-6.439100205898284912e-01
-3.951262494027218963e-02
-3.542870283126831055e-02
-7.245926856994628906e-01
-5.357650851308903839e-02
1.855093240737915039e-02
-4.021636247634887695e-01
-1.054433265179000045e-02
3.566789627075195312e-02
-5.633282661437988281e-01
-2.255797942578396942e-02
4.811388254165649414e-02
-6.604692041873931885e-01
-3.771785458027920868e-02
5.850678682327270508e-02
-7.437454462051391602e-01
-5.045540069639287140e-02
6.296896934509277344e-02
-3.649299144744873047e-01
-2.105763738452992584e-02
8.316630125045776367e-02
-5.119205117225646973e-01
-3.717874546944699432e-02
9.386521577835083008e-02
-6.015938520431518555e-01
-4.914644916951260711e-02
1.019783020019531250e-01
-6.851426512002944946e-01
-5.872833167612157013e-02
1.033756732940673828e-01
-3.055808544158935547e-01
-3.503979926406941559e-02
1.285358667373657227e-01
-4.217332005500793457e-01
-5.116778423487744476e-02
1.454582810401916504e-01
-4.975077509880065918e-01
-5.746029128729901458e-02
1.611256599426269531e-01
-5.723651051521301270e-01
-6.228242998420796539e-02
