0.000000000000000000e+00
0.000000000000000000e+00
0.000000000000000000e+00
-8.282727003097534180e-02
-7.223695516586303711e-02
-3.348513823360121933e-02
-1.335857510566711426e-01
-1.994361877441406250e-01
-4.612002279966986862e-02
-1.498250961303710938e-01
-3.291448354721069336e-01
-5.627594646423972335e-02
-1.575134992599487305e-01
-4.440894126892089844e-01
-6.383722033709204879e-02
-7.764798402786254883e-02
-3.948982954025268555e-01
-3.107340916841394574e-03
-8.057248592376708984e-02
-5.420879125595092773e-01
-2.050933372586882797e-02
-8.187752962112426758e-02
-6.278202533721923828e-01
-3.961654138177550522e-02
-8.185571432113647461e-02
-7.088525891304016113e-01
-5.512235071867621627e-02
-2.840578556060791016e-02
-4.060884118080139160e-01
-4.416399080156452328e-03
-2.911609411239624023e-02
-5.665257573127746582e-01
-1.741555091351187912e-02
-2.751356363296508789e-02
-6.637457907199859619e-01
-3.419270124643958297e-02
-2.701455354690551758e-02
-7.523851692676544189e-01
-4.807337876766837326e-02
1.480305194854736328e-02
-3.849675655364990234e-01
-1.260574665278113571e-02
1.717436313629150391e-02
-5.331407487392425537e-01
-2.857559305041945663e-02
1.973354816436767578e-02
-6.224908530712127686e-01
-3.994017970174468246e-02
2.014034986495971680e-02
-7.075380682945251465e-01
-4.918968063205397812e-02
5.971670150756835938e-02
-3.401769399642944336e-01
-2.504682485371745315e-02
6.519132852554321289e-02
-4.614433646202087402e-01
-4.080128800481475082e-02
7.007271051406860352e-02
-5.380236506462097168e-01
-4.697679113954222885e-02
7.443636655807495117e-02
-6.129911243915557861e-01
-5.154927950709975448e-02
