0.000000000000000000e+00
0.000000000000000000e+00
0.000000000000000000e+00
-6.859230995178222656e-02
-9.882259368896484375e-02
-3.147929033707441704e-02
-1.064476370811462402e-01
-2.467030882835388184e-01
-4.401704913448156731e-02
-1.226072311401367188e-01
-3.729437589645385742e-01
-5.458732938836874382e-02
-1.410245895385742188e-01
-4.769092500209808350e-01
-6.406738480995954887e-02
-2.222776412963867188e-02
-4.113606214523315430e-01
-1.000763161550821678e-02
-2.035152912139892578e-02
-5.597335398197174072e-01
-2.797697915207209007e-02
-1.850336790084838867e-02
-6.481559276580810547e-01
-4.630429542135061638e-02
-1.408219337463378906e-02
-7.290803641080856323e-01
-6.131690612505735771e-02
3.130614757537841797e-02
-4.027308821678161621e-01
-1.376001874427856819e-02
5.435109138488769531e-02
-5.627157986164093018e-01
-2.717683895002664940e-02
6.974923610687255859e-02
-6.600098013877868652e-01
-4.338841384719671623e-02
8.236873149871826172e-02
-7.438359111547470093e-01
-5.698152875970663445e-02
7.497024536132812500e-02
-3.621859550476074219e-01
-2.371315716277422325e-02
9.949225187301635742e-02
-5.083528161048889160e-01
-4.135474434565367119e-02
1.119945049285888672e-01
-5.990760922431945801e-01
-5.490711948345960991e-02
1.217741370201110840e-01
-6.839507818222045898e-01
-6.568009278248609917e-02
1.138203740119934082e-01
-2.990103363990783691e-01
-3.729364520381750481e-02
1.429946422576904297e-01
-4.125623703002929688e-01
-5.497065803479017632e-02
1.622983813285827637e-01
-4.865677952766418457e-01
-6.268419942330183403e-02
1.799253821372985840e-01
-5.601623654365539551e-01
-6.860431155632795708e-02
