0.000000000000000000e+00
0.000000000000000000e+00
0.000000000000000000e+00
-7.488310337066650391e-02
-9.086024761199951172e-02
-2.608615554780158163e-02
-1.121935844421386719e-01
-2.364493012428283691e-01
-3.359057776540907980e-02
-1.189087629318237305e-01
-3.635733127593994141e-01
-4.050029091447981955e-02
-1.222067475318908691e-01
-4.671125411987304688e-01
-4.593830577940138937e-02
-3.338944911956787109e-02
-3.995057940483093262e-01
4.461356216069134462e-03
-1.779860258102416992e-02
-5.324514508247375488e-01
-1.174636952490004660e-02
-8.517861366271972656e-03
-6.142980456352233887e-01
-3.082228474229964377e-02
8.461475372314453125e-04
-6.904316544532775879e-01
-4.603720106095465781e-02
1.342499256134033203e-02
-4.007835984230041504e-01
8.079596884158490866e-05
3.186666965484619141e-02
-5.508648455142974854e-01
-1.166562665164860846e-02
4.275041818618774414e-02
-6.457844674587249756e-01
-2.757046393961104513e-02
5.145466327667236328e-02
-7.299783825874328613e-01
-4.054629452437552573e-02
5.311292409896850586e-02
-3.727335929870605469e-01
-1.077770836562308432e-02
7.235664129257202148e-02
-5.143840014934539795e-01
-2.468742452472838522e-02
8.128952980041503906e-02
-6.049948632717132568e-01
-3.476466260761412741e-02
8.701455593109130859e-02
-6.879063546657562256e-01
-4.295992500991019369e-02
9.103995561599731445e-02
-3.191744685173034668e-01
-2.558553986162337424e-02
1.111791729927062988e-01
-4.359101653099060059e-01
-3.897973544806632162e-02
1.233397126197814941e-01
-5.129447877407073975e-01
-4.348271734923514487e-02
1.333896517753601074e-01
-5.863935947418212891e-01
-4.682284243315848471e-02
