0.000000000000000000e+00
0.000000000000000000e+00
0.000000000000000000e+00
-9.048503637313842773e-02
-2.381217479705810547e-02
-3.085243623863220819e-02
-1.583695411682128906e-01
-1.258297562599182129e-01
-4.059770997773171075e-02
-1.970816254615783691e-01
-2.349762320518493652e-01
-4.906923990856171258e-02
-2.285940349102020264e-01
-3.330263495445251465e-01
-5.516510006199837335e-02
-1.417692899703979492e-01
-3.314341306686401367e-01
6.496166194125407856e-03
-1.741850972175598145e-01
-4.641875624656677246e-01
-8.858270162448889096e-03
-1.938369274139404297e-01
-5.437253713607788086e-01
-2.769144918929100641e-02
-2.106725871562957764e-01
-6.192097961902618408e-01
-4.293906238089562066e-02
-9.920346736907958984e-02
-3.700375556945800781e-01
4.415874684497111957e-03
-1.333103179931640625e-01
-5.180919766426086426e-01
-5.535869544104343731e-03
-1.537213325500488281e-01
-6.102443337440490723e-01
-2.142262753258705743e-02
-1.724472045898437500e-01
-6.922173500061035156e-01
-3.478243868957520135e-02
-5.590921640396118164e-02
-3.747553229331970215e-01
-4.955871646956211407e-03
-8.412349224090576172e-02
-5.130872130393981934e-01
-1.713806871484280236e-02
-1.024575233459472656e-01
-5.964354574680328369e-01
-2.704848457287312158e-02
-1.204116344451904297e-01
-6.719538867473602295e-01
-3.592269417057991632e-02
-6.919562816619873047e-03
-3.577758669853210449e-01
-1.893226724277496942e-02
-2.726340293884277344e-02
-4.699999690055847168e-01
-3.084369857023716577e-02
-4.094141721725463867e-02
-5.418502092361450195e-01
-3.535405468355179437e-02
-5.407685041427612305e-02
-6.132505834102630615e-01
-3.944331329475403436e-02
