0.000000000000000000e+00
0.000000000000000000e+00
0.000000000000000000e+00
-8.856004476547241211e-02
-1.854133605957031250e-02
-3.059879393592268571e-02
-1.656002402305603027e-01
-1.107386946678161621e-01
-4.382144735470205887e-02
-2.174609005451202393e-01
-1.980891227722167969e-01
-5.546178744450003251e-02
-2.635844051837921143e-01
-2.698929309844970703e-01
-6.573328078999907120e-02
-1.404881477355957031e-01
-3.274036645889282227e-01
-8.891148318497243963e-03
-1.791697740554809570e-01
-4.578655660152435303e-01
-2.708667033627421006e-02
-2.022133767604827881e-01
-5.345694124698638916e-01
-4.550097585931212052e-02
-2.214506268501281738e-01
-6.067587435245513916e-01
-6.020658166423231705e-02
-9.582698345184326172e-02
-3.668681979179382324e-01
-1.272748113885313614e-02
-1.281409263610839844e-01
-5.174005329608917236e-01
-2.615943254247099503e-02
-1.464815139770507812e-01
-6.094165146350860596e-01
-4.168685973897368058e-02
-1.625539660453796387e-01
-6.893471479415893555e-01
-5.463477672353178605e-02
-4.934155941009521484e-02
-3.725504279136657715e-01
-2.270178013756662949e-02
-7.643342018127441406e-02
-5.154328942298889160e-01
-3.832108603134543046e-02
-9.356403350830078125e-02
-6.004984080791473389e-01
-4.867344797864348038e-02
-1.107245087623596191e-01
-6.774647235870361328e-01
-5.754184053554922684e-02
-3.195405006408691406e-04
-3.554226756095886230e-01
-3.659568057670981034e-02
-1.470065116882324219e-02
-4.743089675903320312e-01
-5.164982454195410355e-02
-2.307111024856567383e-02
-5.520895421504974365e-01
-5.708188639297873124e-02
-3.212487697601318359e-02
-6.270176768302917480e-01
-6.149176583900839432e-02
