0.000000000000000000e+00
0.000000000000000000e+00
0.000000000000000000e+00
-7.462000846862792969e-02
-9.700393676757812500e-02
-2.726412535497502176e-02
-1.077595949172973633e-01
-2.463226914405822754e-01
-3.442511119732216684e-02
-1.117891073226928711e-01
-3.764618039131164551e-01
-4.042476945409134714e-02
-1.158924102783203125e-01
-4.842203557491302490e-01
-4.447670065650299875e-02
-3.276216983795166016e-02
-4.143525958061218262e-01
7.533395953089438990e-03
-1.948541402816772461e-02
-5.548364222049713135e-01
-6.521106873094595358e-03
-7.912218570709228516e-03
-6.373656690120697021e-01
-2.422376134285286753e-02
5.301296710968017578e-03
-7.122731804847717285e-01
-3.879749932178810923e-02
1.835447549819946289e-02
-4.104716181755065918e-01
4.436826623589240626e-03
3.640800714492797852e-02
-5.646778047084808350e-01
-5.086891528605974599e-03
5.053818225860595703e-02
-6.569759547710418701e-01
-2.071372018048123209e-02
6.262677907943725586e-02
-7.365753054618835449e-01
-3.396735125073746531e-02
5.973237752914428711e-02
-3.759685158729553223e-01
-5.398796115457571432e-03
7.931703329086303711e-02
-5.183251202106475830e-01
-1.862624072322205393e-02
9.202051162719726562e-02
-6.076791286468505859e-01
-2.955177769848660319e-02
1.024948358535766602e-01
-6.890024840831756592e-01
-3.888123639711693613e-02
1.003471612930297852e-01
-3.169891834259033203e-01
-1.910258614310578196e-02
1.195745468139648438e-01
-4.334135651588439941e-01
-3.289471723923043101e-02
1.317954659461975098e-01
-5.074780881404876709e-01
-3.834217198976830332e-02
1.433082818984985352e-01
-5.804075002670288086e-01
-4.274678015002564280e-02
