0.000000000000000000e+00
0.000000000000000000e+00
0.000000000000000000e+00
-8.555978536605834961e-02
-3.671467304229736328e-02
-2.838996812690197658e-02
-1.575032472610473633e-01
-1.407770514488220215e-01
-3.878815673280655574e-02
-2.021237611770629883e-01
-2.408784627914428711e-01
-4.776755549002587031e-02
-2.398567795753479004e-01
-3.279793262481689453e-01
-5.516992710519730281e-02
-1.225727796554565430e-01
-3.520419597625732422e-01
-7.889685545876545802e-04
-1.539880037307739258e-01
-4.833518564701080322e-01
-1.602761834848820399e-02
-1.742847561836242676e-01
-5.569235086441040039e-01
-3.354973174620567988e-02
-1.923954486846923828e-01
-6.274172961711883545e-01
-4.795629732299744319e-02
-7.629722356796264648e-02
-3.827459812164306641e-01
-4.552127942332617749e-03
-9.707367420196533203e-02
-5.341211855411529541e-01
-1.539196833957134913e-02
-1.093660593032836914e-01
-6.261849999427795410e-01
-3.074111618090569209e-02
-1.210951209068298340e-01
-7.060574740171432495e-01
-4.363173075009285640e-02
-3.096127510070800781e-02
-3.799270391464233398e-01
-1.472350690502821635e-02
-4.813444614410400391e-02
-5.188711285591125488e-01
-2.896367028344570826e-02
-6.005382537841796875e-02
-6.057653427124023438e-01
-4.134420879174172114e-02
-7.335829734802246094e-02
-6.873018890619277954e-01
-5.139627136279045772e-02
1.682829856872558594e-02
-3.552605509757995605e-01
-2.859678693104683589e-02
6.924927234649658203e-03
-4.762057662010192871e-01
-4.351874642063080501e-02
4.141926765441894531e-04
-5.553083717823028564e-01
-5.054087392974793147e-02
-6.240367889404296875e-03
-6.340783536434173584e-01
-5.593254990864693355e-02
