0.000000000000000000e+00
0.000000000000000000e+00
0.000000000000000000e+00
-6.833839416503906250e-02
-9.579974412918090820e-02
-3.285164624313097192e-02
-1.075645685195922852e-01
-2.404164075851440430e-01
-4.695535689452867700e-02
-1.271950006484985352e-01
-3.658602833747863770e-01
-5.862150952080469324e-02
-1.472613215446472168e-01
-4.689383804798126221e-01
-6.899408489326219751e-02
-2.242016792297363281e-02
-4.043807983398437500e-01
-1.211925089219789697e-02
-2.004498243331909180e-02
-5.521677434444427490e-01
-3.070969931641798212e-02
-1.947104930877685547e-02
-6.406194269657135010e-01
-4.930741950730066492e-02
-1.636523008346557617e-02
-7.208728641271591187e-01
-6.435974925616960718e-02
3.070002794265747070e-02
-3.954957723617553711e-01
-1.466033473471384241e-02
5.298590660095214844e-02
-5.539786815643310547e-01
-2.866925164917688562e-02
6.809926033020019531e-02
-6.498697400093078613e-01
-4.485810041288118555e-02
8.063060045242309570e-02
-7.336479425430297852e-01
-5.828404292324762537e-02
7.415407896041870117e-02
-3.561051487922668457e-01
-2.333333767811041071e-02
9.651505947113037109e-02
-5.012871921062469482e-01
-4.135557874897699548e-02
1.089495420455932617e-01
-5.920577645301818848e-01
-5.502704396704416467e-02
1.189149022102355957e-01
-6.769763529300689697e-01
-6.571644037822466089e-02
1.136925220489501953e-01
-2.942050695419311523e-01
-3.562927111843805505e-02
1.426454186439514160e-01
-4.063515663146972656e-01
-5.337321996549349024e-02
1.619690656661987305e-01
-4.806097149848937988e-01
-6.132222950319032861e-02
1.794072985649108887e-01
-5.549370944499969482e-01
-6.726467847684602930e-02
