0.000000000000000000e+00
0.000000000000000000e+00
0.000000000000000000e+00
-7.793092727661132812e-02
-7.799869775772094727e-02
-1.756215090838963988e-02
-1.238968968391418457e-01
-2.133752703666687012e-01
-2.151457588163907531e-02
-1.390020847320556641e-01
-3.312010169029235840e-01
-2.665791283337171080e-02
-1.470417976379394531e-01
-4.283655285835266113e-01
-3.071478377071912291e-02
-6.261819601058959961e-02
-3.862245678901672363e-01
1.382638611855213640e-02
-6.255358457565307617e-02
-5.198912918567657471e-01
1.165560842736113045e-03
-6.436663866043090820e-02
-6.011212766170501709e-01
-1.580900507954652312e-02
-6.606477499008178711e-02
-6.752206683158874512e-01
-2.959575499383504393e-02
-2.025133371353149414e-02
-3.938832283020019531e-01
6.794886244705367062e-03
-1.919901371002197266e-02
-5.450101196765899658e-01
-2.141730347403836276e-03
-1.973658800125122070e-02
-6.369583904743194580e-01
-1.697247843233640197e-02
-2.116793394088745117e-02
-7.190855741500854492e-01
-2.890908154634530547e-02
1.935774087905883789e-02
-3.750641345977783203e-01
-5.822335323074412372e-03
1.974791288375854492e-02
-5.190534889698028564e-01
-1.672933432249124053e-02
1.830524206161499023e-02
-6.062929630279541016e-01
-2.541225398866231444e-02
1.504123210906982422e-02
-6.853948235511779785e-01
-3.260525870112473967e-02
6.085598468780517578e-02
-3.342463374137878418e-01
-2.174719045845563414e-02
6.689184904098510742e-02
-4.568001627922058105e-01
-3.238509031919534209e-02
6.982380151748657227e-02
-5.345582664012908936e-01
-3.529671388653810027e-02
7.108920812606811523e-02
-6.077777743339538574e-01
-3.743894952324922087e-02
