0.000000000000000000e+00
0.000000000000000000e+00
0.000000000000000000e+00
-8.631736040115356445e-02
3.788352012634277344e-03
-2.860833914519389509e-02
-1.687405109405517578e-01
-5.337315797805786133e-02
-4.406414204777320265e-02
-2.287721931934356689e-01
-1.134169101715087891e-01
-5.828109407366355299e-02
-2.832157611846923828e-01
-1.616724133491516113e-01
-7.147518941701491713e-02
-1.647794842720031738e-01
-2.838080525398254395e-01
-1.265196246595223784e-02
-2.146328389644622803e-01
-4.062528610229492188e-01
-3.203388327301581739e-02
-2.463493645191192627e-01
-4.759227037429809570e-01
-5.165753164828856825e-02
-2.748283445835113525e-01
-5.406363606452941895e-01
-6.734464713872512220e-02
-1.267113685607910156e-01
-3.320177793502807617e-01
-1.836254098952849745e-02
-1.753470897674560547e-01
-4.733648598194122314e-01
-3.309457400382598280e-02
-2.057631611824035645e-01
-5.581277608871459961e-01
-4.945547902525504469e-02
-2.329461574554443359e-01
-6.302198171615600586e-01
-6.318031647742827772e-02
-8.293813467025756836e-02
-3.486337065696716309e-01
-2.958371327758868574e-02
-1.255058050155639648e-01
-4.821377098560333252e-01
-4.544262984336455702e-02
-1.525633931159973145e-01
-5.618785619735717773e-01
-5.666814768255790113e-02
-1.801744103431701660e-01
-6.330021321773529053e-01
-6.659048446954329847e-02
-3.291660547256469727e-02
-3.443452715873718262e-01
-4.455635720432837843e-02
-5.752968788146972656e-02
-4.564961791038513184e-01
-5.971594551147063612e-02
-7.580959796905517578e-02
-5.295618474483489990e-01
-6.587077328504165052e-02
-9.592169523239135742e-02
-5.990163087844848633e-01
-7.115420350373824476e-02
