0.000000000000000000e+00
0.000000000000000000e+00
0.000000000000000000e+00
-8.877277374267578125e-02
-3.420305252075195312e-02
-2.629710724900746754e-02
-1.524380445480346680e-01
-1.376674175262451172e-01
-3.416485889206910542e-02
-1.871478259563446045e-01
-2.470170259475708008e-01
-4.141754834304833821e-02
-2.146990299224853516e-01
-3.436846733093261719e-01
-4.639706937919640950e-02
-1.279546618461608887e-01
-3.412097692489624023e-01
1.172629939068770000e-02
-1.534609794616699219e-01
-4.704641103744506836e-01
-1.726468120210711277e-03
-1.683506369590759277e-01
-5.479391217231750488e-01
-1.975947609494710377e-02
-1.812837719917297363e-01
-6.217957437038421631e-01
-3.459428055535340718e-02
-8.536159992218017578e-02
-3.742641210556030273e-01
8.281817749633546555e-03
-1.118192672729492188e-01
-5.181776285171508789e-01
-9.433776405387561681e-04
-1.283168196678161621e-01
-6.075363457202911377e-01
-1.713812528501534871e-02
-1.442303061485290527e-01
-6.882971525192260742e-01
-3.078329740415597371e-02
-4.382807016372680664e-02
-3.757802248001098633e-01
-1.975542077303771293e-03
-6.533086299896240234e-02
-5.101687014102935791e-01
-1.356012737701917104e-02
-8.111876249313354492e-02
-5.895021557807922363e-01
-2.336622579346681050e-02
-9.742045402526855469e-02
-6.626770794391632080e-01
-3.199801771293664387e-02
2.576649188995361328e-03
-3.561168313026428223e-01
-1.636319039712930135e-02
-1.242470741271972656e-02
-4.680869579315185547e-01
-2.785305856119180135e-02
-2.211540937423706055e-02
-5.395138561725616455e-01
-3.205250008355164937e-02
-3.167617321014404297e-02
-6.104117035865783691e-01
-3.564937962542558125e-02
