0.000000000000000000e+00
0.000000000000000000e+00
0.000000000000000000e+00
-7.347524166107177734e-02
-9.096211194992065430e-02
-3.031431250639116115e-02
-1.192809939384460449e-01
-2.346346974372863770e-01
-4.250235781438505001e-02
-1.445178389549255371e-01
-3.590599894523620605e-01
-5.291404128439580745e-02
-1.687561273574829102e-01
-4.568885266780853271e-01
-6.210170612104093379e-02
-3.753256797790527344e-02
-4.035706520080566406e-01
-6.981062427087181277e-03
-3.972381353378295898e-02
-5.532786250114440918e-01
-2.370916977889692134e-02
-4.218214750289916992e-02
-6.412192881107330322e-01
-4.139625206954633541e-02
-4.243451356887817383e-02
-7.215032428503036499e-01
-5.593500212199842281e-02
1.480150222778320312e-02
-3.996234536170959473e-01
-1.055112313844119853e-02
3.229176998138427734e-02
-5.612423121929168701e-01
-2.299371287591611690e-02
4.433834552764892578e-02
-6.599613428115844727e-01
-3.864664510257398433e-02
5.400806665420532227e-02
-7.446932494640350342e-01
-5.178118422992383785e-02
5.873143672943115234e-02
-3.644595742225646973e-01
-2.034236789114629573e-02
7.739979028701782227e-02
-5.121712088584899902e-01
-3.662203550703679866e-02
8.803820610046386719e-02
-6.028845012187957764e-01
-5.009517744548475093e-02
9.637916088104248047e-02
-6.870463043451309204e-01
-6.084849983818685359e-02
9.954315423965454102e-02
-3.074913024902343750e-01
-3.370772228009855098e-02
1.243152618408203125e-01
-4.223324656486511230e-01
-5.007338449723874874e-02
1.408162117004394531e-01
-4.982515573501586914e-01
-5.768899917967473812e-02
1.564106345176696777e-01
-5.733636021614074707e-01
-6.362051070101415462e-02
