0.000000000000000000e+00
0.000000000000000000e+00
0.000000000000000000e+00
-7.686859369277954102e-02
-8.684527873992919922e-02
-2.438966956336230396e-02
-1.178624629974365234e-01
-2.311609387397766113e-01
-3.097828504044741749e-02
-1.276946067810058594e-01
-3.569800853729248047e-01
-3.720069516796797870e-02
-1.330972909927368164e-01
-4.592875242233276367e-01
-4.174912933606833576e-02
-4.542136192321777344e-02
-3.989370465278625488e-01
6.835895326247509729e-03
-3.391575813293457031e-02
-5.338627398014068604e-01
-7.736067086199227560e-03
-2.773123979568481445e-02
-6.169590651988983154e-01
-2.573169794280261158e-02
-2.172625064849853516e-02
-6.935966908931732178e-01
-4.023729849953383564e-02
4.394054412841796875e-04
-4.028718471527099609e-01
2.321982724851068269e-03
1.422840356826782227e-02
-5.538193285465240479e-01
-7.851907316336337317e-03
2.183628082275390625e-02
-6.489718258380889893e-01
-2.279933568436831592e-02
2.746003866195678711e-02
-7.328713536262512207e-01
-3.505951006312102436e-02
3.998798131942749023e-02
-3.775441646575927734e-01
-8.505523469040099371e-03
5.377531051635742188e-02
-5.198510885238647461e-01
-2.081140343446463703e-02
5.962753295898437500e-02
-6.091766655445098877e-01
-3.039834302265376209e-02
6.271225214004516602e-02
-6.905672252178192139e-01
-3.831554416913718342e-02
7.892066240310668945e-02
-3.281841278076171875e-01
-2.321579892534941791e-02
9.513813257217407227e-02
-4.485430717468261719e-01
-3.552988384265631794e-02
1.042772531509399414e-01
-5.266214907169342041e-01
-3.999420840639800190e-02
1.112540364265441895e-01
-6.014476120471954346e-01
-4.330562267799109577e-02
