0.000000000000000000e+00
0.000000000000000000e+00
0.000000000000000000e+00
-8.712440729141235352e-02
-5.742859840393066406e-02
-2.942634475749628109e-02
-1.421502232551574707e-01
-1.825917959213256836e-01
-3.797407736402647060e-02
-1.644845008850097656e-01
-3.071449398994445801e-01
-4.500285079103605312e-02
-1.821674108505249023e-01
-4.135091900825500488e-01
-4.988025416952268642e-02
-9.596830606460571289e-02
-3.807903528213500977e-01
4.053022625328139839e-03
-1.069403290748596191e-01
-5.220431983470916748e-01
-1.096598812711135906e-02
-1.132598519325256348e-01
-6.067908108234405518e-01
-2.919140373688833279e-02
-1.180638074874877930e-01
-6.861749887466430664e-01
-4.415821572166578335e-02
-4.818701744079589844e-02
-3.991588354110717773e-01
1.588526211151020107e-03
-5.788141489028930664e-02
-5.541575253009796143e-01
-9.443800052224560204e-03
-6.207311153411865234e-02
-6.505275368690490723e-01
-2.615787563246385616e-02
-6.638211011886596680e-02
-7.378119975328445435e-01
-3.982792710286275906e-02
-4.262506961822509766e-03
-3.854656815528869629e-01
-7.614151196150942269e-03
-1.067799329757690430e-02
-5.296641588211059570e-01
-2.252945592027799648e-02
-1.477235555648803711e-02
-6.197248697280883789e-01
-3.449059565883771938e-02
-2.070152759552001953e-02
-7.051456272602081299e-01
-4.400964741927282375e-02
4.287999868392944336e-02
-3.488928675651550293e-01
-2.078752507787839932e-02
4.336363077163696289e-02
-4.674454331398010254e-01
-3.595050339919225735e-02
4.394793510437011719e-02
-5.443984866142272949e-01
-4.222519238811628384e-02
4.380702972412109375e-02
-6.212981343269348145e-01
-4.682223786932127041e-02
