0.000000000000000000e+00
0.000000000000000000e+00
0.000000000000000000e+00
-8.806949853897094727e-02
-2.478480339050292969e-02
-2.826453375524806688e-02
-1.635461449623107910e-01
-1.213863492012023926e-01
-3.980498949891853044e-02
-2.125183939933776855e-01
-2.129095196723937988e-01
-5.016008208400535295e-02
-2.557826340198516846e-01
-2.843379378318786621e-01
-5.951916615373420427e-02
-1.344316601753234863e-01
-3.361533284187316895e-01
-7.033204686706540087e-03
-1.701354384422302246e-01
-4.663883149623870850e-01
-2.476222629553603838e-02
-1.923881471157073975e-01
-5.428256392478942871e-01
-4.332273269898223589e-02
-2.119983136653900146e-01
-6.141755878925323486e-01
-5.830674062377738665e-02
-8.948010206222534180e-02
-3.735070824623107910e-01
-1.170960537052678774e-02
-1.177287101745605469e-01
-5.260266065597534180e-01
-2.506188305920886705e-02
-1.344669461250305176e-01
-6.193762123584747314e-01
-4.104286621219443987e-02
-1.500857472419738770e-01
-7.012303918600082397e-01
-5.431869069940375994e-02
-4.337143898010253906e-02
-3.764611482620239258e-01
-2.220483685738372515e-02
-6.677049398422241211e-02
-5.206320881843566895e-01
-3.782377208477782915e-02
-8.206880092620849609e-02
-6.051189005374908447e-01
-4.847657496935653398e-02
-9.828019142150878906e-02
-6.819064319133758545e-01
-5.740879292494582842e-02
4.884839057922363281e-03
-3.559462428092956543e-01
-3.636817078000831316e-02
-6.048381328582763672e-03
-4.756018221378326416e-01
-5.130994136339950273e-02
-1.277464628219604492e-02
-5.532506108283996582e-01
-5.650484378344344805e-02
-2.044779062271118164e-02
-6.277709007263183594e-01
-6.066284890181350420e-02
