0.000000000000000000e+00
0.000000000000000000e+00
0.000000000000000000e+00
-7.504075765609741211e-02
-8.600449562072753906e-02
-3.001140791673151398e-02
-1.237161755561828613e-01
-2.270770668983459473e-01
-4.229316662747351074e-02
-1.499171853065490723e-01
-3.492016792297363281e-01
-5.283063079912153626e-02
-1.739788055419921875e-01
-4.466130137443542480e-01
-6.215874653059927368e-02
-4.384541511535644531e-02
-4.036292433738708496e-01
-7.026899026072896959e-03
-4.782658815383911133e-02
-5.517277121543884277e-01
-2.341472159821478272e-02
-5.116128921508789062e-02
-6.392856240272521973e-01
-4.086842935282675171e-02
-5.238133668899536133e-02
-7.191658318042755127e-01
-5.532267119485823059e-02
8.630394935607910156e-03
-4.011861085891723633e-01
-1.099697768438545609e-02
2.313542366027832031e-02
-5.630041062831878662e-01
-2.319343004126039887e-02
3.343600034713745117e-02
-6.602961421012878418e-01
-3.878882329661337280e-02
4.187804460525512695e-02
-7.449768185615539551e-01
-5.190405796963659668e-02
5.294317007064819336e-02
-3.675642013549804688e-01
-2.107990335423437500e-02
6.877654790878295898e-02
-5.173159241676330566e-01
-3.752630006272283936e-02
7.706141471862792969e-02
-6.090829968452453613e-01
-5.087867181498495484e-02
8.333140611648559570e-02
-6.945291906595230103e-01
-6.156006257731405640e-02
9.416782855987548828e-02
-3.121010065078735352e-01
-3.467378195125547791e-02
1.168544292449951172e-01
-4.296109080314636230e-01
-5.135013337928739929e-02
1.326470971107482910e-01
-5.069402158260345459e-01
-5.887847196061102295e-02
1.476116180419921875e-01
-5.834246873855590820e-01
-6.468088727194754028e-02
