0.000000000000000000e+00
0.000000000000000000e+00
0.000000000000000000e+00
-6.983006000518798828e-02
-9.661263227462768555e-02
-3.010289091534446015e-02
-1.101543903350830078e-01
-2.423734068870544434e-01
-4.164378065533469453e-02
-1.290472149848937988e-01
-3.669231534004211426e-01
-5.145792756147216096e-02
-1.499000787734985352e-01
-4.686897397041320801e-01
-6.022936571307013764e-02
-2.872651815414428711e-02
-4.101524353027343750e-01
-8.114992640088303233e-03
-2.906763553619384766e-02
-5.591555237770080566e-01
-2.509734500117133393e-02
-2.867150306701660156e-02
-6.479431986808776855e-01
-4.283800814218352571e-02
-2.586174011230468750e-02
-7.295229136943817139e-01
-5.738600063986609712e-02
2.462303638458251953e-02
-4.037726521492004395e-01
-1.213376130826304689e-02
4.406535625457763672e-02
-5.649602115154266357e-01
-2.430772501892874971e-02
5.787235498428344727e-02
-6.629554629325866699e-01
-3.973151091403792634e-02
6.910640001296997070e-02
-7.465524971485137939e-01
-5.283179227180312409e-02
6.910806894302368164e-02
-3.654594421386718750e-01
-2.226124051875899568e-02
9.154278039932250977e-02
-5.122737288475036621e-01
-3.849511314101050630e-02
1.028263568878173828e-01
-6.029820442199707031e-01
-5.100678373045752778e-02
1.110883355140686035e-01
-6.870064884424209595e-01
-6.113427970475981965e-02
1.088308691978454590e-01
-3.050005435943603516e-01
-3.598191682166884675e-02
1.357576847076416016e-01
-4.202452898025512695e-01
-5.224864277906249299e-02
1.536979675292968750e-01
-4.950048625469207764e-01
-5.883544403977225556e-02
1.700419187545776367e-01
-5.684202015399932861e-01
-6.395563948817084565e-02
