0.000000000000000000e+00
0.000000000000000000e+00
0.000000000000000000e+00
-8.813118934631347656e-02
-4.669433832168579102e-02
-2.840051845493007932e-02
-1.489902734756469727e-01
-1.645722389221191406e-01
-3.599987224521328244e-02
-1.777513027191162109e-01
-2.842070460319519043e-01
-4.233408764781643185e-02
-1.989845335483551025e-01
-3.880484700202941895e-01
-4.625010908426929745e-02
-1.113773584365844727e-01
-3.673980832099914551e-01
8.633280649462449219e-03
-1.316760778427124023e-01
-5.065409541130065918e-01
-5.329221941849482391e-03
-1.423935294151306152e-01
-5.896828770637512207e-01
-2.314038806440521512e-02
-1.506701111793518066e-01
-6.681616604328155518e-01
-3.771751046957660947e-02
-6.647562980651855469e-02
-3.928710818290710449e-01
6.501379433700549271e-03
-8.490401506423950195e-02
-5.445525050163269043e-01
-3.226218734255326126e-03
-9.428346157073974609e-02
-6.390066444873809814e-01
-1.926432967962909970e-02
-1.026951670646667480e-01
-7.243386805057525635e-01
-3.252565906228710446e-02
-2.424591779708862305e-02
-3.868585228919982910e-01
-2.593851637413990829e-03
-3.763246536254882812e-02
-5.291469395160675049e-01
-1.570991099657703671e-02
-4.629224538803100586e-02
-6.162714958190917969e-01
-2.689449534597088132e-02
-5.579519271850585938e-02
-6.978280246257781982e-01
-3.606756076993633542e-02
2.214056253433227539e-02
-3.589971065521240234e-01
-1.578547478499103818e-02
1.597982645034790039e-02
-4.767161607742309570e-01
-2.934537500919986996e-02
1.218920946121215820e-02
-5.524506866931915283e-01
-3.522558555783916745e-02
8.253931999206542969e-03
-6.279993355274200439e-01
-3.972848922791172299e-02
