0.000000000000000000e+00
0.000000000000000000e+00
0.000000000000000000e+00
-8.034765720367431641e-02
-7.655906677246093750e-02
-3.205438148796702080e-02
-1.274089813232421875e-01
-2.126186490058898926e-01
-4.374223020494127923e-02
-1.398300528526306152e-01
-3.440443873405456543e-01
-5.329792764604235344e-02
-1.482161879539489746e-01
-4.588634371757507324e-01
-6.035538953364039116e-02
-6.629234552383422852e-02
-4.032580256462097168e-01
-2.335940297768956952e-03
-6.512004137039184570e-02
-5.504424870014190674e-01
-1.996380281269694024e-02
-6.340682506561279297e-02
-6.369848847389221191e-01
-3.915217336833620720e-02
-6.028592586517333984e-02
-7.171558439731597900e-01
-5.458405059397364312e-02
-1.660454273223876953e-02
-4.110705256462097168e-01
-4.429275212885386281e-03
-1.267737150192260742e-02
-5.715115070343017578e-01
-1.777001102090025597e-02
-7.582604885101318359e-03
-6.700987815856933594e-01
-3.457832899511004143e-02
-3.277182579040527344e-03
-7.579594850540161133e-01
-4.829602134049082451e-02
2.636194229125976562e-02
-3.873216509819030762e-01
-1.332967825800324135e-02
3.260487318038940430e-02
-5.354718267917633057e-01
-2.930049788773203545e-02
3.823876380920410156e-02
-6.262542605400085449e-01
-4.061670791924143487e-02
4.190844297409057617e-02
-7.107568979263305664e-01
-4.977078181326533013e-02
7.043015956878662109e-02
-3.392562270164489746e-01
-2.642340589881086999e-02
8.018547296524047852e-02
-4.590443968772888184e-01
-4.174290787995005303e-02
8.699941635131835938e-02
-5.360133647918701172e-01
-4.782171365440035515e-02
9.307986497879028320e-02
-6.102789640426635742e-01
-5.237174969732905083e-02
