0.000000000000000000e+00
0.000000000000000000e+00
0.000000000000000000e+00
-7.060557603836059570e-02
-9.517306089401245117e-02
-1.710134124249407250e-02
-1.085557937622070312e-01
-2.365033030509948730e-01
-1.847257776051947076e-02
-1.225024461746215820e-01
-3.499577641487121582e-01
-2.049509001761862237e-02
-1.408954858779907227e-01
-4.283989965915679932e-01
-2.168960807711073357e-02
-2.329576015472412109e-02
-3.910927772521972656e-01
1.583654867619088691e-02
-1.044517755508422852e-02
-5.218167603015899658e-01
7.986324523983512336e-03
6.610751152038574219e-04
-5.977129340171813965e-01
-5.479335634561266488e-03
1.263070106506347656e-02
-6.642479896545410156e-01
-1.732897510618158776e-02
2.460032701492309570e-02
-3.853064775466918945e-01
9.829636347888026648e-03
4.399526119232177734e-02
-5.312097668647766113e-01
5.523615667073045188e-03
5.790537595748901367e-02
-6.177264750003814697e-01
-6.475585362466063089e-03
6.986474990844726562e-02
-6.898812651634216309e-01
-1.730935027688929040e-02
6.501871347427368164e-02
-3.527774810791015625e-01
-1.910775633120920247e-03
8.594459295272827148e-02
-4.889152944087982178e-01
-1.094074578821846444e-02
9.674453735351562500e-02
-5.705927014350891113e-01
-2.076213559001871545e-02
1.050539612770080566e-01
-6.434942781925201416e-01
-2.935642873734423119e-02
1.042278409004211426e-01
-2.975392937660217285e-01
-1.666009550780245263e-02
1.304008960723876953e-01
-4.070922136306762695e-01
-2.659462889522501428e-02
1.458526253700256348e-01
-4.763224124908447266e-01
-3.100739916652628381e-02
1.596083045005798340e-01
-5.445131659507751465e-01
-3.498749000817724664e-02
