0.000000000000000000e+00
0.000000000000000000e+00
0.000000000000000000e+00
-8.606463670730590820e-02
1.638293266296386719e-03
-3.008639614063213230e-02
-1.671133041381835938e-01
-5.970364809036254883e-02
-4.686530667322585941e-02
-2.255584299564361572e-01
-1.249640583992004395e-01
-6.228522199171493412e-02
-2.802143990993499756e-01
-1.740375161170959473e-01
-7.677308085339973331e-02
-1.621304750442504883e-01
-2.874805331230163574e-01
-1.547703414189527393e-02
-2.089543640613555908e-01
-4.154240489006042480e-01
-3.595915424602935673e-02
-2.384289801120758057e-01
-4.879450798034667969e-01
-5.585300165193984867e-02
-2.654876708984375000e-01
-5.543364882469177246e-01
-7.157545897143791080e-02
-1.220922470092773438e-01
-3.334663510322570801e-01
-2.109781640547225834e-02
-1.655966043472290039e-01
-4.815752506256103516e-01
-3.778997424024055363e-02
-1.916885972023010254e-01
-5.720316469669342041e-01
-5.507615196484039188e-02
-2.157271504402160645e-01
-6.495026350021362305e-01
-6.907766672748039127e-02
-7.761681079864501953e-02
-3.483837246894836426e-01
-3.231401729362914921e-02
-1.173948049545288086e-01
-4.859127402305603027e-01
-5.028590547817657352e-02
-1.429138183593750000e-01
-5.711965858936309814e-01
-6.294212105649421574e-02
-1.687090396881103516e-01
-6.488203406333923340e-01
-7.338744017260978580e-02
-2.749305963516235352e-02
-3.429504632949829102e-01
-4.723856585997054935e-02
-5.154269933700561523e-02
-4.599356055259704590e-01
-6.370383116382072330e-02
-6.939893960952758789e-02
-5.356414318084716797e-01
-7.068588199990699650e-02
-8.847153186798095703e-02
-6.090407371520996094e-01
-7.646995398181388737e-02
