0.000000000000000000e+00
0.000000000000000000e+00
0.000000000000000000e+00
-7.382613420486450195e-02
-9.228700399398803711e-02
-2.057503434488694438e-02
-1.152665019035339355e-01
-2.330496907234191895e-01
-2.548450874755303630e-02
-1.309527158737182617e-01
-3.481589555740356445e-01
-3.026987882921616801e-02
-1.462855935096740723e-01
-4.369810819625854492e-01
-3.414517352948109874e-02
-3.452301025390625000e-02
-3.948319554328918457e-01
6.358984479362561615e-03
-2.414792776107788086e-02
-5.292278528213500977e-01
-5.689579440598890869e-03
-1.742714643478393555e-02
-6.092043519020080566e-01
-2.172433669338147411e-02
-1.119875907897949219e-02
-6.802292466163635254e-01
-3.490597094068448314e-02
1.423752307891845703e-02
-3.913390636444091797e-01
7.534977920897745207e-04
3.090733289718627930e-02
-5.420951247215270996e-01
-7.175356993769810288e-03
4.122221469879150391e-02
-6.331147849559783936e-01
-2.155904370019356975e-02
4.852718114852905273e-02
-7.104391157627105713e-01
-3.378426368007581004e-02
5.653566122055053711e-02
-3.595457673072814941e-01
-1.032264615068356761e-02
7.560819387435913086e-02
-5.010813176631927490e-01
-2.136601964602391490e-02
8.574008941650390625e-02
-5.871659517288208008e-01
-3.260272080669324168e-02
9.207105636596679688e-02
-6.644217073917388916e-01
-4.192685047755162486e-02
9.621524810791015625e-02
-3.052384257316589355e-01
-2.451439286241452464e-02
1.184405088424682617e-01
-4.216808080673217773e-01
-3.636760349044720897e-02
1.308001875877380371e-01
-4.961890876293182373e-01
-4.162443513641278514e-02
1.411153674125671387e-01
-5.675373375415802002e-01
-4.564838940868298778e-02
