0.000000000000000000e+00
0.000000000000000000e+00
0.000000000000000000e+00
-7.602602243423461914e-02
-8.327263593673706055e-02
-2.096337113772506200e-02
-1.196570396423339844e-01
-2.218019962310791016e-01
-2.669472467397326909e-02
-1.317561268806457520e-01
-3.435154557228088379e-01
-3.279413689170951329e-02
-1.389949321746826172e-01
-4.440696239471435547e-01
-3.761319104825133763e-02
-5.426043272018432617e-02
-3.896104097366333008e-01
7.816622627331071271e-03
-4.987525939941406250e-02
-5.241253972053527832e-01
-6.675400177584833727e-03
-4.832506179809570312e-02
-6.066463887691497803e-01
-2.439646642898196660e-02
-4.657214879989624023e-02
-6.822370588779449463e-01
-3.845291991029853307e-02
-1.016521453857421875e-02
-3.956720232963562012e-01
2.153241203529887571e-03
-3.436207771301269531e-03
-5.464622080326080322e-01
-7.790636143283791171e-03
5.644559860229492188e-05
-6.401642560958862305e-01
-2.241589535270804845e-02
2.599716186523437500e-03
-7.227924764156341553e-01
-3.430792350565070592e-02
2.990442514419555664e-02
-3.741208314895629883e-01
-9.308231400893873797e-03
3.667545318603515625e-02
-5.168600976467132568e-01
-2.079218659793014012e-02
3.887271881103515625e-02
-6.056012213230133057e-01
-2.956803363059634648e-02
3.901499509811401367e-02
-6.861157417297363281e-01
-3.692651946340674840e-02
7.031083106994628906e-02
-3.293491601943969727e-01
-2.434223551546210729e-02
8.111763000488281250e-02
-4.502276778221130371e-01
-3.561567548905486547e-02
8.707582950592041016e-02
-5.285172164440155029e-01
-3.910787809883231603e-02
9.126794338226318359e-02
-6.026622056961059570e-01
-4.167229715977782689e-02
