0.000000000000000000e+00
0.000000000000000000e+00
0.000000000000000000e+00
-8.457112312316894531e-02
-4.582846164703369141e-02
-2.021755894583066038e-02
-1.415653824806213379e-01
-1.620782613754272461e-01
-2.572463324230511716e-02
-1.661176681518554688e-01
-2.740135192871093750e-01
-3.160807548027833036e-02
-1.860511302947998047e-01
-3.695868849754333496e-01
-3.621625212889512113e-02
-1.042882204055786133e-01
-3.472911119461059570e-01
9.681584668044251885e-03
-1.239562034606933594e-01
-4.742268621921539307e-01
-4.402876477058725868e-03
-1.378513574600219727e-01
-5.500070750713348389e-01
-2.193466445368130735e-02
-1.509005427360534668e-01
-6.181147396564483643e-01
-3.582759631734688810e-02
-6.240749359130859375e-02
-3.712874650955200195e-01
4.010864422355098213e-03
-8.091926574707031250e-02
-5.160231888294219971e-01
-6.117077655460434471e-03
-9.399682283401489258e-02
-6.035251021385192871e-01
-2.138565724652607969e-02
-1.070269346237182617e-01
-6.809034943580627441e-01
-3.361101133685906461e-02
-2.144485712051391602e-02
-3.675892949104309082e-01
-7.308136317249136482e-03
-3.997105360031127930e-02
-5.051696002483367920e-01
-1.921656785469849638e-02
-5.294466018676757812e-02
-5.881473124027252197e-01
-2.785761898320515684e-02
-6.653738021850585938e-02
-6.632039248943328857e-01
-3.494257165056069425e-02
2.326238155364990234e-02
-3.436851501464843750e-01
-2.205296477239926389e-02
1.369786262512207031e-02
-4.628171324729919434e-01
-3.348860574823220304e-02
5.399644374847412109e-03
-5.387752354145050049e-01
-3.667028305989106229e-02
-4.374980926513671875e-03
-6.105387508869171143e-01
-3.894971741300423673e-02
