0.000000000000000000e+00
0.000000000000000000e+00
0.000000000000000000e+00
-7.862627506256103516e-02
-9.007555246353149414e-02
-2.591820568000002822e-02
-1.216853260993957520e-01
-2.310183644294738770e-01
-3.485857457076235733e-02
-1.335675716400146484e-01
-3.593456149101257324e-01
-4.309500515614672622e-02
-1.435866951942443848e-01
-4.677114486694335938e-01
-4.984048143182917556e-02
-5.739969015121459961e-02
-4.019222855567932129e-01
-3.014048018030734966e-04
-5.209642648696899414e-02
-5.474053323268890381e-01
-1.837005600486918411e-02
-5.030441284179687500e-02
-6.348309814929962158e-01
-3.783270850931330642e-02
-4.776829481124877930e-02
-7.149673998355865479e-01
-5.303935468350573501e-02
-8.279025554656982422e-03
-4.062259197235107422e-01
-5.550895763235530467e-03
-1.440465450286865234e-03
-5.662199854850769043e-01
-1.901532098804636917e-02
2.068221569061279297e-03
-6.672002375125885010e-01
-3.666641324912234268e-02
3.951787948608398438e-03
-7.572356015443801880e-01
-5.097976461206599197e-02
3.529691696166992188e-02
-3.795949220657348633e-01
-1.676779747162981948e-02
4.535412788391113281e-02
-5.291892290115356445e-01
-3.237387672220393142e-02
5.074757337570190430e-02
-6.222714781761169434e-01
-4.419637978230639419e-02
5.269891023635864258e-02
-7.071285843849182129e-01
-5.359845742736979446e-02
7.801043987274169922e-02
-3.281089067459106445e-01
-3.160730138574763259e-02
9.226006269454956055e-02
-4.496335387229919434e-01
-4.662197962557002029e-02
1.011201143264770508e-01
-5.294923782348632812e-01
-5.222201481615229568e-02
1.077635288238525391e-01
-6.047726869583129883e-01
-5.624387920056506118e-02
