0.000000000000000000e+00
0.000000000000000000e+00
0.000000000000000000e+00
-8.696854114532470703e-02
-3.840911388397216797e-02
-2.590961833902838407e-02
-1.492310762405395508e-01
-1.469360589981079102e-01
-3.293362153181078611e-02
-1.820399761199951172e-01
-2.600424885749816895e-01
-3.935028878458979307e-02
-2.084821760654449463e-01
-3.587214350700378418e-01
-4.344034088262560545e-02
-1.210290193557739258e-01
-3.519207835197448730e-01
1.222225199035165133e-02
-1.443749666213989258e-01
-4.870236814022064209e-01
-1.529333339931326918e-04
-1.593384146690368652e-01
-5.659888088703155518e-01
-1.723125097760203062e-02
-1.729734539985656738e-01
-6.402212679386138916e-01
-3.150999439367296873e-02
-7.760030031204223633e-02
-3.815270662307739258e-01
8.843776905450795311e-03
-1.003292202949523926e-01
-5.305539965629577637e-01
6.962050292713684030e-04
-1.142321825027465820e-01
-6.220066249370574951e-01
-1.478661583223583875e-02
-1.276438236236572266e-01
-7.033146917819976807e-01
-2.795384345063212095e-02
-3.596633672714233398e-02
-3.795623779296875000e-01
-1.299894395742740016e-03
-5.429285764694213867e-02
-5.183783471584320068e-01
-1.211838596918823896e-02
-6.701391935348510742e-02
-6.001775562763214111e-01
-2.169821677216532407e-02
-8.033698797225952148e-02
-6.758753657341003418e-01
-3.028736156829836546e-02
1.011234521865844727e-02
-3.560100793838500977e-01
-1.554197431960346876e-02
-2.324223518371582031e-03
-4.700092673301696777e-01
-2.662645732470991788e-02
-1.015579700469970703e-02
-5.423005521297454834e-01
-3.069211063393595396e-02
-1.746702194213867188e-02
-6.144068837165832520e-01
-3.427168247708323179e-02
