0.000000000000000000e+00
0.000000000000000000e+00
0.000000000000000000e+00
-7.168734073638916016e-02
-9.084200859069824219e-02
-2.977710304475067460e-02
-1.160272359848022461e-01
-2.355375885963439941e-01
-4.234227066552875840e-02
-1.394572257995605469e-01
-3.596408367156982422e-01
-5.310127040064571702e-02
-1.640710234642028809e-01
-4.554361999034881592e-01
-6.295428326046703660e-02
-3.232365846633911133e-02
-4.049634337425231934e-01
-8.880760461750014656e-03
-3.347057104110717773e-02
-5.528615415096282959e-01
-2.583378826892612778e-02
-3.533065319061279297e-02
-6.398852169513702393e-01
-4.369192098891971909e-02
-3.503894805908203125e-02
-7.195243090391159058e-01
-5.852861230886219346e-02
2.072393894195556641e-02
-3.992881774902343750e-01
-1.299441320514915787e-02
3.973394632339477539e-02
-5.589790046215057373e-01
-2.588350599324940049e-02
5.248671770095825195e-02
-6.554311513900756836e-01
-4.195728799021480881e-02
6.273001432418823242e-02
-7.394565045833587646e-01
-5.549175193226574265e-02
6.479394435882568359e-02
-3.624811172485351562e-01
-2.299051446533439957e-02
8.385610580444335938e-02
-5.080959796905517578e-01
-3.977262129700420701e-02
9.477800130844116211e-02
-5.992726683616638184e-01
-5.355500703370807969e-02
1.033549308776855469e-01
-6.840869337320327759e-01
-6.465340306675670945e-02
1.052170991897583008e-01
-3.033505678176879883e-01
-3.639778768337009751e-02
1.302015781402587891e-01
-4.181872606277465820e-01
-5.315000464833019578e-02
1.473721861839294434e-01
-4.932761788368225098e-01
-6.079142441666363084e-02
1.633060574531555176e-01
-5.676029622554779053e-01
-6.680162151968715989e-02
