0.000000000000000000e+00
0.000000000000000000e+00
0.000000000000000000e+00
-8.751904964447021484e-02
-2.966183423995971680e-02
-2.267131529828247949e-02
-1.503885984420776367e-01
-1.338109970092773438e-01
-2.872235462149319574e-02
-1.839321255683898926e-01
-2.421218752861022949e-01
-3.502000443717179223e-02
-2.099856138229370117e-01
-3.360055685043334961e-01
-3.971360944291291162e-02
-1.268493533134460449e-01
-3.222948908805847168e-01
1.194749638358416632e-02
-1.535707116127014160e-01
-4.483139514923095703e-01
-1.298388760403668130e-03
-1.696851849555969238e-01
-5.247579813003540039e-01
-1.852553099473652765e-02
-1.836089789867401123e-01
-5.963597893714904785e-01
-3.225903906007943078e-02
-8.698129653930664062e-02
-3.572127223014831543e-01
7.191297653264427936e-03
-1.158560514450073242e-01
-4.976999461650848389e-01
-1.211039201223229611e-03
-1.359318494796752930e-01
-5.827281177043914795e-01
-1.561748650004801675e-02
-1.549928784370422363e-01
-6.580439507961273193e-01
-2.757472679098782464e-02
-4.639333486557006836e-02
-3.634210228919982910e-01
-3.884002744086956227e-03
-7.285368442535400391e-02
-4.950999915599822998e-01
-1.399336796333727762e-02
-9.348630905151367188e-02
-5.735357999801635742e-01
-2.194649487813649102e-02
-1.138889789581298828e-01
-6.447749733924865723e-01
-2.924090571781334802e-02
-9.030103683471679688e-04
-3.496832251548767090e-01
-1.894444361408886834e-02
-1.877915859222412109e-02
-4.635197520256042480e-01
-2.873799711545643731e-02
-3.079450130462646484e-02
-5.352685451507568359e-01
-3.109876945694622918e-02
-4.367101192474365234e-02
-6.050060689449310303e-01
-3.334548272272286340e-02
