0.000000000000000000e+00
0.000000000000000000e+00
0.000000000000000000e+00
-8.102732896804809570e-02
-4.598343372344970703e-02
-2.686470692424336448e-02
-1.441626548767089844e-01
-1.532965302467346191e-01
-3.597161305515328422e-02
-1.837839484214782715e-01
-2.537794113159179688e-01
-4.364923146931687370e-02
-2.164189219474792480e-01
-3.322688937187194824e-01
-4.994754624931374565e-02
-9.179431200027465820e-02
-3.524983525276184082e-01
6.604770533158443868e-04
-1.065009236335754395e-01
-4.861569106578826904e-01
-1.212846619455376640e-02
-1.137418746948242188e-01
-5.647518634796142578e-01
-2.797583994833985344e-02
-1.190475821495056152e-01
-6.362348794937133789e-01
-4.122077060310402885e-02
-4.509878158569335938e-02
-3.725171685218811035e-01
-1.734648285491857678e-03
-5.410325527191162109e-02
-5.218239128589630127e-01
-1.089428496925393119e-02
-5.792945623397827148e-02
-6.124115288257598877e-01
-2.471496482758084312e-02
-6.189674139022827148e-02
-6.885898709297180176e-01
-3.639415038196602836e-02
-1.217186450958251953e-03
-3.630346655845642090e-01
-1.022043210832634941e-02
-6.310462951660156250e-03
-5.015281438827514648e-01
-2.321665306953946128e-02
-1.048380136489868164e-02
-5.864895284175872803e-01
-3.533253950445214286e-02
-1.602387428283691406e-02
-6.634672582149505615e-01
-4.493117464153328910e-02
4.410445690155029297e-02
-3.326727747917175293e-01
-2.217207608191529289e-02
4.808771610260009766e-02
-4.488011002540588379e-01
-3.617511821357766166e-02
4.902702569961547852e-02
-5.242677628993988037e-01
-4.371481520502129570e-02
4.904639720916748047e-02
-5.985758900642395020e-01
-4.934425783721962944e-02
