0.000000000000000000e+00
0.000000000000000000e+00
0.000000000000000000e+00
-9.275984764099121094e-02
-2.815854549407958984e-02
-3.037999464896756763e-02
-1.602174639701843262e-01
-1.372677087783813477e-01
-3.888645476428109760e-02
-1.948151588439941406e-01
-2.524993419647216797e-01
-4.591077274409371967e-02
-2.248498201370239258e-01
-3.511866927146911621e-01
-5.083939141360360736e-02
-1.367503404617309570e-01
-3.425342440605163574e-01
5.688983139123138244e-03
-1.661164164543151855e-01
-4.792359769344329834e-01
-9.537383790586773102e-03
-1.843495368957519531e-01
-5.608669519424438477e-01
-2.809673069742757434e-02
-2.009134888648986816e-01
-6.370339095592498779e-01
-4.342773264971810931e-02
-9.241813421249389648e-02
-3.778708577156066895e-01
3.511679947848733718e-03
-1.191768646240234375e-01
-5.273411571979522705e-01
-7.731424986843649094e-03
-1.348871588706970215e-01
-6.206067204475402832e-01
-2.481637230840760822e-02
-1.496981382369995117e-01
-7.032453715801239014e-01
-3.891700587001878375e-02
-4.932659864425659180e-02
-3.787400722503662109e-01
-5.792035132174078171e-03
-7.163238525390625000e-02
-5.172901749610900879e-01
-2.009695849147874469e-02
-8.591932058334350586e-02
-6.040132939815521240e-01
-3.216002962318498248e-02
-1.004616618156433105e-01
-6.846418678760528564e-01
-4.224677464691239948e-02
-1.524686813354492188e-03
-3.577938079833984375e-01
-1.935499056008893604e-02
-1.634424924850463867e-02
-4.722829461097717285e-01
-3.389920747605401630e-02
-2.609437704086303711e-02
-5.458837449550628662e-01
-4.038367128697473163e-02
-3.570508956909179688e-02
-6.194930374622344971e-01
-4.562075889435845966e-02
