0.000000000000000000e+00
0.000000000000000000e+00
0.000000000000000000e+00
-7.852995395660400391e-02
-7.654690742492675781e-02
-3.216008220380217608e-02
-1.339736580848693848e-01
-2.124264240264892578e-01
-4.542140786116988238e-02
-1.649031639099121094e-01
-3.322253227233886719e-01
-5.653035019105345782e-02
-1.898775100708007812e-01
-4.322735071182250977e-01
-6.619998191064269122e-02
-6.126159429550170898e-02
-4.011961817741394043e-01
-9.347226773854799831e-03
-7.139104604721069336e-02
-5.480532646179199219e-01
-2.729606006806761798e-02
-7.840740680694580078e-02
-6.349787414073944092e-01
-4.577923689549834307e-02
-8.263164758682250977e-02
-7.151447236537933350e-01
-6.083246816461951312e-02
-9.311914443969726562e-03
-4.062380790710449219e-01
-1.213607408618599948e-02
-1.424312591552734375e-03
-5.697128474712371826e-01
-2.561028425162703570e-02
4.281520843505859375e-03
-6.686892211437225342e-01
-4.179863755172164019e-02
8.569955825805664062e-03
-7.549243867397308350e-01
-5.529796828096777972e-02
3.612148761749267578e-02
-3.790139555931091309e-01
-2.129791614180476245e-02
4.565298557281494141e-02
-5.284385681152343750e-01
-3.841918830340773638e-02
4.971581697463989258e-02
-6.216697692871093750e-01
-5.238873634999663409e-02
5.176460742950439453e-02
-7.076901197433471680e-01
-6.345544878905684527e-02
7.951587438583374023e-02
-3.293161988258361816e-01
-3.420107190078169879e-02
9.661352634429931641e-02
-4.483049213886260986e-01
-5.133716512983710345e-02
1.077199578285217285e-01
-5.281351208686828613e-01
-5.978607137268454608e-02
1.177167296409606934e-01
-6.070589721202850342e-01
-6.625758234923750933e-02
