0.000000000000000000e+00
0.000000000000000000e+00
0.000000000000000000e+00
-7.507461309432983398e-02
-1.058027744293212891e-01
-2.213933850205762610e-02
-1.086851358413696289e-01
-2.498502731323242188e-01
-2.745071957386358008e-02
-1.120889782905578613e-01
-3.746461868286132812e-01
-3.306584964073522315e-02
-1.132375001907348633e-01
-4.727884531021118164e-01
-3.757112259543760047e-02
-2.342593669891357422e-02
-4.035571813583374023e-01
1.180021212869064584e-02
-1.897275447845458984e-03
-5.340537428855895996e-01
-1.231879419975712153e-03
9.836196899414062500e-03
-6.140677034854888916e-01
-1.915422240770681128e-02
2.041435241699218750e-02
-6.880644261837005615e-01
-3.386713350690229163e-02
2.505993843078613281e-02
-3.976418972015380859e-01
6.122148404500649121e-03
4.946196079254150391e-02
-5.443646311759948730e-01
-2.746768719845249507e-03
6.307196617126464844e-02
-6.375755071640014648e-01
-1.844210895276887641e-02
7.317423820495605469e-02
-7.186495065689086914e-01
-3.165168473995549903e-02
6.481713056564331055e-02
-3.642158508300781250e-01
-5.824593087055518481e-03
8.945989608764648438e-02
-5.032359361648559570e-01
-1.747110086060388312e-02
1.018264889717102051e-01
-5.927666425704956055e-01
-2.768306592977864966e-02
1.105509996414184570e-01
-6.744208335876464844e-01
-3.634497309602124915e-02
1.020121574401855469e-01
-3.059734702110290527e-01
-2.141908156252725348e-02
1.259093880653381348e-01
-4.211077094078063965e-01
-3.348923260844571814e-02
1.398431062698364258e-01
-4.967897534370422363e-01
-3.765622685230596289e-02
1.517461538314819336e-01
-5.690077841281890869e-01
-4.091311404980046973e-02
