0.000000000000000000e+00
0.000000000000000000e+00
0.000000000000000000e+00
-8.827131986618041992e-02
-1.286971569061279297e-02
-2.758298736677033958e-02
-1.655250787734985352e-01
-1.017954349517822266e-01
-3.673564006254537162e-02
-2.130054831504821777e-01
-1.974697113037109375e-01
-4.522362460062367973e-02
-2.521666288375854492e-01
-2.826163172721862793e-01
-5.192674432561261710e-02
-1.596797704696655273e-01
-3.069388270378112793e-01
3.939551146174835594e-03
-2.037253975868225098e-01
-4.218434095382690430e-01
-1.170614842936856803e-02
-2.311370670795440674e-01
-4.907122552394866943e-01
-2.942174967989785728e-02
-2.545965015888214111e-01
-5.555892288684844971e-01
-4.365101192757947501e-02
-1.202530264854431152e-01
-3.526538610458374023e-01
-3.306638196249878092e-04
-1.606744527816772461e-01
-4.893368780612945557e-01
-1.105626315489871558e-02
-1.868178844451904297e-01
-5.719871222972869873e-01
-2.576479796931607780e-02
-2.104862332344055176e-01
-6.446481645107269287e-01
-3.788919855520589408e-02
-7.672744989395141602e-02
-3.651415705680847168e-01
-1.138832249358756599e-02
-1.132179498672485352e-01
-4.948533177375793457e-01
-2.508358766004903373e-02
-1.378453373908996582e-01
-5.710538923740386963e-01
-3.479682390258176383e-02
-1.622366905212402344e-01
-6.400934457778930664e-01
-4.299224276707036552e-02
-2.790862321853637695e-02
-3.553837537765502930e-01
-2.657349888846738395e-02
-5.348926782608032227e-02
-4.678387343883514404e-01
-4.063759852812154350e-02
-7.154500484466552734e-02
-5.401567816734313965e-01
-4.592911635205609855e-02
-9.003967046737670898e-02
-6.099239885807037354e-01
-5.005800087616307792e-02
