0.000000000000000000e+00
0.000000000000000000e+00
0.000000000000000000e+00
-6.690961122512817383e-02
-1.051464080810546875e-01
-3.071480967534512274e-02
-1.012209653854370117e-01
-2.550792098045349121e-01
-4.324830487800568335e-02
-1.147612333297729492e-01
-3.805374503135681152e-01
-5.374543533159226172e-02
-1.291378736495971680e-01
-4.853831529617309570e-01
-6.315989956689804785e-02
-9.717166423797607422e-03
-4.113783240318298340e-01
-1.069616131914585822e-02
-3.256201744079589844e-03
-5.606046915054321289e-01
-2.868932836187809698e-02
1.406252384185791016e-03
-6.496635973453521729e-01
-4.666156486106842749e-02
8.411705493927001953e-03
-7.303105443716049194e-01
-6.137280330491989844e-02
4.389363527297973633e-02
-3.973423838615417480e-01
-1.487259265465468161e-02
7.156050205230712891e-02
-5.569246113300323486e-01
-2.843520209623306982e-02
9.035426378250122070e-02
-6.530271470546722412e-01
-4.439644679857224219e-02
1.061195731163024902e-01
-7.360092401504516602e-01
-5.757551804614990942e-02
8.665007352828979492e-02
-3.520867228507995605e-01
-2.501595743430584662e-02
1.153678297996520996e-01
-4.980620443820953369e-01
-4.308746546936959021e-02
1.315935850143432617e-01
-5.875417888164520264e-01
-5.603556126786202185e-02
1.450121998786926270e-01
-6.721980273723602295e-01
-6.617464289499253027e-02
1.240732073783874512e-01
-2.843799591064453125e-01
-3.859250039292305701e-02
1.562072634696960449e-01
-3.942125439643859863e-01
-5.661191955638855688e-02
1.780424714088439941e-01
-4.662047028541564941e-01
-6.366142794919937842e-02
1.985995173454284668e-01
-5.386870503425598145e-01
-6.884903625083893530e-02
