0.000000000000000000e+00
0.000000000000000000e+00
0.000000000000000000e+00
-8.913385868072509766e-02
-2.314424514770507812e-02
-3.016385212202976618e-02
-1.588146686553955078e-01
-1.224868297576904297e-01
-3.953405245800922785e-02
-1.993307173252105713e-01
-2.308939099311828613e-01
-4.766817539592693720e-02
-2.328709363937377930e-01
-3.280119299888610840e-01
-5.338908508082340632e-02
-1.448546051979064941e-01
-3.271488547325134277e-01
6.820233448991075420e-03
-1.804415583610534668e-01
-4.572784900665283203e-01
-7.452128079137310124e-03
-2.019204795360565186e-01
-5.335820913314819336e-01
-2.526624463160942469e-02
-2.203949987888336182e-01
-6.074800789356231689e-01
-3.994056358595798883e-02
-1.028495430946350098e-01
-3.669315576553344727e-01
4.455398212769523525e-03
-1.401046514511108398e-01
-5.110812783241271973e-01
-4.508808810612663365e-03
-1.613989472389221191e-01
-6.011190414428710938e-01
-1.940756253560493860e-02
-1.803327798843383789e-01
-6.816707253456115723e-01
-3.218320533295582209e-02
-5.938464403152465820e-02
-3.730975389480590820e-01
-5.176304463645919895e-03
-8.972686529159545898e-02
-5.080646872520446777e-01
-1.674314550717781458e-02
-1.091232299804687500e-01
-5.906876325607299805e-01
-2.635363638063381586e-02
-1.282011866569519043e-01
-6.666690707206726074e-01
-3.522581755777309809e-02
-1.031452417373657227e-02
-3.586558699607849121e-01
-1.936380527575920496e-02
-3.186380863189697266e-02
-4.690543413162231445e-01
-3.111492059787224207e-02
-4.579097032546997070e-02
-5.406934320926666260e-01
-3.562964275141666803e-02
-5.932426452636718750e-02
-6.125918626785278320e-01
-3.979964330454777155e-02
