0.000000000000000000e+00
0.000000000000000000e+00
0.000000000000000000e+00
-7.265460491180419922e-02
-1.041727662086486816e-01
-2.636706642749686580e-02
-1.034034490585327148e-01
-2.459395527839660645e-01
-3.439464047494311671e-02
-1.051837801933288574e-01
-3.710280060768127441e-01
-4.178825020733256679e-02
-1.055918335914611816e-01
-4.740569591522216797e-01
-4.757455736341853481e-02
-1.644355058670043945e-02
-4.010435342788696289e-01
7.009104360463425110e-03
6.353020668029785156e-03
-5.324788093566894531e-01
-7.994482293156579544e-03
2.106559276580810547e-02
-6.129693686962127686e-01
-2.673950791302104335e-02
3.646463155746459961e-02
-6.853638291358947754e-01
-4.175130277815242152e-02
3.228366374969482422e-02
-3.924813270568847656e-01
2.905944828512474487e-03
5.902016162872314453e-02
-5.420729815959930420e-01
-7.913593202260926773e-03
7.736819982528686523e-02
-6.347657144069671631e-01
-2.399774640741725307e-02
9.344488382339477539e-02
-7.148593664169311523e-01
-3.732538968267817836e-02
7.092237472534179688e-02
-3.562299609184265137e-01
-7.829219102291062882e-03
9.925210475921630859e-02
-4.961372315883636475e-01
-2.161821350398440700e-02
1.158969998359680176e-01
-5.867742002010345459e-01
-3.218838572445292812e-02
1.296705007553100586e-01
-6.678841412067413330e-01
-4.079758003297229152e-02
1.078337430953979492e-01
-2.955747842788696289e-01
-2.245042659285445552e-02
1.329595446586608887e-01
-4.113763570785522461e-01
-3.590649366321940761e-02
1.487424969673156738e-01
-4.884914159774780273e-01
-4.054654762092013698e-02
1.629251241683959961e-01
-5.623856782913208008e-01
-4.410649463477511745e-02
