0.000000000000000000e+00
0.000000000000000000e+00
0.000000000000000000e+00
-8.492231369018554688e-02
-3.906750679016113281e-02
-2.476784201928694529e-02
-1.521840691566467285e-01
-1.483069062232971191e-01
-3.301290782758314890e-02
-1.903035640716552734e-01
-2.531364560127258301e-01
-4.076398151585181040e-02
-2.228808403015136719e-01
-3.434123396873474121e-01
-4.729770111509878916e-02
-1.288408637046813965e-01
-3.441057205200195312e-01
1.072123538392588671e-03
-1.620830893516540527e-01
-4.732648134231567383e-01
-1.563726166853030008e-02
-1.834923028945922852e-01
-5.483853518962860107e-01
-3.408351155587752146e-02
-2.026492357254028320e-01
-6.169245243072509766e-01
-4.865851985880453867e-02
-8.620285987854003906e-02
-3.750631809234619141e-01
-4.071963826504543249e-03
-1.138181090354919434e-01
-5.232504606246948242e-01
-1.671930948862154764e-02
-1.318709850311279297e-01
-6.122808754444122314e-01
-3.351312490769942087e-02
-1.497862935066223145e-01
-6.902801394462585449e-01
-4.692874091335852427e-02
-4.217237234115600586e-02
-3.757039308547973633e-01
-1.502410403111298365e-02
-6.751656532287597656e-02
-5.179581642150878906e-01
-2.987132954069693369e-02
-8.392906188964843750e-02
-6.019213497638702393e-01
-4.038837167092879099e-02
-1.017560362815856934e-01
-6.782068610191345215e-01
-4.881827520796377939e-02
4.802823066711425781e-03
-3.542286157608032227e-01
-2.951548981138785166e-02
-9.895741939544677734e-03
-4.747954607009887695e-01
-4.384005802342016977e-02
-1.906687021255493164e-02
-5.524320900440216064e-01
-4.860202955671866221e-02
-2.918726205825805664e-02
-6.260139644145965576e-01
-5.205271753141005320e-02
