0.000000000000000000e+00
0.000000000000000000e+00
0.000000000000000000e+00
-6.693929433822631836e-02
-1.001594662666320801e-01
-3.200415557176938819e-02
-1.036491990089416504e-01
-2.478728890419006348e-01
-4.498906468899122046e-02
-1.190698742866516113e-01
-3.738382458686828613e-01
-5.579530110509267615e-02
-1.349613070487976074e-01
-4.809006154537200928e-01
-6.528624182493558692e-02
-1.653534173965454102e-02
-4.110186696052551270e-01
-1.045284455568662452e-02
-1.255720853805541992e-02
-5.602587461471557617e-01
-2.814714832157960700e-02
-9.786605834960937500e-03
-6.487670242786407471e-01
-4.604243894965520667e-02
-4.596769809722900391e-03
-7.292444854974746704e-01
-6.063691561968198585e-02
3.672689199447631836e-02
-3.997634649276733398e-01
-1.387289481164089011e-02
6.234216690063476562e-02
-5.596666932106018066e-01
-2.693503571600786017e-02
7.962548732757568359e-02
-6.564474999904632568e-01
-4.266554525048604773e-02
9.393316507339477539e-02
-7.390966117382049561e-01
-5.579138209969869422e-02
7.965320348739624023e-02
-3.574015498161315918e-01
-2.351624553949704932e-02
1.071471571922302246e-01
-5.037570297718048096e-01
-4.092551803142896460e-02
1.218606233596801758e-01
-5.936475992202758789e-01
-5.408642103822103309e-02
1.334782242774963379e-01
-6.782132983207702637e-01
-6.449540739805570411e-02
1.175892353057861328e-01
-2.929053306579589844e-01
-3.678725322635045814e-02
1.490467786788940430e-01
-4.040130972862243652e-01
-5.433351209313741492e-02
1.697773933410644531e-01
-4.770067930221557617e-01
-6.175689062030187415e-02
1.888058185577392578e-01
-5.497974455356597900e-01
-6.732325291187635230e-02
