0.000000000000000000e+00
0.000000000000000000e+00
0.000000000000000000e+00
-8.407253026962280273e-02
-4.630601406097412109e-02
-2.882446636641589066e-02
-1.515240073204040527e-01
-1.580812931060791016e-01
-3.973483954752055070e-02
-1.941189169883728027e-01
-2.597054243087768555e-01
-4.919563521826830765e-02
-2.294406890869140625e-01
-3.470142483711242676e-01
-5.721496706092921158e-02
-1.040645241737365723e-01
-3.641787767410278320e-01
-2.699343107735785452e-03
-1.312304139137268066e-01
-4.994275867938995361e-01
-1.824635182703104874e-02
-1.490753889083862305e-01
-5.776650607585906982e-01
-3.566396151865092179e-02
-1.644107699394226074e-01
-6.516959071159362793e-01
-5.006243576491442582e-02
-5.698323249816894531e-02
-3.886356353759765625e-01
-5.957604471689137426e-03
-7.022553682327270508e-02
-5.437893867492675781e-01
-1.695167002463904282e-02
-7.829606533050537109e-02
-6.374499797821044922e-01
-3.194363703215685746e-02
-8.630639314651489258e-02
-7.183740139007568359e-01
-4.461368461335268876e-02
-1.178163290023803711e-02
-3.802858591079711914e-01
-1.553695284957257172e-02
-2.209436893463134766e-02
-5.224528908729553223e-01
-2.983227287614909073e-02
-3.060513734817504883e-02
-6.107117533683776855e-01
-4.238513772571650406e-02
-4.065823554992675781e-02
-6.921645551919937134e-01
-5.264101465428439042e-02
3.453630208969116211e-02
-3.497110009193420410e-01
-2.879462679112521073e-02
3.366482257843017578e-02
-4.696354866027832031e-01
-4.356617023432818314e-02
3.250467777252197266e-02
-5.484127104282379150e-01
-5.093328942740527054e-02
3.047889471054077148e-02
-6.259489953517913818e-01
-5.674908598149386307e-02
