0.000000000000000000e+00
0.000000000000000000e+00
0.000000000000000000e+00
-8.857750892639160156e-02
-4.978519678115844727e-02
-2.927220062517221777e-02
-1.498032212257385254e-01
-1.683046817779541016e-01
-3.808380113147791235e-02
-1.794760227203369141e-01
-2.893203496932983398e-01
-4.544144691132601110e-02
-2.006081342697143555e-01
-3.936371803283691406e-01
-5.045105339192446081e-02
-1.147055029869079590e-01
-3.688571453094482422e-01
5.341675512710253315e-03
-1.341439485549926758e-01
-5.129757225513458252e-01
-1.013357945882376043e-02
-1.461837291717529297e-01
-5.968125164508819580e-01
-2.869239085518415777e-02
-1.568762063980102539e-01
-6.758683919906616211e-01
-4.391070277594621984e-02
-6.790137290954589844e-02
-3.950561285018920898e-01
2.834278771871368008e-03
-8.617562055587768555e-02
-5.484505891799926758e-01
-8.637006480029185695e-03
-9.569448232650756836e-02
-6.438541114330291748e-01
-2.570195504628713934e-02
-1.056864857673645020e-01
-7.313070893287658691e-01
-3.972366274498995153e-02
-2.354001998901367188e-02
-3.887551426887512207e-01
-6.498806264033873958e-03
-3.759592771530151367e-02
-5.309064984321594238e-01
-2.117834993802603094e-02
-4.531127214431762695e-02
-6.196320652961730957e-01
-3.291949452065523474e-02
-5.497062206268310547e-02
-7.030143737792968750e-01
-4.243901566766794531e-02
2.459663152694702148e-02
-3.595485687255859375e-01
-1.985915013753469793e-02
1.587474346160888672e-02
-4.770643711090087891e-01
-3.448610575102861731e-02
1.122611761093139648e-02
-5.518679618835449219e-01
-4.036492304109629004e-02
6.687879562377929688e-03
-6.256686747074127197e-01
-4.482064590953882544e-02
