0.000000000000000000e+00
0.000000000000000000e+00
0.000000000000000000e+00
-8.756256103515625000e-02
-1.206398010253906250e-03
-2.973190744879161684e-02
-1.677570939064025879e-01
-6.813752651214599609e-02
-4.522036810877239077e-02
-2.254956960678100586e-01
-1.371316909790039062e-01
-5.973137964966213076e-02
-2.801548242568969727e-01
-1.869149208068847656e-01
-7.307755624415790408e-02
-1.593914628028869629e-01
-2.931955456733703613e-01
-9.812064967178457664e-03
-2.052933275699615479e-01
-4.200934171676635742e-01
-2.883849156560813753e-02
-2.344970107078552246e-01
-4.921304583549499512e-01
-4.815817301633273928e-02
-2.616790235042572021e-01
-5.581220388412475586e-01
-6.353187983395969241e-02
-1.198493838310241699e-01
-3.375266194343566895e-01
-1.523035162600194781e-02
-1.623321771621704102e-01
-4.852358698844909668e-01
-2.994836357893859713e-02
-1.879829764366149902e-01
-5.761410295963287354e-01
-4.598053222062503664e-02
-2.115294039249420166e-01
-6.536760032176971436e-01
-5.903083880903636782e-02
-7.559418678283691406e-02
-3.502824902534484863e-01
-2.671832827391540377e-02
-1.141530871391296387e-01
-4.883422255516052246e-01
-4.315689628484165041e-02
-1.383373737335205078e-01
-5.730743706226348877e-01
-5.458086406352435915e-02
-1.626473069190979004e-01
-6.503407061100006104e-01
-6.404070233466541140e-02
-2.594786882400512695e-02
-3.430435061454772949e-01
-4.214558055164729922e-02
-4.865187406539916992e-02
-4.605512619018554688e-01
-5.734528651001369326e-02
-6.547242403030395508e-02
-5.367246568202972412e-01
-6.346594964625751345e-02
-8.283603191375732422e-02
-6.115398406982421875e-01
-6.860039805533801882e-02
