0.000000000000000000e+00
0.000000000000000000e+00
0.000000000000000000e+00
-7.666200399398803711e-02
-8.436596393585205078e-02
-3.268556745334194602e-02
-1.248626708984375000e-01
-2.253674864768981934e-01
-4.524572642131374778e-02
-1.488101482391357422e-01
-3.484624028205871582e-01
-5.565879569931553306e-02
-1.714965701103210449e-01
-4.515053927898406982e-01
-6.463326962276028098e-02
-4.891270399093627930e-02
-4.056748151779174805e-01
-9.296151637869343176e-03
-5.570697784423828125e-02
-5.526053011417388916e-01
-2.736213134213016929e-02
-5.849331617355346680e-02
-6.394474208354949951e-01
-4.581780807657764854e-02
-5.826240777969360352e-02
-7.199262380599975586e-01
-6.082785205526874961e-02
3.922164440155029297e-03
-4.066414237022399902e-01
-1.227426791174934806e-02
1.516968011856079102e-02
-5.683313906192779541e-01
-2.572055423243568839e-02
2.423906326293945312e-02
-6.667765974998474121e-01
-4.175633640571163596e-02
3.219985961914062500e-02
-7.522774338722229004e-01
-5.508308188601063193e-02
4.934090375900268555e-02
-3.734766244888305664e-01
-2.177398169024513663e-02
6.416630744934082031e-02
-5.212263762950897217e-01
-3.939507977648304404e-02
7.177954912185668945e-02
-6.121859252452850342e-01
-5.209607706947849692e-02
7.742691040039062500e-02
-6.978910565376281738e-01
-6.212720350904987754e-02
9.161108732223510742e-02
-3.171252012252807617e-01
-3.509579302354381980e-02
1.129796504974365234e-01
-4.338259994983673096e-01
-5.270041601343677939e-02
1.272050142288208008e-01
-5.099245905876159668e-01
-5.978961364908741416e-02
1.402961611747741699e-01
-5.860403180122375488e-01
-6.510217936320827903e-02
