0.000000000000000000e+00
0.000000000000000000e+00
0.000000000000000000e+00
-6.977397203445434570e-02
-9.509915113449096680e-02
-3.081485249447268870e-02
-1.121851801872253418e-01
-2.386810183525085449e-01
-4.339687705385131267e-02
-1.321880817413330078e-01
-3.621677160263061523e-01
-5.407628223645133403e-02
-1.516951918601989746e-01
-4.659224450588226318e-01
-6.363321274864119914e-02
-3.193992376327514648e-02
-4.102355837821960449e-01
-9.928738627309030562e-03
-3.311234712600708008e-02
-5.585383474826812744e-01
-2.759183936166209605e-02
-3.308302164077758789e-02
-6.461600661277770996e-01
-4.572255343543929484e-02
-3.054869174957275391e-02
-7.272652834653854370e-01
-6.057262227284354594e-02
2.108293771743774414e-02
-4.041419625282287598e-01
-1.406767677860898402e-02
3.955173492431640625e-02
-5.647288560867309570e-01
-2.714248739528102305e-02
5.274319648742675781e-02
-6.620241701602935791e-01
-4.307329833852691081e-02
6.360167264938354492e-02
-7.455548346042633057e-01
-5.647520155059737590e-02
6.542664766311645508e-02
-3.654482364654541016e-01
-2.432764314460200694e-02
8.672308921813964844e-02
-5.126268267631530762e-01
-4.146696061241073039e-02
9.793722629547119141e-02
-6.033076941967010498e-01
-5.441338375555915263e-02
1.064179539680480957e-01
-6.879249960184097290e-01
-6.478177935230178264e-02
1.051401495933532715e-01
-3.043854832649230957e-01
-3.817212388264579204e-02
1.307864189147949219e-01
-4.203655719757080078e-01
-5.548938170420569804e-02
1.486105322837829590e-01
-4.959014654159545898e-01
-6.273965716707152751e-02
1.652815341949462891e-01
-5.705824494361877441e-01
-6.824486881839675334e-02
