0.000000000000000000e+00
0.000000000000000000e+00
0.000000000000000000e+00
-8.609074354171752930e-02
-3.253531455993652344e-02
-2.720982272984429073e-02
-1.584941744804382324e-01
-1.316712498664855957e-01
-3.691852715672894192e-02
-2.032912373542785645e-01
-2.295128703117370605e-01
-4.564259451689167690e-02
-2.405188083648681641e-01
-3.177909851074218750e-01
-5.272689339579983425e-02
-1.299746632575988770e-01
-3.411095738410949707e-01
2.614603202175658225e-03
-1.641740798950195312e-01
-4.687459170818328857e-01
-1.308594428809328747e-02
-1.864908933639526367e-01
-5.378574430942535400e-01
-3.137512755455418301e-02
-2.069863080978393555e-01
-6.052599251270294189e-01
-4.609023657502575588e-02
-8.536380529403686523e-02
-3.753176927566528320e-01
-1.755069302078027249e-03
-1.104213595390319824e-01
-5.230460762977600098e-01
-1.274167437912865353e-02
-1.257262229919433594e-01
-6.140860617160797119e-01
-2.858458337249203396e-02
-1.401420235633850098e-01
-6.953401416540145874e-01
-4.181979474486752224e-02
-4.148083925247192383e-02
-3.760384917259216309e-01
-1.272605237426205349e-02
-6.198555231094360352e-02
-5.134515464305877686e-01
-2.686149691106720638e-02
-7.546293735504150391e-02
-5.984436869621276855e-01
-3.852297243537350369e-02
-9.024167060852050781e-02
-6.790424138307571411e-01
-4.808816564144535732e-02
5.942642688751220703e-03
-3.554641604423522949e-01
-2.746127423705502224e-02
-7.160604000091552734e-03
-4.747856855392456055e-01
-4.180947941603108120e-02
-1.487433910369873047e-02
-5.518776178359985352e-01
-4.771067079963131619e-02
-2.284342050552368164e-02
-6.288437545299530029e-01
-5.234049511017246914e-02
