0.000000000000000000e+00
0.000000000000000000e+00
0.000000000000000000e+00
-8.795344829559326172e-02
-5.187469720840454102e-02
-2.861041522913865265e-02
-1.460423469543457031e-01
-1.750872135162353516e-01
-3.659016027444295105e-02
-1.724848151206970215e-01
-2.984582781791687012e-01
-4.323726653450421509e-02
-1.934480667114257812e-01
-4.036535024642944336e-01
-4.766979202025822815e-02
-1.077839732170104980e-01
-3.742679357528686523e-01
6.810621420356710587e-03
-1.251876354217529297e-01
-5.178141593933105469e-01
-7.561580681738178100e-03
-1.351837515830993652e-01
-6.016052365303039551e-01
-2.548089011901311096e-02
-1.434370875358581543e-01
-6.812227964401245117e-01
-4.043012618416241821e-02
-6.051492691040039062e-02
-3.994952440261840820e-01
3.866006449300130043e-03
-7.659041881561279297e-02
-5.546712279319763184e-01
-6.619579562482158508e-03
-8.474600315093994141e-02
-6.506564319133758545e-01
-2.343511528664521393e-02
-9.343844652175903320e-02
-7.379258573055267334e-01
-3.744200005525044617e-02
-1.647651195526123047e-02
-3.911764621734619141e-01
-5.907184382465402450e-03
-2.885872125625610352e-02
-5.345655679702758789e-01
-1.991842261844567474e-02
-3.554821014404296875e-02
-6.228523254394531250e-01
-3.164208068841389832e-02
-4.393106698989868164e-02
-7.055315077304840088e-01
-4.136892541640690979e-02
3.081238269805908203e-02
-3.596767783164978027e-01
-1.970634370439938721e-02
2.328008413314819336e-02
-4.783416688442230225e-01
-3.393618523472241577e-02
1.957011222839355469e-02
-5.535602867603302002e-01
-3.982014342540196594e-02
1.620888710021972656e-02
-6.276461780071258545e-01
-4.449072613709859070e-02
