0.000000000000000000e+00
0.000000000000000000e+00
0.000000000000000000e+00
-8.002114295959472656e-02
-7.644855976104736328e-02
-3.064363913404122286e-02
-1.369030475616455078e-01
-2.098433971405029297e-01
-4.295578876303807192e-02
-1.701825261116027832e-01
-3.263093829154968262e-01
-5.350488701628819399e-02
-1.973918676376342773e-01
-4.225373864173889160e-01
-6.258378082679882937e-02
-6.661713123321533203e-02
-3.998318314552307129e-01
-5.739219931683692266e-03
-7.907396554946899414e-02
-5.453979372978210449e-01
-2.277486117350235872e-02
-8.687442541122436523e-02
-6.316877603530883789e-01
-4.102475845979824953e-02
-9.176188707351684570e-02
-7.117495089769363403e-01
-5.596757957505360537e-02
-1.520478725433349609e-02
-4.069110155105590820e-01
-9.046261178127679159e-03
-9.763181209564208984e-03
-5.692175328731536865e-01
-2.160206714438572817e-02
-5.284786224365234375e-03
-6.682979762554168701e-01
-3.757638761567250185e-02
-2.018213272094726562e-03
-7.548227608203887939e-01
-5.094427892731800966e-02
3.026527166366577148e-02
-3.811504244804382324e-01
-1.877015547620430880e-02
3.774374723434448242e-02
-5.301900506019592285e-01
-3.510444143580571108e-02
4.014605283737182617e-02
-6.224866509437561035e-01
-4.875546598600521975e-02
4.084771871566772461e-02
-7.075422257184982300e-01
-5.953366214203015261e-02
7.429206371307373047e-02
-3.325619101524353027e-01
-3.219490403103009157e-02
9.028470516204833984e-02
-4.526643753051757812e-01
-4.859539026188031130e-02
1.001972556114196777e-01
-5.329791903495788574e-01
-5.665893757509365969e-02
1.091622710227966309e-01
-6.123617291450500488e-01
-6.282602900432721071e-02
