0.000000000000000000e+00
0.000000000000000000e+00
0.000000000000000000e+00
-8.489388227462768555e-02
-2.316617965698242188e-02
-2.892534209107111565e-02
-1.579390764236450195e-01
-1.179806590080261230e-01
-4.131907744024942986e-02
-2.061508297920227051e-01
-2.073485851287841797e-01
-5.235292536829661003e-02
-2.494784891605377197e-01
-2.812244892120361328e-01
-6.219394651864718071e-02
-1.245976090431213379e-01
-3.476613759994506836e-01
-5.813660637187467728e-03
-1.549835801124572754e-01
-4.848637878894805908e-01
-2.197203373228262535e-02
-1.730538010597229004e-01
-5.654732584953308105e-01
-3.991986958001803032e-02
-1.883406043052673340e-01
-6.394234001636505127e-01
-5.477458757971476189e-02
-7.858949899673461914e-02
-3.792247176170349121e-01
-1.028767561231802574e-02
-1.036987900733947754e-01
-5.322620868682861328e-01
-2.212292289053152672e-02
-1.172936558723449707e-01
-6.266633868217468262e-01
-3.784967733238886467e-02
-1.290622949600219727e-01
-7.061885297298431396e-01
-5.139770133112619988e-02
-3.322607278823852539e-02
-3.787212371826171875e-01
-2.090310824726770988e-02
-5.308771133422851562e-02
-5.203312635421752930e-01
-3.513597098802279106e-02
-6.619864702224731445e-02
-6.079453825950622559e-01
-4.747331289266298882e-02
-8.003556728363037109e-02
-6.874936819076538086e-01
-5.825314817641924492e-02
1.433628797531127930e-02
-3.565089106559753418e-01
-3.535926116322229973e-02
5.476951599121093750e-03
-4.754560589790344238e-01
-5.005611253594111076e-02
-3.670454025268554688e-04
-5.523704290390014648e-01
-5.740735454176615349e-02
-7.338643074035644531e-03
-6.270758807659149170e-01
-6.357316819642733208e-02
