0.000000000000000000e+00
0.000000000000000000e+00
0.000000000000000000e+00
-8.777868747711181641e-02
-2.705174684524536133e-02
-2.668784042529637190e-02
-1.539976596832275391e-01
-1.267685294151306152e-01
-3.427736131183678481e-02
-1.903444826602935791e-01
-2.349477410316467285e-01
-4.113624287478501174e-02
-2.204993665218353271e-01
-3.275004029273986816e-01
-4.578976375691468093e-02
-1.354688405990600586e-01
-3.267099857330322266e-01
1.026132753409569887e-02
-1.640756130218505859e-01
-4.540823101997375488e-01
-3.397661686761921374e-03
-1.796371936798095703e-01
-5.297037065029144287e-01
-2.113840212754780623e-02
-1.934118866920471191e-01
-6.027871370315551758e-01
-3.562610638968521926e-02
-9.382271766662597656e-02
-3.631277084350585938e-01
7.077585945950204405e-03
-1.244143843650817871e-01
-5.040954649448394775e-01
-2.263200429155176607e-03
-1.430003046989440918e-01
-5.915128290653228760e-01
-1.779860859446102950e-02
-1.604651808738708496e-01
-6.708148419857025146e-01
-3.077780125371987197e-02
-5.209618806838989258e-02
-3.675450086593627930e-01
-2.899331931843107668e-03
-7.715642452239990234e-02
-5.007237792015075684e-01
-1.465283097408587309e-02
-9.365367889404296875e-02
-5.779077410697937012e-01
-2.355895792774731490e-02
-1.099741458892822266e-01
-6.490614116191864014e-01
-3.131007445685440871e-02
-5.031347274780273438e-03
-3.508098721504211426e-01
-1.703744051687294814e-02
-2.356934547424316406e-02
-4.624691605567932129e-01
-2.852863674692684981e-02
-3.423762321472167969e-02
-5.331209301948547363e-01
-3.205661518208557936e-02
-4.423213005065917969e-02
-6.033367812633514404e-01
-3.500609887473160597e-02
