0.000000000000000000e+00
0.000000000000000000e+00
0.000000000000000000e+00
-8.692216873168945312e-02
-1.581072807312011719e-02
-2.571098841636398902e-02
-1.626942157745361328e-01
-1.077226996421813965e-01
-3.305310718624809851e-02
-2.072993516921997070e-01
-2.061820030212402344e-01
-3.975509814827660193e-02
-2.483998835086822510e-01
-2.900232076644897461e-01
-4.485383964984634986e-02
-1.527198553085327148e-01
-3.168870806694030762e-01
6.712285243878568508e-03
-1.951642632484436035e-01
-4.354102015495300293e-01
-7.310703954686914585e-03
-2.216309309005737305e-01
-5.033744871616363525e-01
-2.479461543171623816e-02
-2.448467612266540527e-01
-5.706233680248260498e-01
-3.933209888546684851e-02
-1.129463911056518555e-01
-3.630430698394775391e-01
1.895073010558689930e-03
-1.503399014472961426e-01
-5.031180679798126221e-01
-7.615007552345787190e-03
-1.725844740867614746e-01
-5.911821424961090088e-01
-2.291487678795078864e-02
-1.921959519386291504e-01
-6.690171360969543457e-01
-3.585535995571831336e-02
-7.113021612167358398e-02
-3.731933832168579102e-01
-9.515885821571146153e-03
-1.018651127815246582e-01
-5.055557191371917725e-01
-2.217500992028931250e-02
-1.215898990631103516e-01
-5.849470496177673340e-01
-3.305006362407425513e-02
-1.412543654441833496e-01
-6.585491597652435303e-01
-4.234117232172707190e-02
-2.479815483093261719e-02
-3.609554171562194824e-01
-2.480672635047653785e-02
-4.830229282379150391e-02
-4.746513366699218750e-01
-3.830130733459213843e-02
-6.338083744049072266e-02
-5.479152500629425049e-01
-4.397257380097130408e-02
-7.829064130783081055e-02
-6.214231252670288086e-01
-4.854605309574822058e-02
