0.000000000000000000e+00
0.000000000000000000e+00
0.000000000000000000e+00
-7.180005311965942383e-02
-1.037298440933227539e-01
-2.538470454823027467e-02
-1.027803421020507812e-01
-2.538229823112487793e-01
-3.226338416646967744e-02
-1.059179902076721191e-01
-3.822255134582519531e-01
-3.824051186751376008e-02
-1.098225712776184082e-01
-4.884532094001770020e-01
-4.237703323673258637e-02
-2.716410160064697266e-02
-4.139986634254455566e-01
7.068513461092607031e-03
-1.120597124099731445e-02
-5.545983314514160156e-01
-7.404048427304132929e-03
2.049148082733154297e-03
-6.362858712673187256e-01
-2.509297892760287141e-02
1.698249578475952148e-02
-7.104867100715637207e-01
-3.937290698598872041e-02
2.318763732910156250e-02
-4.076822400093078613e-01
3.271874773020044813e-03
4.377943277359008789e-02
-5.625989437103271484e-01
-6.309183280279739847e-03
5.938673019409179688e-02
-6.545650959014892578e-01
-2.166022077511797761e-02
7.282453775405883789e-02
-7.346093505620956421e-01
-3.466277659248362397e-02
6.405335664749145508e-02
-3.720963597297668457e-01
-6.940907298883303156e-03
8.580470085144042969e-02
-5.155397653579711914e-01
-1.972033731948386048e-02
9.912633895874023438e-02
-6.057690680027008057e-01
-3.058832042228232240e-02
1.095061898231506348e-01
-6.873645782470703125e-01
-3.987155571888933991e-02
1.046053171157836914e-01
-3.128244876861572266e-01
-2.083246313344488954e-02
1.266858577728271484e-01
-4.302130937576293945e-01
-3.401616677950869416e-02
1.399794816970825195e-01
-5.053596496582031250e-01
-3.928961694549570893e-02
1.512046456336975098e-01
-5.789949595928192139e-01
-4.353522599052439546e-02
