0.000000000000000000e+00
0.000000000000000000e+00
0.000000000000000000e+00
-7.350969314575195312e-02
-9.870475530624389648e-02
-2.772358718939926803e-02
-1.088560223579406738e-01
-2.475484013557434082e-01
-3.739985365101006209e-02
-1.130878329277038574e-01
-3.773883581161499023e-01
-4.594126630254891097e-02
-1.170320510864257812e-01
-4.829607605934143066e-01
-5.313511106797363936e-02
-3.517246246337890625e-02
-4.078857302665710449e-01
-6.041416969679858084e-03
-2.215480804443359375e-02
-5.528158843517303467e-01
-2.647065471538212478e-02
-1.365441083908081055e-02
-6.417727768421173096e-01
-4.665385100670960128e-02
-4.377126693725585938e-03
-7.215956449508666992e-01
-6.212169963546898543e-02
1.474064588546752930e-02
-4.036336541175842285e-01
-1.080251305975821197e-02
3.099977970123291016e-02
-5.640783905982971191e-01
-2.671016294189598739e-02
4.163062572479248047e-02
-6.655606925487518311e-01
-4.458571884461548507e-02
5.052125453948974609e-02
-7.548620104789733887e-01
-5.863625097700264632e-02
5.762684345245361328e-02
-3.691341280937194824e-01
-2.148203279503491103e-02
7.756894826889038086e-02
-5.177454054355621338e-01
-3.985137778946068465e-02
8.841598033905029297e-02
-6.119269132614135742e-01
-5.216500449606087386e-02
9.561300277709960938e-02
-6.975967586040496826e-01
-6.137640315719750106e-02
9.852701425552368164e-02
-3.093578815460205078e-01
-3.575653124281075179e-02
1.235236525535583496e-01
-4.259514212608337402e-01
-5.297465163894798934e-02
1.382705569267272949e-01
-5.043400526046752930e-01
-5.948292378016617477e-02
1.496761441230773926e-01
-5.791639387607574463e-01
-6.382810238429215133e-02
