0.000000000000000000e+00
0.000000000000000000e+00
0.000000000000000000e+00
-7.752269506454467773e-02
-9.193360805511474609e-02
-2.658742537130365235e-02
-1.184053421020507812e-01
-2.340792417526245117e-01
-3.577095513571748597e-02
-1.283875107765197754e-01
-3.637041449546813965e-01
-4.408398141492853028e-02
-1.351627707481384277e-01
-4.726074934005737305e-01
-5.082009231080064637e-02
-5.113911628723144531e-02
-4.029812216758728027e-01
-9.029809629055307596e-04
-4.361826181411743164e-02
-5.489434897899627686e-01
-1.915221345950612886e-02
-3.925698995590209961e-02
-6.367919147014617920e-01
-3.855246548880586488e-02
-3.384709358215332031e-02
-7.171602249145507812e-01
-5.372698848475465638e-02
-1.401424407958984375e-03
-4.044505357742309570e-01
-5.746220344349239895e-03
8.052170276641845703e-03
-5.658704638481140137e-01
-1.969223340381631715e-02
1.406657695770263672e-02
-6.670345664024353027e-01
-3.750294317831048829e-02
1.841479539871215820e-02
-7.575181424617767334e-01
-5.181632434357652528e-02
4.226660728454589844e-02
-3.756147027015686035e-01
-1.659049337138185365e-02
5.503290891647338867e-02
-5.269992351531982422e-01
-3.318101783622751100e-02
6.195396184921264648e-02
-6.214728057384490967e-01
-4.574492817152986390e-02
6.509292125701904297e-02
-7.077799439430236816e-01
-5.542310943235406739e-02
8.523076772689819336e-02
-3.228003978729248047e-01
-3.098674920727262361e-02
1.021447181701660156e-01
-4.449447989463806152e-01
-4.702919592489251954e-02
1.118546128273010254e-01
-5.262010097503662109e-01
-5.353095625866899354e-02
1.188954710960388184e-01
-6.040460467338562012e-01
-5.807290469635972840e-02
