0.000000000000000000e+00
0.000000000000000000e+00
0.000000000000000000e+00
-7.097405195236206055e-02
-9.146988391876220703e-02
-1.849191091446300561e-02
-1.091205477714538574e-01
-2.309989929199218750e-01
-2.130956030873676355e-02
-1.225913763046264648e-01
-3.444269895553588867e-01
-2.447555601088424737e-02
-1.412528753280639648e-01
-4.221297204494476318e-01
-2.678490258244892175e-02
-2.232700586318969727e-02
-3.858905434608459473e-01
1.245864186944345420e-02
-8.485376834869384766e-03
-5.176117122173309326e-01
3.949457635599173955e-03
3.626167774200439453e-03
-5.924169123172760010e-01
-9.510137284678421565e-03
1.679205894470214844e-02
-6.577250659465789795e-01
-2.133510462431331689e-02
2.615141868591308594e-02
-3.792905807495117188e-01
6.846695994454421452e-03
4.584497213363647461e-02
-5.249344408512115479e-01
1.988677164035834721e-03
6.004512310028076172e-02
-6.100349426269531250e-01
-9.709502714258633205e-03
7.203918695449829102e-02
-6.790609061717987061e-01
-2.043705634264370019e-02
6.643527746200561523e-02
-3.460859656333923340e-01
-4.490190795195303508e-03
8.685475587844848633e-02
-4.827621877193450928e-01
-1.401174082843681390e-02
9.756761789321899414e-02
-5.630415976047515869e-01
-2.361175246028324182e-02
1.062490940093994141e-01
-6.332687437534332275e-01
-3.212394952265640313e-02
1.051766872406005859e-01
-2.905376553535461426e-01
-1.888483032075782830e-02
1.303159594535827637e-01
-3.997175693511962891e-01
-2.960609659044166619e-02
1.455661654472351074e-01
-4.689379930496215820e-01
-3.444936513392349298e-02
1.596407890319824219e-01
-5.367157161235809326e-01
-3.876737892119308526e-02
