0.000000000000000000e+00
0.000000000000000000e+00
0.000000000000000000e+00
-8.711856603622436523e-02
5.795478820800781250e-03
-3.097942247370610858e-02
-1.707347631454467773e-01
-5.120289325714111328e-02
-4.780616200844178820e-02
-2.313295900821685791e-01
-1.134486794471740723e-01
-6.303371451178918505e-02
-2.866311669349670410e-01
-1.626075506210327148e-01
-7.709201387444863940e-02
-1.660484671592712402e-01
-2.805401682853698730e-01
-1.563027090708146716e-02
-2.153880596160888672e-01
-4.071943759918212891e-01
-3.620795495191941882e-02
-2.462550699710845947e-01
-4.794840812683105469e-01
-5.615597925464044238e-02
-2.741364836692810059e-01
-5.458201467990875244e-01
-7.190254292765985156e-02
-1.270560622215270996e-01
-3.281952738761901855e-01
-2.069444730261693621e-02
-1.733342409133911133e-01
-4.743224978446960449e-01
-3.733213207999597216e-02
-2.011401057243347168e-01
-5.644447505474090576e-01
-5.438327006379495288e-02
-2.258202135562896729e-01
-6.415547132492065430e-01
-6.819201967994104052e-02
-8.276176452636718750e-02
-3.447840213775634766e-01
-3.153638503829370165e-02
-1.245833635330200195e-01
-4.809918701648712158e-01
-4.946155435720811511e-02
-1.504461169242858887e-01
-5.649360418319702148e-01
-6.183799318353067065e-02
-1.761773824691772461e-01
-6.411590874195098877e-01
-7.199557087699304248e-02
-3.212660551071166992e-02
-3.418756127357482910e-01
-4.621516875306497241e-02
-5.746394395828247070e-02
-4.576967358589172363e-01
-6.250674239674935961e-02
-7.577979564666748047e-02
-5.323784053325653076e-01
-6.927926055470834399e-02
-9.521055221557617188e-02
-6.045758128166198730e-01
-7.487054131308923388e-02
