0.000000000000000000e+00
0.000000000000000000e+00
0.000000000000000000e+00
-7.246601581573486328e-02
-1.048853397369384766e-01
-3.110784707391189841e-02
-1.013099551200866699e-01
-2.527217268943786621e-01
-4.281380815231727865e-02
-9.777140617370605469e-02
-3.827139139175415039e-01
-5.244148192727493552e-02
-9.319865703582763672e-02
-4.924865663051605225e-01
-6.040286315405296591e-02
-1.940435171127319336e-02
-4.103954434394836426e-01
-8.044626990198366911e-03
1.068711280822753906e-03
-5.550175309181213379e-01
-2.767838207805084494e-02
1.548200845718383789e-02
-6.423089504241943359e-01
-4.766575289690422323e-02
3.054434061050415039e-02
-7.221370041370391846e-01
-6.346890745484756735e-02
3.144687414169311523e-02
-3.989200592041015625e-01
-1.092466847771333960e-02
5.582255125045776367e-02
-5.582069456577301025e-01
-2.614198481464313772e-02
7.390093803405761719e-02
-6.549494564533233643e-01
-4.400663493001388815e-02
8.936667442321777344e-02
-7.413637638092041016e-01
-5.853578863465713766e-02
7.270461320877075195e-02
-3.578963875770568848e-01
-2.000532528185772208e-02
9.834569692611694336e-02
-5.042664408683776855e-01
-3.838390154564308432e-02
1.156799793243408203e-01
-5.981259942054748535e-01
-5.180202839696335104e-02
1.298144459724426270e-01
-6.855207383632659912e-01
-6.233270136439728049e-02
1.130589842796325684e-01
-2.922196984291076660e-01
-3.281223444068359640e-02
1.406137943267822266e-01
-4.092920422554016113e-01
-5.097774086320328024e-02
1.585476994514465332e-01
-4.858189821243286133e-01
-5.884652254903244284e-02
1.742029786109924316e-01
-5.613010227680206299e-01
-6.454232750260757712e-02
