0.000000000000000000e+00
0.000000000000000000e+00
0.000000000000000000e+00
-7.017719745635986328e-02
-9.156620502471923828e-02
-3.159262579526966874e-02
-1.118924617767333984e-01
-2.353722453117370605e-01
-4.470337894406384294e-02
-1.336709856986999512e-01
-3.611099720001220703e-01
-5.571444299664563005e-02
-1.557623744010925293e-01
-4.612523615360260010e-01
-6.560185518708294694e-02
-2.787345647811889648e-02
-4.024562239646911621e-01
-9.504465056920707866e-03
-2.784484624862670898e-02
-5.508968234062194824e-01
-2.701123770918911760e-02
-2.874696254730224609e-02
-6.389909684658050537e-01
-4.520697858777111833e-02
-2.719885110855102539e-02
-7.192769497632980347e-01
-6.021728333678311174e-02
2.508997917175292969e-02
-3.961129188537597656e-01
-1.278656874444550340e-02
4.508262872695922852e-02
-5.558940470218658447e-01
-2.615614761259621446e-02
5.831867456436157227e-02
-6.529528796672821045e-01
-4.244799879040783708e-02
6.927222013473510742e-02
-7.374864667654037476e-01
-5.608521741476124589e-02
6.872063875198364258e-02
-3.589653968811035156e-01
-2.220395360734528367e-02
8.926868438720703125e-02
-5.063216984272003174e-01
-3.990872171368664567e-02
1.008405685424804688e-01
-5.981889069080352783e-01
-5.371902477588719194e-02
1.102288365364074707e-01
-6.843737661838531494e-01
-6.467494335618084733e-02
1.088877320289611816e-01
-2.994111180305480957e-01
-3.515636887993878190e-02
1.361650824546813965e-01
-4.133116602897644043e-01
-5.292081427421635453e-02
1.547128558158874512e-01
-4.882027804851531982e-01
-6.088212099518841569e-02
1.718642115592956543e-01
-5.631583034992218018e-01
-6.697891619648999040e-02
