0.000000000000000000e+00
0.000000000000000000e+00
0.000000000000000000e+00
-8.608210086822509766e-02
-6.617957353591918945e-02
-3.120427361346855832e-02
-1.377264857292175293e-01
-1.956376433372497559e-01
-4.043819724239483548e-02
-1.552526354789733887e-01
-3.240270018577575684e-01
-4.788937388576641752e-02
-1.673563122749328613e-01
-4.349399209022521973e-01
-5.311226441182270719e-02
-8.380472660064697266e-02
-3.905724883079528809e-01
4.180087087377160060e-03
-9.042155742645263672e-02
-5.344684422016143799e-01
-1.074639490462914182e-02
-9.555274248123168945e-02
-6.200478971004486084e-01
-2.908588169731274320e-02
-1.000085473060607910e-01
-7.004397213459014893e-01
-4.437870873726978971e-02
-3.453791141510009766e-02
-4.048201441764831543e-01
2.209359625055640208e-03
-3.930962085723876953e-02
-5.618636310100555420e-01
-9.138322124556452763e-03
-4.159390926361083984e-02
-6.589109897613525391e-01
-2.647875963367596341e-02
-4.508507251739501953e-02
-7.467822581529617310e-01
-4.074641286052838041e-02
8.864104747772216797e-03
-3.868505954742431641e-01
-6.770181158856303227e-03
6.921052932739257812e-03
-5.316607058048248291e-01
-2.201022921718731595e-02
5.426585674285888672e-03
-6.219850778579711914e-01
-3.427954359568730069e-02
1.816749572753906250e-03
-7.080621719360351562e-01
-4.416324912227764798e-02
5.418622493743896484e-02
-3.456321954727172852e-01
-1.991546495474949552e-02
5.728906393051147461e-02
-4.637261629104614258e-01
-3.542376651085987760e-02
5.979311466217041016e-02
-5.403060913085937500e-01
-4.202380745329037381e-02
6.208205223083496094e-02
-6.172775924205780029e-01
-4.701026125468388273e-02
