0.000000000000000000e+00
0.000000000000000000e+00
0.000000000000000000e+00
-8.204793930053710938e-02
-6.461566686630249023e-02
-2.778835524176770377e-02
-1.437826156616210938e-01
-1.943696141242980957e-01
-3.771329786931687522e-02
-1.814141273498535156e-01
-3.060252666473388672e-01
-4.648484405433350730e-02
-2.152214944362640381e-01
-3.953601121902465820e-01
-5.405692499434167075e-02
-8.668380975723266602e-02
-3.903937339782714844e-01
-3.388740348867713692e-03
-1.075296998023986816e-01
-5.335565507411956787e-01
-1.918381568347626853e-02
-1.194876432418823242e-01
-6.169093549251556396e-01
-3.626911830460244346e-02
-1.278981566429138184e-01
-6.954200118780136108e-01
-5.049255233561211753e-02
-3.597891330718994141e-02
-4.055868387222290039e-01
-8.240539807133018257e-03
-4.259961843490600586e-02
-5.682078003883361816e-01
-1.964289624547177482e-02
-4.356068372726440430e-02
-6.665858924388885498e-01
-3.468304988300019431e-02
-4.469168186187744141e-02
-7.522985488176345825e-01
-4.743211087142640281e-02
1.165533065795898438e-02
-3.871616721153259277e-01
-1.927182752942258048e-02
9.747207164764404297e-03
-5.370720326900482178e-01
-3.480475511705094505e-02
8.591651916503906250e-03
-6.276641190052032471e-01
-4.657610994135552573e-02
5.397677421569824219e-03
-7.126076519489288330e-01
-5.617123212968522239e-02
5.815422534942626953e-02
-3.461912274360656738e-01
-3.382726874505692649e-02
6.495773792266845703e-02
-4.685866832733154297e-01
-4.940236475621873069e-02
7.101482152938842773e-02
-5.473376214504241943e-01
-5.559790250217133689e-02
7.635444402694702148e-02
-6.252556443214416504e-01
-6.051008146559411216e-02
