0.000000000000000000e+00
0.000000000000000000e+00
0.000000000000000000e+00
-7.667946815490722656e-02
-7.230025529861450195e-02
-2.875691762318410838e-02
-1.207179427146911621e-01
-2.011739611625671387e-01
-4.096613561858930552e-02
-1.372784376144409180e-01
-3.157256245613098145e-01
-5.069233214607038462e-02
-1.569671034812927246e-01
-4.074565768241882324e-01
-5.953763162841596568e-02
-4.832661151885986328e-02
-3.568853735923767090e-01
-1.643654255320825541e-02
-4.672098159790039062e-02
-4.942593574523925781e-01
-3.570967277636327708e-02
-4.639822244644165039e-02
-5.791826248168945312e-01
-5.416949575891294444e-02
-4.599881172180175781e-02
-6.539358198642730713e-01
-6.798552459230222667e-02
2.592802047729492188e-04
-3.560062646865844727e-01
-1.954744679977693522e-02
7.443845272064208984e-03
-5.123202800750732422e-01
-3.600656351198949778e-02
1.178908348083496094e-02
-6.117143929004669189e-01
-5.363567283501424754e-02
1.490789651870727539e-02
-6.965454816818237305e-01
-6.644317245235242808e-02
4.351198673248291016e-02
-3.248758316040039062e-01
-2.734135387589731181e-02
5.532503128051757812e-02
-4.719553589820861816e-01
-4.748556500425138438e-02
5.946195125579833984e-02
-5.625287294387817383e-01
-6.166864669074811900e-02
6.093835830688476562e-02
-6.465033590793609619e-01
-7.064978515853681529e-02
8.563840389251708984e-02
-2.711176872253417969e-01
-3.776619320859708751e-02
1.021477580070495605e-01
-3.926852941513061523e-01
-5.812019219746389354e-02
1.081504225730895996e-01
-4.732261896133422852e-01
-6.623424327125349009e-02
1.116062402725219727e-01
-5.520654916763305664e-01
-7.032847141971387828e-02
