0.000000000000000000e+00
0.000000000000000000e+00
0.000000000000000000e+00
-8.070105314254760742e-02
-5.567830801010131836e-02
-2.254295234641290335e-02
-1.373633146286010742e-01
-1.715810894966125488e-01
-2.835919966062760977e-02
-1.669453382492065430e-01
-2.741836905479431152e-01
-3.375030567011094718e-02
-1.928675770759582520e-01
-3.493485450744628906e-01
-3.811462481579042105e-02
-7.322311401367187500e-02
-3.592195510864257812e-01
7.767856334538691954e-03
-8.132588863372802734e-02
-4.891153275966644287e-01
-2.589432542009717508e-03
-8.274680376052856445e-02
-5.641048550605773926e-01
-1.709715721270299582e-02
-8.193528652191162109e-02
-6.319267153739929199e-01
-2.971753736099458365e-02
-2.656871080398559570e-02
-3.731988072395324707e-01
3.813233672843807653e-03
-2.801376581192016602e-02
-5.167573392391204834e-01
-4.262077874301439806e-03
-2.622580528259277344e-02
-6.021448075771331787e-01
-1.812582721075273184e-02
-2.423799037933349609e-02
-6.751333177089691162e-01
-2.989930545052743582e-02
1.589077711105346680e-02
-3.588882684707641602e-01
-6.054463582842117830e-03
1.645708084106445312e-02
-4.937394559383392334e-01
-1.836872731408334403e-02
1.627552509307861328e-02
-5.739100277423858643e-01
-3.023220111688829093e-02
1.601600646972656250e-02
-6.468383073806762695e-01
-3.953056668004251151e-02
5.894792079925537109e-02
-3.236326575279235840e-01
-1.910931130012727408e-02
6.650823354721069336e-02
-4.368520677089691162e-01
-3.231152405103898673e-02
7.140737771987915039e-02
-5.086463987827301025e-01
-3.911181052288270621e-02
7.694637775421142578e-02
-5.787547528743743896e-01
-4.430066307148194937e-02
