0.000000000000000000e+00
0.000000000000000000e+00
0.000000000000000000e+00
-7.935357093811035156e-02
-7.347351312637329102e-02
-2.832784139317823247e-02
-1.353052854537963867e-01
-2.051717042922973633e-01
-3.877190694910837010e-02
-1.672425270080566406e-01
-3.181887865066528320e-01
-4.799182162386728123e-02
-1.959592103958129883e-01
-4.091470241546630859e-01
-5.620166481239152745e-02
-7.112061977386474609e-02
-3.946626782417297363e-01
-5.855042568867929731e-03
-8.735257387161254883e-02
-5.400118529796600342e-01
-2.275074281496358708e-02
-9.597259759902954102e-02
-6.255034208297729492e-01
-4.047770247561288670e-02
-1.010814309120178223e-01
-7.057714015245437622e-01
-5.513187319738221959e-02
-1.973789930343627930e-02
-4.059780836105346680e-01
-1.070785158080411748e-02
-2.003353834152221680e-02
-5.694043934345245361e-01
-2.345225595635724858e-02
-1.759648323059082031e-02
-6.684845983982086182e-01
-3.934797466499162510e-02
-1.537257432937622070e-02
-7.550506591796875000e-01
-5.267016411525560216e-02
2.719771862030029297e-02
-3.831321001052856445e-01
-2.161830671829534367e-02
3.177762031555175781e-02
-5.329906940460205078e-01
-3.820972711545778111e-02
3.325778245925903320e-02
-6.241867840290069580e-01
-5.064515218836618260e-02
3.276038169860839844e-02
-7.094887644052505493e-01
-6.071085304719758824e-02
7.256430387496948242e-02
-3.365175127983093262e-01
-3.604506895644021824e-02
8.590358495712280273e-02
-4.562497437000274658e-01
-5.245838881236863926e-02
9.464234113693237305e-02
-5.343613922595977783e-01
-5.915855810744119481e-02
1.020948290824890137e-01
-6.116575598716735840e-01
-6.444218576652360753e-02
