0.000000000000000000e+00
0.000000000000000000e+00
0.000000000000000000e+00
-8.507692813873291016e-02
-2.874141931533813477e-02
-2.670789350241875582e-02
-1.562516093254089355e-01
-1.260710358619689941e-01
-3.721676793367123537e-02
-2.031082510948181152e-01
-2.157897353172302246e-01
-4.669467386275982790e-02
-2.447357773780822754e-01
-2.887565493583679199e-01
-5.501019981176114015e-02
-1.182536482810974121e-01
-3.491744995117187500e-01
-1.908183944863139914e-03
-1.474375724792480469e-01
-4.841502010822296143e-01
-1.602116998702740602e-02
-1.650524735450744629e-01
-5.638090670108795166e-01
-3.282441970378613405e-02
-1.800476312637329102e-01
-6.373055577278137207e-01
-4.709539961487507753e-02
-7.267481088638305664e-02
-3.796164989471435547e-01
-6.755901765529870318e-03
-9.609735012054443359e-02
-5.315542817115783691e-01
-1.670863505870556764e-02
-1.090226173400878906e-01
-6.250830590724945068e-01
-3.148007046848988466e-02
-1.203004121780395508e-01
-7.035381942987442017e-01
-4.442657184273457460e-02
-2.766948938369750977e-02
-3.779528737068176270e-01
-1.761956911951756410e-02
-4.617232084274291992e-02
-5.196446478366851807e-01
-3.073217187494492464e-02
-5.836158990859985352e-02
-6.065325438976287842e-01
-4.280299719840741091e-02
-7.162064313888549805e-02
-6.855067610740661621e-01
-5.337317686945652895e-02
1.943916082382202148e-02
-3.545677065849304199e-01
-3.210997607976651125e-02
1.284134387969970703e-02
-4.740213155746459961e-01
-4.599620800883030824e-02
8.210122585296630859e-03
-5.505563616752624512e-01
-5.294585999519085817e-02
2.162694931030273438e-03
-6.249624788761138916e-01
-5.886866551310276918e-02
