0.000000000000000000e+00
0.000000000000000000e+00
0.000000000000000000e+00
-8.272355794906616211e-02
-5.936121940612792969e-02
-2.852667378357409689e-02
-1.458961367607116699e-01
-1.785873174667358398e-01
-4.013153979650496694e-02
-1.856254935264587402e-01
-2.848763465881347656e-01
-5.041604558101653311e-02
-2.193912267684936523e-01
-3.743867874145507812e-01
-5.944354901185988638e-02
-9.526330232620239258e-02
-3.760791420936584473e-01
-6.887699701849214762e-03
-1.185219883918762207e-01
-5.182545185089111328e-01
-2.474234322181700918e-02
-1.327331066131591797e-01
-6.009708046913146973e-01
-4.274119133225440237e-02
-1.438206434249877930e-01
-6.788702905178070068e-01
-5.721547523609160635e-02
-4.556816816329956055e-02
-3.957334756851196289e-01
-1.161569425931929800e-02
-5.599182844161987305e-02
-5.579676032066345215e-01
-2.528417924514769766e-02
-6.078261137008666992e-02
-6.560839712619781494e-01
-4.118783095947264883e-02
-6.606405973434448242e-02
-7.415242195129394531e-01
-5.413861269227027151e-02
1.563370227813720703e-03
-3.821262717247009277e-01
-2.230911957195758077e-02
-4.839539527893066406e-03
-5.318866074085235596e-01
-3.931850263944625112e-02
-9.676992893218994141e-03
-6.228133141994476318e-01
-5.087233031264304373e-02
-1.648181676864624023e-02
-7.066799998283386230e-01
-5.989404836765288564e-02
4.832839965820312500e-02
-3.458654284477233887e-01
-3.647441858521460745e-02
5.167436599731445312e-02
-4.696443676948547363e-01
-5.273958737126349661e-02
5.490362644195556641e-02
-5.508489310741424561e-01
-5.865013295880316946e-02
5.709922313690185547e-02
-6.295841932296752930e-01
-6.305209243765830252e-02
