0.000000000000000000e+00
0.000000000000000000e+00
0.000000000000000000e+00
-7.089716196060180664e-02
-1.067664027214050293e-01
-3.004743513531593635e-02
-9.770148992538452148e-02
-2.559971213340759277e-01
-4.165946860678104713e-02
-9.279841184616088867e-02
-3.849263787269592285e-01
-5.149474908478168800e-02
-9.067749977111816406e-02
-4.937297403812408447e-01
-5.970450286633877113e-02
-1.477479934692382812e-02
-4.103474617004394531e-01
-7.486522950898688578e-03
6.085693836212158203e-03
-5.542840361595153809e-01
-2.731466648049263313e-02
2.115422487258911133e-02
-6.403479576110839844e-01
-4.734694008595852210e-02
3.749704360961914062e-02
-7.184229493141174316e-01
-6.304014270074276283e-02
3.566443920135498047e-02
-3.974048495292663574e-01
-1.099523045934347465e-02
6.086421012878417969e-02
-5.566902458667755127e-01
-2.620745618708042457e-02
7.928729057312011719e-02
-6.530824005603790283e-01
-4.403390531308559730e-02
9.523189067840576172e-02
-7.382893264293670654e-01
-5.857486073739437415e-02
7.639759778976440430e-02
-3.554145693778991699e-01
-2.061353978581337287e-02
1.028349399566650391e-01
-5.027202367782592773e-01
-3.855530341036228492e-02
1.205466985702514648e-01
-5.965857505798339844e-01
-5.169002880222706153e-02
1.348279714584350586e-01
-6.821875274181365967e-01
-6.214403902060894325e-02
1.158993840217590332e-01
-2.885866165161132812e-01
-3.392319922215847328e-02
1.450452804565429688e-01
-4.050344228744506836e-01
-5.144759436018375709e-02
1.633706092834472656e-01
-4.816489219665527344e-01
-5.901267175443081214e-02
1.785695552825927734e-01
-5.562381744384765625e-01
-6.462138687140850379e-02
