0.000000000000000000e+00
0.000000000000000000e+00
0.000000000000000000e+00
-8.715242147445678711e-02
3.443658351898193359e-03
-3.012267543306279549e-02
-1.687107682228088379e-01
-5.158132314682006836e-02
-4.660340069165158638e-02
-2.287422716617584229e-01
-1.114665269851684570e-01
-6.165064169397282967e-02
-2.841545045375823975e-01
-1.584222316741943359e-01
-7.557359380950856576e-02
-1.647056341171264648e-01
-2.820379137992858887e-01
-1.344729444315362343e-02
-2.143894433975219727e-01
-4.073835015296936035e-01
-3.326914130082059273e-02
-2.465423047542572021e-01
-4.778216779232025146e-01
-5.317420183052945504e-02
-2.758443951606750488e-01
-5.434212684631347656e-01
-6.911336673726964364e-02
-1.264559030532836914e-01
-3.294689059257507324e-01
-1.862988105347085366e-02
-1.745033860206604004e-01
-4.731476902961730957e-01
-3.417228577961850533e-02
-2.036233246326446533e-01
-5.611953735351562500e-01
-5.102808816661763558e-02
-2.292757630348205566e-01
-6.368533670902252197e-01
-6.507955534686971077e-02
-8.278685808181762695e-02
-3.450126051902770996e-01
-2.956471262803006539e-02
-1.254015564918518066e-01
-4.803408980369567871e-01
-4.646841852297711739e-02
-1.513311862945556641e-01
-5.625939965248107910e-01
-5.854757918348241219e-02
-1.773883104324340820e-01
-6.366651654243469238e-01
-6.893957449426579842e-02
-3.294646739959716797e-02
-3.404340744018554688e-01
-4.433457224001813302e-02
-5.760735273361206055e-02
-4.529740810394287109e-01
-6.013585670223164925e-02
-7.596975564956665039e-02
-5.259320437908172607e-01
-6.694334043493199715e-02
-9.582757949829101562e-02
-5.963184237480163574e-01
-7.280115826358724007e-02
