0.000000000000000000e+00
0.000000000000000000e+00
0.000000000000000000e+00
-7.285737991333007812e-02
-9.069585800170898438e-02
-2.965974397494619552e-02
-1.178302168846130371e-01
-2.333459854125976562e-01
-4.093657396271055404e-02
-1.384252309799194336e-01
-3.566036224365234375e-01
-5.055322087838476364e-02
-1.566339731216430664e-01
-4.596060812473297119e-01
-5.886133349969213668e-02
-4.009348154067993164e-02
-4.070405364036560059e-01
-7.114213514171296993e-03
-4.362380504608154297e-02
-5.554076433181762695e-01
-2.431856803133314315e-02
-4.480850696563720703e-02
-6.427080333232879639e-01
-4.203631691171949569e-02
-4.335218667984008789e-02
-7.233937978744506836e-01
-5.658976695968931381e-02
1.274216175079345703e-02
-4.041530489921569824e-01
-1.128874867691820327e-02
2.807319164276123047e-02
-5.667688846588134766e-01
-2.416767328514879409e-02
3.969269990921020508e-02
-6.644080579280853271e-01
-3.975541106893842880e-02
4.957449436187744141e-02
-7.488230019807815552e-01
-5.280737913682287399e-02
5.730694532394409180e-02
-3.680655360221862793e-01
-2.166095338299101059e-02
7.550668716430664062e-02
-5.164967775344848633e-01
-3.868029601409261886e-02
8.522218465805053711e-02
-6.067858338356018066e-01
-5.096162445380514328e-02
9.280043840408325195e-02
-6.912216693162918091e-01
-6.080652735664671127e-02
9.840077161788940430e-02
-3.087729811668395996e-01
-3.558370060756033126e-02
1.225124597549438477e-01
-4.242682456970214844e-01
-5.265136397912328903e-02
1.387082934379577637e-01
-5.002933144569396973e-01
-5.950466505720442001e-02
1.539415717124938965e-01
-5.762685239315032959e-01
-6.475518233611410324e-02
