0.000000000000000000e+00
0.000000000000000000e+00
0.000000000000000000e+00
-8.641105890274047852e-02
-2.144932746887207031e-02
-2.720144936429846894e-02
-1.616313457489013672e-01
-1.167657375335693359e-01
-3.580869534599173676e-02
-2.068964838981628418e-01
-2.137146592140197754e-01
-4.337398508178580414e-02
-2.463977336883544922e-01
-2.987259626388549805e-01
-4.939674758898604523e-02
-1.461732387542724609e-01
-3.251404762268066406e-01
2.981847053519004476e-03
-1.858048439025878906e-01
-4.466723799705505371e-01
-1.232655426102269303e-02
-2.118287682533264160e-01
-5.142930150032043457e-01
-3.028263697015631806e-02
-2.356535494327545166e-01
-5.802917480468750000e-01
-4.503761777269232880e-02
-1.038771867752075195e-01
-3.663464188575744629e-01
-1.160756550603991855e-03
-1.354041099548339844e-01
-5.077324211597442627e-01
-1.232317728536713730e-02
-1.556745767593383789e-01
-5.948326289653778076e-01
-2.830723100888121735e-02
-1.747915148735046387e-01
-6.728271245956420898e-01
-4.164583781349051606e-02
-6.056088209152221680e-02
-3.736425042152404785e-01
-1.180578941094267975e-02
-8.699864149093627930e-02
-5.069569945335388184e-01
-2.583537796127188813e-02
-1.049771308898925781e-01
-5.875068306922912598e-01
-3.721489930140364777e-02
-1.238658428192138672e-01
-6.625365316867828369e-01
-4.663738036143172394e-02
-1.405394077301025391e-02
-3.590685725212097168e-01
-2.627587491261351715e-02
-3.413230180740356445e-02
-4.745425581932067871e-01
-4.063810208427298676e-02
-4.668164253234863281e-02
-5.493867695331573486e-01
-4.659681567537177216e-02
-5.903404951095581055e-02
-6.242311596870422363e-01
-5.126212710129607331e-02
