0.000000000000000000e+00
0.000000000000000000e+00
0.000000000000000000e+00
-7.469320297241210938e-02
-1.020821332931518555e-01
-2.202457588569473046e-02
-1.097893118858337402e-01
-2.440100908279418945e-01
-2.782637838677715081e-02
-1.151528358459472656e-01
-3.685560822486877441e-01
-3.399027910487006920e-02
-1.186965107917785645e-01
-4.698003530502319336e-01
-3.879473384873222130e-02
-2.869981527328491211e-02
-4.017624258995056152e-01
1.171420581235338432e-02
-1.013189554214477539e-02
-5.336528718471527100e-01
-1.315966047656047522e-03
6.049871444702148438e-04
-6.142302453517913818e-01
-1.918108228997539300e-02
1.052212715148925781e-02
-6.889334619045257568e-01
-3.381612178341697472e-02
1.879763603210449219e-02
-3.989486098289489746e-01
5.784211415488016428e-03
4.078418016433715820e-02
-5.483747422695159912e-01
-3.098819669645536123e-03
5.310213565826416016e-02
-6.428257524967193604e-01
-1.873666074530433434e-02
6.212604045867919922e-02
-7.254039943218231201e-01
-3.176100951091598290e-02
5.849611759185791016e-02
-3.676709532737731934e-01
-6.352832340013492285e-03
8.037197589874267578e-02
-5.100055038928985596e-01
-1.796837550060104149e-02
9.062910079956054688e-02
-5.990944802761077881e-01
-2.803939793662379998e-02
9.724807739257812500e-02
-6.805468797683715820e-01
-3.651615631238769311e-02
9.684371948242187500e-02
-3.112427592277526855e-01
-2.209341552512000817e-02
1.197808384895324707e-01
-4.277361035346984863e-01
-3.390905660049270409e-02
1.329656839370727539e-01
-5.031598508358001709e-01
-3.768853497163604516e-02
1.443168520927429199e-01
-5.753954946994781494e-01
-4.061539870158981103e-02
