0.000000000000000000e+00
0.000000000000000000e+00
0.000000000000000000e+00
-7.872962951660156250e-02
-7.984936237335205078e-02
-2.500434891737768339e-02
-1.271617412567138672e-01
-2.164033651351928711e-01
-3.372821324921915220e-02
-1.440659165382385254e-01
-3.421275019645690918e-01
-4.187418261028597044e-02
-1.536704897880554199e-01
-4.460651874542236328e-01
-4.859435298897096800e-02
-6.973421573638916016e-02
-3.957310914993286133e-01
-6.429550372786252410e-04
-7.175362110137939453e-02
-5.409570336341857910e-01
-1.815492586649725126e-02
-7.468372583389282227e-02
-6.270841956138610840e-01
-3.718800583339998411e-02
-7.691764831542968750e-02
-7.054986953735351562e-01
-5.203370117999384092e-02
-2.222371101379394531e-02
-4.051345586776733398e-01
-5.616373582256528607e-03
-2.373874187469482422e-02
-5.648751258850097656e-01
-1.807327122844526457e-02
-2.563214302062988281e-02
-6.642733514308929443e-01
-3.450356536961862730e-02
-2.900844812393188477e-02
-7.519158869981765747e-01
-4.792198651887247252e-02
2.203959226608276367e-02
-3.842720985412597656e-01
-1.635197849429914640e-02
2.328222990036010742e-02
-5.343183577060699463e-01
-3.047149182714292692e-02
2.275902032852172852e-02
-6.275203227996826172e-01
-4.131304958320924925e-02
1.903551816940307617e-02
-7.113339006900787354e-01
-5.021468290544817137e-02
6.613928079605102539e-02
-3.391708135604858398e-01
-3.069989123798677610e-02
7.367861270904541016e-02
-4.624729752540588379e-01
-4.434149080373117613e-02
7.865029573440551758e-02
-5.429325699806213379e-01
-4.936343172050783323e-02
8.185142278671264648e-02
-6.183748245239257812e-01
-5.305940770961115049e-02
