0.000000000000000000e+00
0.000000000000000000e+00
0.000000000000000000e+00
-8.709615468978881836e-02
4.869580268859863281e-03
-3.004230627084325533e-02
-1.691649556159973145e-01
-4.974108934402465820e-02
-4.682880149448465090e-02
-2.298092544078826904e-01
-1.094754338264465332e-01
-6.221268580520700198e-02
-2.854907810688018799e-01
-1.600483655929565430e-01
-7.633300380075525027e-02
-1.667682528495788574e-01
-2.813197374343872070e-01
-1.262638413572858553e-02
-2.155059576034545898e-01
-4.069598913192749023e-01
-3.159312413299630862e-02
-2.461768090724945068e-01
-4.772853255271911621e-01
-5.109529079163621645e-02
-2.741956114768981934e-01
-5.431154370307922363e-01
-6.682203219497750979e-02
-1.283878684043884277e-01
-3.293806910514831543e-01
-1.766293191576551180e-02
-1.769664287567138672e-01
-4.718783497810363770e-01
-3.239336119258950930e-02
-2.060467600822448730e-01
-5.579009652137756348e-01
-4.894759387934755068e-02
-2.318967580795288086e-01
-6.320018172264099121e-01
-6.291560338104318362e-02
-8.428120613098144531e-02
-3.456916213035583496e-01
-2.842515216434549075e-02
-1.280497312545776367e-01
-4.801293313503265381e-01
-4.440483332837175112e-02
-1.553396582603454590e-01
-5.619584023952484131e-01
-5.636409552062104922e-02
-1.826245486736297607e-01
-6.358218193054199219e-01
-6.690792993867944460e-02
-3.367388248443603516e-02
-3.427523374557495117e-01
-4.302476973498414736e-02
-5.980139970779418945e-02
-4.562196135520935059e-01
-5.839105577433656435e-02
-7.946103811264038086e-02
-5.299642384052276611e-01
-6.535716609323571902e-02
-1.005150079727172852e-01
-6.013260781764984131e-01
-7.139832780922006350e-02
