0.000000000000000000e+00
0.000000000000000000e+00
0.000000000000000000e+00
-7.432538270950317383e-02
-8.737301826477050781e-02
-3.248389731831480276e-02
-1.199678778648376465e-01
-2.302906513214111328e-01
-4.552405249066282522e-02
-1.429440975189208984e-01
-3.551100492477416992e-01
-5.647803764529157888e-02
-1.640060544013977051e-01
-4.606786370277404785e-01
-6.598747070617605459e-02
-4.340684413909912109e-02
-4.087638258934020996e-01
-1.023204266763855230e-02
-4.861927032470703125e-02
-5.560470521450042725e-01
-2.887462559826303732e-02
-5.096966028213500977e-02
-6.433975696563720703e-01
-4.756255741901327383e-02
-5.039554834365844727e-02
-7.245974391698837280e-01
-6.277752216644216787e-02
9.513497352600097656e-03
-4.080882668495178223e-01
-1.368949018157650244e-02
2.242165803909301758e-02
-5.696345269680023193e-01
-2.769232649094988119e-02
3.308641910552978516e-02
-6.674601733684539795e-01
-4.377345662302900564e-02
4.214644432067871094e-02
-7.525148540735244751e-01
-5.714474539942671072e-02
5.472034215927124023e-02
-3.736867308616638184e-01
-2.357949424273897421e-02
6.998825073242187500e-02
-5.212705135345458984e-01
-4.161375682539869558e-02
7.853817939758300781e-02
-6.118335425853729248e-01
-5.392497326917577993e-02
8.459848165512084961e-02
-6.970625519752502441e-01
-6.370370384044576895e-02
9.627938270568847656e-02
-3.161882758140563965e-01
-3.727726187295843374e-02
1.181159615516662598e-01
-4.331717491149902344e-01
-5.491204108781744253e-02
1.334292888641357422e-01
-5.085939466953277588e-01
-6.161521296687055838e-02
1.470158100128173828e-01
-5.830617547035217285e-01
-6.668453957624365103e-02
