0.000000000000000000e+00
0.000000000000000000e+00
0.000000000000000000e+00
-8.906978368759155273e-02
-2.224695682525634766e-02
-2.762149473124964061e-02
-1.575307250022888184e-01
-1.188944578170776367e-01
-3.438048077219946208e-02
-1.959525942802429199e-01
-2.263416647911071777e-01
-4.014616844648344340e-02
-2.266750633716583252e-01
-3.219494223594665527e-01
-4.333702487343771281e-02
-1.396611928939819336e-01
-3.179777860641479492e-01
1.426232034867780385e-02
-1.736553907394409180e-01
-4.406186938285827637e-01
3.013183470500280237e-03
-1.932455301284790039e-01
-5.122006833553314209e-01
-1.318318781846983256e-02
-2.100979685783386230e-01
-5.820957124233245850e-01
-2.663463366621954265e-02
-1.001340150833129883e-01
-3.567235469818115234e-01
1.246702844804303822e-02
-1.358485221862792969e-01
-4.934368431568145752e-01
5.906324242857863283e-03
-1.566433906555175781e-01
-5.787756145000457764e-01
-7.618550801964829589e-03
-1.745861172676086426e-01
-6.549991369247436523e-01
-1.903441002065164867e-02
-5.914270877838134766e-02
-3.636838197708129883e-01
3.366478826535512781e-03
-8.899551630020141602e-02
-4.953906834125518799e-01
-6.529114334227870131e-03
-1.070666313171386719e-01
-5.721066296100616455e-01
-1.459408191436750712e-02
-1.243786215782165527e-01
-6.436810195446014404e-01
-2.169369546169264140e-02
-1.232844591140747070e-02
-3.518934845924377441e-01
-1.008430228972656550e-02
-3.427791595458984375e-02
-4.613645076751708984e-01
-2.041328152114374461e-02
-4.758679866790771484e-02
-5.301717221736907959e-01
-2.366264735752565684e-02
-5.997872352600097656e-02
-6.003531813621520996e-01
-2.636277688139898601e-02
