0.000000000000000000e+00
0.000000000000000000e+00
0.000000000000000000e+00
-8.684086799621582031e-02
-2.467000484466552734e-02
-2.881055263114262743e-02
-1.609122157096862793e-01
-1.205647587776184082e-01
-3.899942276311207934e-02
-2.059252858161926270e-01
-2.180284857749938965e-01
-4.773413327765752001e-02
-2.445404529571533203e-01
-3.058791160583496094e-01
-5.469400001001645251e-02
-1.411446332931518555e-01
-3.310325145721435547e-01
4.404750174273885932e-04
-1.791213154792785645e-01
-4.580689072608947754e-01
-1.529450279903699084e-02
-2.030612826347351074e-01
-5.287797152996063232e-01
-3.334708449673939867e-02
-2.243167757987976074e-01
-5.978562235832214355e-01
-4.807580945325184985e-02
-9.775149822235107422e-02
-3.697777986526489258e-01
-3.076541081640016273e-03
-1.270799636840820312e-01
-5.161471962928771973e-01
-1.412541915905762835e-02
-1.444481015205383301e-01
-6.061413586139678955e-01
-2.983049054873276873e-02
-1.603127717971801758e-01
-6.858540773391723633e-01
-4.303644162845898791e-02
-5.412441492080688477e-02
-3.738857507705688477e-01
-1.317627758962203188e-02
-7.812464237213134766e-02
-5.108089148998260498e-01
-2.714306053948689623e-02
-9.390652179718017578e-02
-5.937652885913848877e-01
-3.859455821347523852e-02
-1.103404760360717773e-01
-6.718600988388061523e-01
-4.816777196955968066e-02
-7.341563701629638672e-03
-3.559664487838745117e-01
-2.719107580614377184e-02
-2.502155303955078125e-02
-4.737164974212646484e-01
-4.176899356079388781e-02
-3.599959611892700195e-02
-5.504625141620635986e-01
-4.805160996747304125e-02
-4.666912555694580078e-02
-6.281251311302185059e-01
-5.298295927477170153e-02
