0.000000000000000000e+00
0.000000000000000000e+00
0.000000000000000000e+00
-6.767916679382324219e-02
-1.035922765731811523e-01
-3.032804499193275660e-02
-1.049121618270874023e-01
-2.520360350608825684e-01
-4.286741311474884242e-02
-1.211096644401550293e-01
-3.788561820983886719e-01
-5.352753246947372645e-02
-1.367655396461486816e-01
-4.839154779911041260e-01
-6.305580432339752406e-02
-1.454913616180419922e-02
-4.075298309326171875e-01
-8.613591406486875712e-03
-8.284091949462890625e-03
-5.565737187862396240e-01
-2.594515527411545008e-02
-5.394399166107177734e-03
-6.455431878566741943e-01
-4.385068486257637232e-02
-4.079937934875488281e-04
-7.263096570968627930e-01
-5.851147915049637049e-02
3.819495439529418945e-02
-3.942520022392272949e-01
-1.224010190739477366e-02
6.480604410171508789e-02
-5.532963573932647705e-01
-2.517164530976856440e-02
8.306628465652465820e-02
-6.487842798233032227e-01
-4.113547722622001857e-02
9.867376089096069336e-02
-7.326344549655914307e-01
-5.452355588599289149e-02
8.068072795867919922e-02
-3.515702486038208008e-01
-2.189875799044216365e-02
1.073545217514038086e-01
-4.967356920242309570e-01
-3.905072654410446376e-02
1.229095458984375000e-01
-5.867600440979003906e-01
-5.296048740669334620e-02
1.358222961425781250e-01
-6.710866689682006836e-01
-6.400696779414261073e-02
1.188575625419616699e-01
-2.873141169548034668e-01
-3.499047304316604823e-02
1.513838768005371094e-01
-3.961983919143676758e-01
-5.215221862121666163e-02
1.736649274826049805e-01
-4.669020473957061768e-01
-5.995580027624214381e-02
1.945271492004394531e-01
-5.377252101898193359e-01
-6.593700344487274378e-02
