0.000000000000000000e+00
0.000000000000000000e+00
0.000000000000000000e+00
-7.843548059463500977e-02
-8.495754003524780273e-02
-2.559805167413742311e-02
-1.250615715980529785e-01
-2.220453023910522461e-01
-3.479093564249069459e-02
-1.405128836631774902e-01
-3.478451967239379883e-01
-4.341769842005760438e-02
-1.492866873741149902e-01
-4.535245895385742188e-01
-5.033919466234237916e-02
-6.466346979141235352e-02
-3.986930847167968750e-01
4.789954326724910061e-04
-6.358760595321655273e-02
-5.426076352596282959e-01
-1.757285063661129243e-02
-6.437814235687255859e-02
-6.291922330856323242e-01
-3.704123822546989686e-02
-6.390511989593505859e-02
-7.084064483642578125e-01
-5.217479792929680116e-02
-1.677256822586059570e-02
-4.064918756484985352e-01
-4.452584027717421122e-03
-1.422965526580810547e-02
-5.652762949466705322e-01
-1.788819273508579499e-02
-1.327252388000488281e-02
-6.646576523780822754e-01
-3.488485393620521791e-02
-1.367181539535522461e-02
-7.535178512334823608e-01
-4.852868122554809815e-02
2.682781219482421875e-02
-3.833658695220947266e-01
-1.540178032166750199e-02
3.327393531799316406e-02
-5.324218273162841797e-01
-3.077049059368164308e-02
3.560501337051391602e-02
-6.257479190826416016e-01
-4.214784381485969789e-02
3.449195623397827148e-02
-7.102409005165100098e-01
-5.107858283020050294e-02
6.996631622314453125e-02
-3.354416489601135254e-01
-3.001966764725239045e-02
8.180642127990722656e-02
-4.577735066413879395e-01
-4.459908110595733888e-02
8.845776319503784180e-02
-5.381038486957550049e-01
-5.010620383120567567e-02
9.264862537384033203e-02
-6.137673854827880859e-01
-5.395552021957428224e-02
