0.000000000000000000e+00
0.000000000000000000e+00
0.000000000000000000e+00
-7.231342792510986328e-02
-9.557247161865234375e-02
-1.716410640699450596e-02
-1.118008494377136230e-01
-2.375618815422058105e-01
-1.882850091976706608e-02
-1.261240243911743164e-01
-3.507155776023864746e-01
-2.121465738935057743e-02
-1.403235793113708496e-01
-4.352555274963378906e-01
-2.288311060590331181e-02
-2.788525819778442383e-02
-3.932330608367919922e-01
1.414152614700014965e-02
-1.593619585037231445e-02
-5.253276526927947998e-01
4.814523811660365027e-03
-6.961703300476074219e-03
-6.032015979290008545e-01
-9.551210255153819162e-03
2.409577369689941406e-03
-6.720778644084930420e-01
-2.178641866964881046e-02
2.036732435226440430e-02
-3.877080678939819336e-01
7.751604615918950003e-03
3.895270824432373047e-02
-5.363641977310180664e-01
2.217453978232697409e-03
5.128115415573120117e-02
-6.246669590473175049e-01
-1.052782025260512455e-02
6.138998270034790039e-02
-6.995563209056854248e-01
-2.175525847894732578e-02
6.188929080963134766e-02
-3.555911779403686523e-01
-4.325054512150927621e-03
8.246392011642456055e-02
-4.951927959918975830e-01
-1.390850536597554310e-02
9.293371438980102539e-02
-5.792705416679382324e-01
-2.384344201607291325e-02
1.005350351333618164e-01
-6.548580229282379150e-01
-3.243147667569701298e-02
1.014670133590698242e-01
-3.012025952339172363e-01
-1.944853078646247013e-02
1.254823803901672363e-01
-4.151819348335266113e-01
-3.021886285466734989e-02
1.395590305328369141e-01
-4.876582920551300049e-01
-3.491210650724951847e-02
1.517025232315063477e-01
-5.582053363323211670e-01
-3.884899329466406925e-02
