0.000000000000000000e+00
0.000000000000000000e+00
0.000000000000000000e+00
-6.603389978408813477e-02
-1.017097234725952148e-01
-3.169373558776555910e-02
-1.022062897682189941e-01
-2.502436041831970215e-01
-4.432445900457082644e-02
-1.168476939201354980e-01
-3.765915036201477051e-01
-5.476137014048276797e-02
-1.308107376098632812e-01
-4.831170737743377686e-01
-6.387825073616681948e-02
-1.308530569076538086e-02
-4.121259450912475586e-01
-1.031697211729465380e-02
-8.275151252746582031e-03
-5.613423883914947510e-01
-2.784159356670556917e-02
-4.479169845581054688e-03
-6.499387919902801514e-01
-4.560400681512533083e-02
1.864552497863769531e-03
-7.304816544055938721e-01
-6.019032137410817995e-02
4.076015949249267578e-02
-4.003487229347229004e-01
-1.386280400620876208e-02
6.627357006072998047e-02
-5.596625804901123047e-01
-2.675954015867887392e-02
8.406007289886474609e-02
-6.559504568576812744e-01
-4.234042154567418947e-02
9.895193576812744141e-02
-7.387520670890808105e-01
-5.544846268313108339e-02
8.414864540100097656e-02
-3.575391769409179688e-01
-2.358755791502176180e-02
1.112914681434631348e-01
-5.027688741683959961e-01
-4.103690521733938112e-02
1.262806057929992676e-01
-5.920978784561157227e-01
-5.394400047080694094e-02
1.382738351821899414e-01
-6.765225231647491455e-01
-6.424194337742505923e-02
1.220640540122985840e-01
-2.924141883850097656e-01
-3.693154590146718874e-02
1.530070304870605469e-01
-4.027230739593505859e-01
-5.461177365796743288e-02
1.742662787437438965e-01
-4.739201664924621582e-01
-6.187923015968976870e-02
1.940291523933410645e-01
-5.450501143932342529e-01
-6.733986498730359926e-02
