0.000000000000000000e+00
0.000000000000000000e+00
0.000000000000000000e+00
-6.953871250152587891e-02
-9.753096103668212891e-02
-3.076937868385698494e-02
-1.095296144485473633e-01
-2.457339763641357422e-01
-4.248350001066114601e-02
-1.274718642234802246e-01
-3.721529245376586914e-01
-5.243624634235288795e-02
-1.472650766372680664e-01
-4.754540622234344482e-01
-6.133743635504629310e-02
-2.521741390228271484e-02
-4.124588370323181152e-01
-7.630299582473298869e-03
-2.470988035202026367e-02
-5.613175034523010254e-01
-2.495575397401239570e-02
-2.408587932586669922e-02
-6.498473584651947021e-01
-4.312732330649282630e-02
-2.104920148849487305e-02
-7.310158312320709229e-01
-5.807191020934965309e-02
2.803450822830200195e-02
-4.050329327583312988e-01
-1.171622499018099006e-02
4.877144098281860352e-02
-5.664600729942321777e-01
-2.452582753389265235e-02
6.331855058670043945e-02
-6.648719310760498047e-01
-4.066122210710432228e-02
7.548320293426513672e-02
-7.487891167402267456e-01
-5.423851571171667274e-02
7.167905569076538086e-02
-3.656831979751586914e-01
-2.209205254106905159e-02
9.580188989639282227e-02
-5.132224261760711670e-01
-3.921877852766897377e-02
1.084789633750915527e-01
-6.041847765445709229e-01
-5.243552736132528480e-02
1.183741688728332520e-01
-6.889509409666061401e-01
-6.298178321807768043e-02
1.106063723564147949e-01
-3.037673234939575195e-01
-3.611168152778532203e-02
1.387140750885009766e-01
-4.180210828781127930e-01
-5.341189614622976478e-02
1.577380895614624023e-01
-4.928929805755615234e-01
-6.080814338415052589e-02
1.753479838371276855e-01
-5.669308602809906006e-01
-6.648836917369749244e-02
