0.000000000000000000e+00
0.000000000000000000e+00
0.000000000000000000e+00
-6.798595190048217773e-02
-1.007075905799865723e-01
-3.045136828339423118e-02
-1.052049994468688965e-01
-2.487900853157043457e-01
-4.254348550355757652e-02
-1.209571361541748047e-01
-3.738229870796203613e-01
-5.279841248309935509e-02
-1.387745738029479980e-01
-4.762394726276397705e-01
-6.203712124741400658e-02
-2.003765106201171875e-02
-4.107661843299865723e-01
-9.405260648492230757e-03
-1.728183031082153320e-02
-5.587449371814727783e-01
-2.728795793271387993e-02
-1.563262939453125000e-02
-6.475836932659149170e-01
-4.555931661641920982e-02
-1.195871829986572266e-02
-7.283882051706314087e-01
-6.039925266421164451e-02
3.311419486999511719e-02
-4.009712338447570801e-01
-1.332517780727471290e-02
5.692338943481445312e-02
-5.605242550373077393e-01
-2.662866909420813499e-02
7.254540920257568359e-02
-6.574554443359375000e-01
-4.277204323923911033e-02
8.520233631134033203e-02
-7.408499866724014282e-01
-5.617648709929312645e-02
7.662111520767211914e-02
-3.599863648414611816e-01
-2.326552916682089744e-02
1.015374660491943359e-01
-5.062817633152008057e-01
-4.083974633729781090e-02
1.142947673797607422e-01
-5.970869362354278564e-01
-5.435971890008772789e-02
1.241407990455627441e-01
-6.817201972007751465e-01
-6.495198209202612816e-02
1.153658032417297363e-01
-2.962125539779663086e-01
-3.669136364376868187e-02
1.454004645347595215e-01
-4.087861776351928711e-01
-5.428730298197592674e-02
1.651400327682495117e-01
-4.828849434852600098e-01
-6.181238565957869469e-02
1.832495331764221191e-01
-5.563157200813293457e-01
-6.742465842879141746e-02
