0.000000000000000000e+00
0.000000000000000000e+00
0.000000000000000000e+00
-6.846201419830322266e-02
-9.721016883850097656e-02
-3.179702808904494304e-02
-1.076743602752685547e-01
-2.436608076095581055e-01
-4.534083505916441936e-02
-1.267043948173522949e-01
-3.708592057228088379e-01
-5.650358920740927715e-02
-1.464653015136718750e-01
-4.730659425258636475e-01
-6.652031367468680401e-02
-2.183413505554199219e-02
-4.047170877456665039e-01
-1.121112325984086056e-02
-1.853847503662109375e-02
-5.534669160842895508e-01
-2.859309030520762462e-02
-1.677542924880981445e-02
-6.417749524116516113e-01
-4.628582944917525310e-02
-1.237326860427856445e-02
-7.215783149003982544e-01
-6.084476312446440716e-02
3.166258335113525391e-02
-3.946651816368103027e-01
-1.378849422383154888e-02
5.577826499938964844e-02
-5.532280206680297852e-01
-2.687218500125254650e-02
7.217812538146972656e-02
-6.476077437400817871e-01
-4.252313351082648296e-02
8.577936887741088867e-02
-7.299408018589019775e-01
-5.568345909762228985e-02
7.492899894714355469e-02
-3.543033599853515625e-01
-2.235680533397044201e-02
9.840410947799682617e-02
-5.001454353332519531e-01
-3.964377095746840496e-02
1.120914220809936523e-01
-5.906247198581695557e-01
-5.364782264280165691e-02
1.232135295867919922e-01
-6.752051115036010742e-01
-6.471290713000144024e-02
1.141842603683471680e-01
-2.921751141548156738e-01
-3.435722267079199810e-02
1.436012387275695801e-01
-4.048941135406494141e-01
-5.172057350921477337e-02
1.632546782493591309e-01
-4.785729348659515381e-01
-5.993397807526434917e-02
1.812509894371032715e-01
-5.521686077117919922e-01
-6.620193546461905498e-02
