0.000000000000000000e+00
0.000000000000000000e+00
0.000000000000000000e+00
-8.394533395767211914e-02
-5.664962530136108398e-02
-2.999227760889766614e-02
-1.479045748710632324e-01
-1.786974668502807617e-01
-4.168549074390170972e-02
-1.877570748329162598e-01
-2.874656319618225098e-01
-5.180227278330562513e-02
-2.225091755390167236e-01
-3.770156502723693848e-01
-6.047451017954585950e-02
-9.517449140548706055e-02
-3.774497509002685547e-01
-6.052167495425919697e-03
-1.191082000732421875e-01
-5.198543667793273926e-01
-2.262087433197734754e-02
-1.326554417610168457e-01
-6.033026278018951416e-01
-3.990102453687427442e-02
-1.423302292823791504e-01
-6.818721145391464233e-01
-5.412991239288089673e-02
-4.506599903106689453e-02
-3.965339660644531250e-01
-9.874394969727973148e-03
-5.469340085983276367e-02
-5.583440959453582764e-01
-2.183841808297870557e-02
-5.802071094512939453e-02
-6.559505164623260498e-01
-3.692369057395694654e-02
-6.118196249008178711e-02
-7.415605038404464722e-01
-4.965252323606250684e-02
2.390563488006591797e-03
-3.816566467285156250e-01
-1.995705521264312665e-02
-2.208769321441650391e-03
-5.306666195392608643e-01
-3.581491752126453321e-02
-5.382299423217773438e-03
-6.206770241260528564e-01
-4.748305200197933118e-02
-1.038819551467895508e-02
-7.044611424207687378e-01
-5.697440250375507276e-02
4.955261945724487305e-02
-3.444654345512390137e-01
-3.371810062387226026e-02
5.454403162002563477e-02
-4.657830893993377686e-01
-4.950078098633525769e-02
5.896705389022827148e-02
-5.452092587947845459e-01
-5.578403441765544812e-02
6.270313262939453125e-02
-6.235697269439697266e-01
-6.072793795325992505e-02
