0.000000000000000000e+00
0.000000000000000000e+00
0.000000000000000000e+00
-7.557535171508789062e-02
-8.289349079132080078e-02
-3.110090782018914979e-02
-1.247163414955139160e-01
-2.244310975074768066e-01
-4.296509129079595368e-02
-1.502175331115722656e-01
-3.468512296676635742e-01
-5.303090390833631318e-02
-1.732800602912902832e-01
-4.497265219688415527e-01
-6.179884773763433259e-02
-5.121606588363647461e-02
-4.060795307159423828e-01
-8.465332436287553719e-03
-5.930775403976440430e-02
-5.536202788352966309e-01
-2.616822672160878938e-02
-6.284844875335693359e-02
-6.403478384017944336e-01
-4.424057480963483613e-02
-6.306922435760498047e-02
-7.212794572114944458e-01
-5.899356258186116975e-02
1.356720924377441406e-03
-4.065309762954711914e-01
-1.234577548774495881e-02
1.111197471618652344e-02
-5.687661767005920410e-01
-2.554730464788690369e-02
1.940459012985229492e-02
-6.676518917083740234e-01
-4.145802137526288789e-02
2.691769599914550781e-02
-7.536076903343200684e-01
-5.473348823460355561e-02
4.716062545776367188e-02
-3.737936019897460938e-01
-2.256775786253228944e-02
6.070774793624877930e-02
-5.226496458053588867e-01
-3.995385718616262238e-02
6.779628992080688477e-02
-6.138266921043395996e-01
-5.245895636352315705e-02
7.307028770446777344e-02
-6.997964829206466675e-01
-6.233477545055166047e-02
8.978426456451416016e-02
-3.183872103691101074e-01
-3.646891144188657563e-02
1.095388531684875488e-01
-4.378607571125030518e-01
-5.373012972148671906e-02
1.231666803359985352e-01
-5.154018700122833252e-01
-6.054993671449437898e-02
1.356080174446105957e-01
-5.925219655036926270e-01
-6.571929109367147248e-02
