0.000000000000000000e+00
0.000000000000000000e+00
0.000000000000000000e+00
-7.016760110855102539e-02
-9.742957353591918945e-02
-3.080843385583875715e-02
-1.101404428482055664e-01
-2.448356151580810547e-01
-4.301105808741567671e-02
-1.278335452079772949e-01
-3.704944252967834473e-01
-5.340275910026548445e-02
-1.469857096672058105e-01
-4.741957187652587891e-01
-6.268940862543104231e-02
-2.592527866363525391e-02
-4.123002886772155762e-01
-8.140050771601181623e-03
-2.503103017807006836e-02
-5.616387128829956055e-01
-2.520249780542371809e-02
-2.399939298629760742e-02
-6.499419808387756348e-01
-4.318927970058439314e-02
-2.060800790786743164e-02
-7.310970276594161987e-01
-5.805423479802129805e-02
2.750301361083984375e-02
-4.036417007446289062e-01
-1.228872403777359068e-02
4.916626214981079102e-02
-5.652278959751129150e-01
-2.492073919898984968e-02
6.372767686843872070e-02
-6.634679436683654785e-01
-4.112496596104620039e-02
7.557588815689086914e-02
-7.477225959300994873e-01
-5.485993247754095137e-02
7.106053829193115234e-02
-3.634971976280212402e-01
-2.264743853635309279e-02
9.411180019378662109e-02
-5.111230611801147461e-01
-3.962534290081975996e-02
1.061760783195495605e-01
-6.022717654705047607e-01
-5.322024595267293989e-02
1.159958243370056152e-01
-6.873676627874374390e-01
-6.420321014053342878e-02
1.100630760192871094e-01
-3.011907339096069336e-01
-3.661220517284391462e-02
1.383889913558959961e-01
-4.156529903411865234e-01
-5.377830188996313154e-02
1.581369042396545410e-01
-4.894775450229644775e-01
-6.135044243461607039e-02
1.769520044326782227e-01
-5.627102553844451904e-01
-6.731049713022230208e-02
