0.000000000000000000e+00
0.000000000000000000e+00
0.000000000000000000e+00
-7.682001590728759766e-02
-8.384615182876586914e-02
-2.424840188919574757e-02
-1.198629140853881836e-01
-2.295813560485839844e-01
-3.019729188977748890e-02
-1.314730048179626465e-01
-3.573979735374450684e-01
-3.557678989469081898e-02
-1.427894234657287598e-01
-4.640266895294189453e-01
-3.964252702294857045e-02
-6.059473752975463867e-02
-4.025983214378356934e-01
2.684297483796171946e-03
-6.445264816284179688e-02
-5.470463633537292480e-01
-1.286815877406866093e-02
-6.506991386413574219e-02
-6.333396732807159424e-01
-3.009429506360561390e-02
-6.367903947830200195e-02
-7.132559567689895630e-01
-4.379416562019855519e-02
-1.255398988723754883e-02
-4.089975357055664062e-01
-2.088437344497151571e-03
-1.022475957870483398e-02
-5.665525794029235840e-01
-1.278687573372394581e-02
-5.478084087371826172e-03
-6.624858081340789795e-01
-2.755834839641124745e-02
-1.245021820068359375e-03
-7.462893128395080566e-01
-3.957333720623523732e-02
3.221714496612548828e-02
-3.857410550117492676e-01
-1.280159156172544499e-02
3.638923168182373047e-02
-5.328194200992584229e-01
-2.637454985975296040e-02
3.932839632034301758e-02
-6.233442723751068115e-01
-3.524146533905536671e-02
4.000318050384521484e-02
-7.071526050567626953e-01
-4.248903996645481129e-02
7.730567455291748047e-02
-3.396443128585815430e-01
-2.715332924722702046e-02
8.642750978469848633e-02
-4.621609151363372803e-01
-3.977201438843280812e-02
9.248262643814086914e-02
-5.381793677806854248e-01
-4.263513095079929371e-02
9.652435779571533203e-02
-6.095041036605834961e-01
-4.478437385856182118e-02
