0.000000000000000000e+00
0.000000000000000000e+00
0.000000000000000000e+00
-8.426523208618164062e-02
-5.034512281417846680e-02
-2.998262960269926225e-02
-1.508111357688903809e-01
-1.647562384605407715e-01
-4.160436559274671708e-02
-1.936665177345275879e-01
-2.695147395133972168e-01
-5.176483411148069536e-02
-2.284409105777740479e-01
-3.596919178962707520e-01
-6.030233520820615922e-02
-9.987282752990722656e-02
-3.680622577667236328e-01
-2.182256568147522557e-03
-1.246120333671569824e-01
-5.061430037021636963e-01
-1.779890004351614152e-02
-1.407278776168823242e-01
-5.866797864437103271e-01
-3.527155834987638627e-02
-1.540566682815551758e-01
-6.629727780818939209e-01
-4.983992073491094743e-02
-5.205327272415161133e-02
-3.894911408424377441e-01
-5.258303506224137891e-03
-6.297087669372558594e-02
-5.466238558292388916e-01
-1.658989246740816270e-02
-6.858921051025390625e-02
-6.418722569942474365e-01
-3.183738086178777849e-02
-7.438415288925170898e-02
-7.254469096660614014e-01
-4.475902337387083207e-02
-6.589949131011962891e-03
-3.781560063362121582e-01
-1.492884512796877061e-02
-1.509374380111694336e-02
-5.211272537708282471e-01
-3.003533873513219987e-02
-2.125775814056396484e-02
-6.114510893821716309e-01
-4.303852040126798784e-02
-2.878713607788085938e-02
-6.957456618547439575e-01
-5.356093067481992875e-02
3.999155759811401367e-02
-3.447404503822326660e-01
-2.838979977920530473e-02
4.102349281311035156e-02
-4.647675156593322754e-01
-4.383332971289632951e-02
4.220420122146606445e-02
-5.439983606338500977e-01
-5.163520518496511613e-02
4.290437698364257812e-02
-6.228085458278656006e-01
-5.783391315296171342e-02
