0.000000000000000000e+00
0.000000000000000000e+00
0.000000000000000000e+00
-7.317209243774414062e-02
-9.040361642837524414e-02
-3.058009958041907339e-02
-1.196143031120300293e-01
-2.307617068290710449e-01
-4.372937036825419455e-02
-1.454780697822570801e-01
-3.530818223953247070e-01
-5.509241102410555868e-02
-1.693691015243530273e-01
-4.524804055690765381e-01
-6.507557807637454061e-02
-3.962326049804687500e-02
-4.047759175300598145e-01
-7.285837923717508602e-03
-4.298627376556396484e-02
-5.534326732158660889e-01
-2.407214222623110800e-02
-4.565697908401489258e-02
-6.409423947334289551e-01
-4.185084058119059591e-02
-4.590463638305664062e-02
-7.207935154438018799e-01
-5.647751866055727987e-02
1.233994960784912109e-02
-4.012861847877502441e-01
-1.116043506337405233e-02
2.804189920425415039e-02
-5.633681416511535645e-01
-2.366970656586886435e-02
3.947609663009643555e-02
-6.610746085643768311e-01
-3.936236528826952963e-02
4.896080493927001953e-02
-7.453315258026123047e-01
-5.250797597838641195e-02
5.626153945922851562e-02
-3.664809465408325195e-01
-2.126791319025755911e-02
7.323503494262695312e-02
-5.166958570480346680e-01
-3.801272614074946432e-02
8.273369073867797852e-02
-6.089742779731750488e-01
-5.147098181916476278e-02
9.009194374084472656e-02
-6.947698444128036499e-01
-6.218855632616282492e-02
9.719222784042358398e-02
-3.098170161247253418e-01
-3.492675153685809164e-02
1.214165687561035156e-01
-4.273283481597900391e-01
-5.166918588949442892e-02
1.376789212226867676e-01
-5.048452615737915039e-01
-5.926724700404406576e-02
1.528045535087585449e-01
-5.815706551074981689e-01
-6.515064267588854818e-02
