0.000000000000000000e+00
0.000000000000000000e+00
0.000000000000000000e+00
-8.776921033859252930e-02
-4.529780149459838867e-02
-2.686106066113325141e-02
-1.494968533515930176e-01
-1.605141162872314453e-01
-3.442889849549146675e-02
-1.802518367767333984e-01
-2.774956226348876953e-01
-4.106768618231626533e-02
-2.044941186904907227e-01
-3.784801363945007324e-01
-4.546152080303045295e-02
-1.161125302314758301e-01
-3.621297478675842285e-01
9.724749001804866566e-03
-1.378268003463745117e-01
-4.987047612667083740e-01
-4.439110186751804576e-03
-1.502693295478820801e-01
-5.803267657756805420e-01
-2.262606869345518135e-02
-1.610589623451232910e-01
-6.576176881790161133e-01
-3.758274416333051704e-02
-7.150024175643920898e-02
-3.897011280059814453e-01
6.691680505070962681e-03
-9.203326702117919922e-02
-5.394710898399353027e-01
-3.126529994290194736e-03
-1.030684709548950195e-01
-6.319330632686614990e-01
-1.918253886407228492e-02
-1.136376857757568359e-01
-7.158003747463226318e-01
-3.255680973535390876e-02
-2.914720773696899414e-02
-3.848531842231750488e-01
-3.138089570086322055e-03
-4.546135663986206055e-02
-5.255232751369476318e-01
-1.584960731571527504e-02
-5.537313222885131836e-02
-6.106873452663421631e-01
-2.594451445048662208e-02
-6.612884998321533203e-02
-6.905657649040222168e-01
-3.455511878138395332e-02
1.742577552795410156e-02
-3.579521179199218750e-01
-1.700243378883214973e-02
7.812678813934326172e-03
-4.745960831642150879e-01
-2.984070430403562568e-02
2.196371555328369141e-03
-5.492414534091949463e-01
-3.461839656239362739e-02
-3.307282924652099609e-03
-6.242806315422058105e-01
-3.845050956016393684e-02
