0.000000000000000000e+00
0.000000000000000000e+00
0.000000000000000000e+00
-8.711886405944824219e-02
-4.475891590118408203e-02
-2.480951211384763155e-02
-1.495884060859680176e-01
-1.602789163589477539e-01
-3.401102757982243929e-02
-1.784859895706176758e-01
-2.764397859573364258e-01
-4.268835372261037264e-02
-2.023815512657165527e-01
-3.765260577201843262e-01
-5.007300413183202181e-02
-1.185958981513977051e-01
-3.577209711074829102e-01
-9.416939361699405708e-04
-1.404273509979248047e-01
-4.945728480815887451e-01
-1.941112129918565188e-02
-1.562179327011108398e-01
-5.772722065448760986e-01
-3.919902331165303622e-02
-1.708316802978515625e-01
-6.516194343566894531e-01
-5.446432418159474764e-02
-7.354140281677246094e-02
-3.860391974449157715e-01
-6.268235193260807137e-03
-9.474754333496093750e-02
-5.380615293979644775e-01
-1.991082801453103457e-02
-1.106150150299072266e-01
-6.310067176818847656e-01
-3.677153474620808993e-02
-1.269996166229248047e-01
-7.129565179347991943e-01
-5.023149660758008395e-02
-2.887839078903198242e-02
-3.832266330718994141e-01
-1.730479187301625643e-02
-4.853874444961547852e-02
-5.259073972702026367e-01
-3.191600999764432345e-02
-6.304877996444702148e-02
-6.132392287254333496e-01
-4.205672330192555819e-02
-7.923203706741333008e-02
-6.920263171195983887e-01
-5.040675288967122469e-02
1.870071887969970703e-02
-3.567020297050476074e-01
-3.202088064483632479e-02
8.780002593994140625e-03
-4.781626462936401367e-01
-4.580602309636105929e-02
3.672838211059570312e-04
-5.567626655101776123e-01
-5.031031257442464266e-02
-1.004612445831298828e-02
-6.303081512451171875e-01
-5.356791130236615572e-02
