0.000000000000000000e+00
0.000000000000000000e+00
0.000000000000000000e+00
-8.812934160232543945e-02
-4.921019077301025391e-03
-2.724695438439539430e-02
-1.701447963714599609e-01
-8.406198024749755859e-02
-3.835456864828756807e-02
-2.242181897163391113e-01
-1.637880206108093262e-01
-4.858298273677519319e-02
-2.729203402996063232e-01
-2.238541841506958008e-01
-5.766311334366491792e-02
-1.548893451690673828e-01
-3.057449460029602051e-01
-6.740576586821589444e-03
-1.993107795715332031e-01
-4.296665787696838379e-01
-2.416170807475737092e-02
-2.274503111839294434e-01
-5.003817677497863770e-01
-4.195780726070097444e-02
-2.526450455188751221e-01
-5.647100210189819336e-01
-5.607682140464476106e-02
-1.124763488769531250e-01
-3.498007655143737793e-01
-1.203299732799223420e-02
-1.512439250946044922e-01
-4.977611899375915527e-01
-2.548504667277029512e-02
-1.754273772239685059e-01
-5.888873040676116943e-01
-4.059835197324446199e-02
-1.972359120845794678e-01
-6.657694876194000244e-01
-5.283606843943289277e-02
-6.670957803726196289e-02
-3.612806797027587891e-01
-2.314033592040232179e-02
-1.003205776214599609e-01
-5.017732083797454834e-01
-3.903458313936880586e-02
-1.212221980094909668e-01
-5.824091136455535889e-01
-4.917057650084188936e-02
-1.423345804214477539e-01
-6.537516713142395020e-01
-5.725027667278936860e-02
-1.687037944793701172e-02
-3.503608703613281250e-01
-3.787462832326582429e-02
-3.609985113143920898e-02
-4.690029323101043701e-01
-5.294936941857031343e-02
-4.993420839309692383e-02
-5.458467900753021240e-01
-5.809813411826780793e-02
-6.440138816833496094e-02
-6.192772090435028076e-01
-6.198466615671804902e-02
