0.000000000000000000e+00
0.000000000000000000e+00
0.000000000000000000e+00
-6.639218330383300781e-02
-1.045040488243103027e-01
-3.224411162742057968e-02
-1.013000011444091797e-01
-2.533726096153259277e-01
-4.570426347859779526e-02
-1.147770881652832031e-01
-3.791618347167968750e-01
-5.688135999449173141e-02
-1.278718113899230957e-01
-4.849842190742492676e-01
-6.686381551631370712e-02
-9.220778942108154297e-03
-4.098563194274902344e-01
-1.266472342618385483e-02
-1.683294773101806641e-03
-5.601665675640106201e-01
-3.103629241891781021e-02
3.330171108245849609e-03
-6.494615972042083740e-01
-4.920877072223106552e-02
1.081430912017822266e-02
-7.306728959083557129e-01
-6.401465389140525986e-02
4.435336589813232422e-02
-3.949351310729980469e-01
-1.622038449355045486e-02
7.277089357376098633e-02
-5.545767247676849365e-01
-2.988601404436508346e-02
9.211570024490356445e-02
-6.511569023132324219e-01
-4.584882336862960983e-02
1.088547110557556152e-01
-7.344061881303787231e-01
-5.921044501670280624e-02
8.694750070571899414e-02
-3.491019606590270996e-01
-2.586888450392166305e-02
1.172320842742919922e-01
-4.935410320758819580e-01
-4.381098154195228744e-02
1.340218782424926758e-01
-5.833902060985565186e-01
-5.709816816457191635e-02
1.484005451202392578e-01
-6.678681671619415283e-01
-6.763819906123558212e-02
1.241966485977172852e-01
-2.810606956481933594e-01
-3.912584039576927353e-02
1.574256420135498047e-01
-3.900178074836730957e-01
-5.718812274940887619e-02
1.799074411392211914e-01
-4.616755545139312744e-01
-6.470570269235054184e-02
2.013328671455383301e-01
-5.334046483039855957e-01
-7.033468338855186630e-02
