0.000000000000000000e+00
0.000000000000000000e+00
0.000000000000000000e+00
-8.944112062454223633e-02
-2.808970212936401367e-02
-2.729419415891243261e-02
-1.569073200225830078e-01
-1.314703822135925293e-01
-3.645707836449219030e-02
-1.952061951160430908e-01
-2.413285374641418457e-01
-4.470434954464508337e-02
-2.257294952869415283e-01
-3.389014005661010742e-01
-5.119738152325226110e-02
-1.361730098724365234e-01
-3.345235586166381836e-01
3.535905554144846974e-03
-1.672409176826477051e-01
-4.679254293441772461e-01
-1.242562459856344503e-02
-1.876518130302429199e-01
-5.474969446659088135e-01
-3.098648956120086950e-02
-2.056757807731628418e-01
-6.210749149322509766e-01
-4.582909291684700293e-02
-9.301501512527465820e-02
-3.708677887916564941e-01
-1.246936521965835709e-04
-1.247940659523010254e-01
-5.182320773601531982e-01
-1.076799241900516790e-02
-1.450442075729370117e-01
-6.069637238979339600e-01
-2.617599798441005987e-02
-1.640639305114746094e-01
-6.844899356365203857e-01
-3.911722993552757544e-02
-4.919755458831787109e-02
-3.752027153968811035e-01
-1.025940647423340124e-02
-7.674413919448852539e-02
-5.122253298759460449e-01
-2.233631519675327581e-02
-9.625720977783203125e-02
-5.954443514347076416e-01
-3.160541301667763037e-02
-1.163146495819091797e-01
-6.716028153896331787e-01
-4.020983895361496252e-02
-6.476044654846191406e-04
-3.580617308616638184e-01
-2.458537539541794104e-02
-1.907098293304443359e-02
-4.721304178237915039e-01
-3.658078407943321508e-02
-3.197497129440307617e-02
-5.446724295616149902e-01
-4.066610878408027929e-02
-4.601460695266723633e-02
-6.156144738197326660e-01
-4.430008849203659338e-02
