0.000000000000000000e+00
0.000000000000000000e+00
0.000000000000000000e+00
-8.509027957916259766e-02
-2.106899023056030273e-02
-2.718436585806216499e-02
-1.606922745704650879e-01
-1.136793494224548340e-01
-3.882793949983920356e-02
-2.103602290153503418e-01
-1.997484564781188965e-01
-4.943324493311251899e-02
-2.547553479671478271e-01
-2.675983309745788574e-01
-5.901556329868640205e-02
-1.310734152793884277e-01
-3.429279327392578125e-01
-5.459222086443560329e-03
-1.628191471099853516e-01
-4.791627526283264160e-01
-2.179832065544928810e-02
-1.819385588169097900e-01
-5.591827630996704102e-01
-3.954700620911921760e-02
-1.984008848667144775e-01
-6.318885087966918945e-01
-5.410219969294871589e-02
-8.615922927856445312e-02
-3.754120469093322754e-01
-1.045279445193614265e-02
-1.121076345443725586e-01
-5.279699862003326416e-01
-2.270195687256659767e-02
-1.260145306587219238e-01
-6.220552325248718262e-01
-3.798271210931147834e-02
-1.383956670761108398e-01
-7.018025666475296021e-01
-5.094047876141871711e-02
-4.107266664505004883e-02
-3.768912553787231445e-01
-2.141890728913153907e-02
-6.295102834701538086e-02
-5.178895890712738037e-01
-3.594599904559458992e-02
-7.753747701644897461e-02
-6.058419048786163330e-01
-4.804729910634364387e-02
-9.248995780944824219e-02
-6.860856413841247559e-01
-5.840749906442965766e-02
6.626427173614501953e-03
-3.570656180381774902e-01
-3.606216104768122932e-02
-3.868460655212402344e-03
-4.766105115413665771e-01
-5.067701505564059516e-02
-1.099866628646850586e-02
-5.546505451202392578e-01
-5.782576518200244209e-02
-1.908075809478759766e-02
-6.306290030479431152e-01
-6.375632675431575080e-02
