0.000000000000000000e+00
0.000000000000000000e+00
0.000000000000000000e+00
-8.029794692993164062e-02
-4.085642099380493164e-02
-2.784946327173543068e-02
-1.428161859512329102e-01
-1.468368768692016602e-01
-3.840687823557686897e-02
-1.825259327888488770e-01
-2.455368041992187500e-01
-4.728210297488999458e-02
-2.172236144542694092e-01
-3.227044343948364258e-01
-5.497323301696610542e-02
-9.340882301330566406e-02
-3.515929579734802246e-01
-4.660434546707392656e-03
-1.099583506584167480e-01
-4.866379499435424805e-01
-1.920826871955227944e-02
-1.190374493598937988e-01
-5.673162043094635010e-01
-3.554465574288201424e-02
-1.255188584327697754e-01
-6.405699551105499268e-01
-4.894909960293603035e-02
-4.670578241348266602e-02
-3.722166419029235840e-01
-7.416110011575938188e-03
-5.788969993591308594e-02
-5.239663422107696533e-01
-1.793399405741524788e-02
-6.273615360260009766e-02
-6.157345175743103027e-01
-3.180198323988747688e-02
-6.705838441848754883e-02
-6.932118833065032959e-01
-4.351822239422631355e-02
-2.320826053619384766e-03
-3.633030056953430176e-01
-1.603926484548878761e-02
-9.343922138214111328e-03
-5.048735141754150391e-01
-2.995328371488881203e-02
-1.555812358856201172e-02
-5.913187563419342041e-01
-4.171853837632966133e-02
-2.307599782943725586e-02
-6.697443723678588867e-01
-5.122975585126710030e-02
4.337280988693237305e-02
-3.340480327606201172e-01
-2.813555811607670876e-02
4.560416936874389648e-02
-4.522222578525543213e-01
-4.281514463090729805e-02
4.593974351882934570e-02
-5.292975008487701416e-01
-5.016997781658005806e-02
4.509389400482177734e-02
-6.047021746635437012e-01
-5.571807873511147591e-02
