0.000000000000000000e+00
0.000000000000000000e+00
0.000000000000000000e+00
-8.706021308898925781e-02
-8.600473403930664062e-03
-2.598946915759370313e-02
-1.680511236190795898e-01
-9.648728370666503906e-02
-3.645163403643891797e-02
-2.218725681304931641e-01
-1.804630160331726074e-01
-4.633713887824342237e-02
-2.707386612892150879e-01
-2.370631098747253418e-01
-5.562057720317170606e-02
-1.465759277343750000e-01
-3.167611360549926758e-01
-4.053550789194559911e-03
-1.863371431827545166e-01
-4.422330260276794434e-01
-2.146790364577100263e-02
-2.094649076461791992e-01
-5.190986990928649902e-01
-3.990656884207055555e-02
-2.286096811294555664e-01
-5.911295711994171143e-01
-5.484165252937600599e-02
-1.040605902671813965e-01
-3.592006564140319824e-01
-1.033931227220818982e-02
-1.388186216354370117e-01
-5.095645487308502197e-01
-2.352152952744290815e-02
-1.596923470497131348e-01
-6.038010120391845703e-01
-3.919424490823075757e-02
-1.776500642299652100e-01
-6.839397251605987549e-01
-5.231881143345162855e-02
-5.971235036849975586e-02
-3.685537576675415039e-01
-2.257768625213429914e-02
-8.995252847671508789e-02
-5.092949569225311279e-01
-3.800815345539376722e-02
-1.102403402328491211e-01
-5.947392582893371582e-01
-4.968218507065103040e-02
-1.297354698181152344e-01
-6.705233454704284668e-01
-5.955197663797662244e-02
-1.150596141815185547e-02
-3.551819324493408203e-01
-3.845211120142266736e-02
-2.863103151321411133e-02
-4.746614694595336914e-01
-5.329643936647698865e-02
-4.084372520446777344e-02
-5.527540743350982666e-01
-5.989180879487321363e-02
-5.411553382873535156e-02
-6.270716488361358643e-01
-6.552745031012818799e-02
