0.000000000000000000e+00
0.000000000000000000e+00
0.000000000000000000e+00
-8.243888616561889648e-02
-5.770146846771240234e-02
-3.065692524120322560e-02
-1.464962959289550781e-01
-1.747345924377441406e-01
-4.335492367550841664e-02
-1.883135437965393066e-01
-2.803205251693725586e-01
-5.455297122404090260e-02
-2.229025959968566895e-01
-3.721039295196533203e-01
-6.428233052298537586e-02
-9.233975410461425781e-02
-3.766216635704040527e-01
-3.576427536756909831e-03
-1.153538823127746582e-01
-5.150169134140014648e-01
-1.996066312000266407e-02
-1.299311518669128418e-01
-5.959329903125762939e-01
-3.791019583746901844e-02
-1.413809657096862793e-01
-6.731038987636566162e-01
-5.278646836683265064e-02
-4.346615076065063477e-02
-3.955920934677124023e-01
-6.956029987634337886e-03
-5.128210783004760742e-02
-5.529157519340515137e-01
-1.897270309433451985e-02
-5.540513992309570312e-02
-6.485191583633422852e-01
-3.479858006045333241e-02
-6.032139062881469727e-02
-7.331715971231460571e-01
-4.820798973247519825e-02
2.123415470123291016e-03
-3.817519545555114746e-01
-1.697362663850299214e-02
-3.612637519836425781e-03
-5.255791246891021729e-01
-3.266845161721221302e-02
-8.465051651000976562e-03
-6.158233880996704102e-01
-4.604224378869048451e-02
-1.516139507293701172e-02
-7.001335769891738892e-01
-5.684777985021582936e-02
4.754430055618286133e-02
-3.457300662994384766e-01
-3.080645094320288990e-02
5.030375719070434570e-02
-4.665371775627136230e-01
-4.669587577387801502e-02
5.295723676681518555e-02
-5.465818643569946289e-01
-5.471473822996131275e-02
5.490839481353759766e-02
-6.258899271488189697e-01
-6.110628585025779103e-02
