0.000000000000000000e+00
0.000000000000000000e+00
0.000000000000000000e+00
-8.751988410949707031e-02
-3.559499979019165039e-02
-2.502104974971075535e-02
-1.523579955101013184e-01
-1.440522074699401855e-01
-3.301576859936972141e-02
-1.855697631835937500e-01
-2.556226849555969238e-01
-4.053172431574125767e-02
-2.136562764644622803e-01
-3.518477082252502441e-01
-4.661385677442808628e-02
-1.270474195480346680e-01
-3.449397087097167969e-01
3.894392078137798308e-03
-1.544064283370971680e-01
-4.755564332008361816e-01
-1.268015298680325031e-02
-1.714341044425964355e-01
-5.564219355583190918e-01
-3.163856975422163487e-02
-1.858223080635070801e-01
-6.311193108558654785e-01
-4.652575365886946201e-02
-8.325338363647460938e-02
-3.788221478462219238e-01
-9.913170678998994845e-04
-1.109032630920410156e-01
-5.280962586402893066e-01
-1.233167722509165287e-02
-1.290259361267089844e-01
-6.206793189048767090e-01
-2.835818156287928105e-02
-1.456439495086669922e-01
-7.013875544071197510e-01
-4.146810210929174900e-02
-3.905636072158813477e-02
-3.794707059860229492e-01
-1.204686015532274723e-02
-6.318515539169311523e-02
-5.165907442569732666e-01
-2.519483826742430210e-02
-7.991498708724975586e-02
-6.003536283969879150e-01
-3.519710115776319981e-02
-9.729802608489990234e-02
-6.759613156318664551e-01
-4.372063614115972996e-02
8.989870548248291016e-03
-3.565587401390075684e-01
-2.697097472534437657e-02
-5.669832229614257812e-03
-4.721477627754211426e-01
-3.975511677251120091e-02
-1.712173223495483398e-02
-5.459130108356475830e-01
-4.413472823486586094e-02
-3.012531995773315430e-02
-6.165129840373992920e-01
-4.761338941440840244e-02
