0.000000000000000000e+00
0.000000000000000000e+00
0.000000000000000000e+00
-6.703317165374755859e-02
-1.024186611175537109e-01
-3.040606514306887220e-02
-1.034367680549621582e-01
-2.483760714530944824e-01
-4.333931752236708235e-02
-1.198041439056396484e-01
-3.733901381492614746e-01
-5.419422113092764448e-02
-1.362219452857971191e-01
-4.764750897884368896e-01
-6.401339717896803450e-02
-1.481193304061889648e-02
-4.059340357780456543e-01
-1.049829167070015501e-02
-9.350001811981201172e-03
-5.552291870117187500e-01
-2.806965806277617048e-02
-6.462514400482177734e-03
-6.437515318393707275e-01
-4.583699800761564802e-02
-1.175463199615478516e-03
-7.233673632144927979e-01
-6.027785860689505171e-02
3.834098577499389648e-02
-3.935861587524414062e-01
-1.395512823702915739e-02
6.405448913574218750e-02
-5.530485510826110840e-01
-2.706001125963553022e-02
8.139854669570922852e-02
-6.476799249649047852e-01
-4.287748583348616194e-02
9.570527076721191406e-02
-7.296019643545150757e-01
-5.606458135636671614e-02
8.152335882186889648e-02
-3.517177700996398926e-01
-2.325864122005327772e-02
1.080114841461181641e-01
-4.967076182365417480e-01
-4.043356873782499861e-02
1.226402521133422852e-01
-5.866466760635375977e-01
-5.405866899283751081e-02
1.341524720191955566e-01
-6.702083647251129150e-01
-6.479612537415846418e-02
1.201735734939575195e-01
-2.884341478347778320e-01
-3.592702918442114424e-02
1.517866253852844238e-01
-3.998843431472778320e-01
-5.303890430124624800e-02
1.730989217758178711e-01
-4.723750948905944824e-01
-6.069714748056753706e-02
1.927350163459777832e-01
-5.444582700729370117e-01
-6.644835122617109846e-02
