0.000000000000000000e+00
0.000000000000000000e+00
0.000000000000000000e+00
-8.259606361389160156e-02
-7.304525375366210938e-02
-2.920092083766689939e-02
-1.321184039115905762e-01
-2.069899439811706543e-01
-3.796559758737316770e-02
-1.489843130111694336e-01
-3.362772464752197266e-01
-4.537313245489826841e-02
-1.607433557510375977e-01
-4.464158415794372559e-01
-5.035803281023731870e-02
-7.807117700576782227e-02
-3.962333202362060547e-01
6.748239041570514019e-03
-8.050042390823364258e-02
-5.378468632698059082e-01
-8.747912014570147221e-03
-7.864183187484741211e-02
-6.209689974784851074e-01
-2.769326046362152738e-02
-7.498884201049804688e-02
-6.995451748371124268e-01
-4.342585616066685361e-02
-3.001344203948974609e-02
-4.105083942413330078e-01
3.916553219113438900e-03
-2.910071611404418945e-02
-5.661966502666473389e-01
-7.389901674088150685e-03
-2.439552545547485352e-02
-6.602498292922973633e-01
-2.450626530006161374e-02
-2.028292417526245117e-02
-7.456795573234558105e-01
-3.885429166510334653e-02
1.184415817260742188e-02
-3.910952806472778320e-01
-5.934481977220684712e-03
1.573419570922851562e-02
-5.354301035404205322e-01
-2.070581540718308133e-02
1.998114585876464844e-02
-6.230066120624542236e-01
-3.268966265275707883e-02
2.260029315948486328e-02
-7.058174014091491699e-01
-4.264583997681370420e-02
5.560642480850219727e-02
-3.459768891334533691e-01
-1.983856223776570005e-02
6.065559387207031250e-02
-4.645110070705413818e-01
-3.461786546066036863e-02
6.507867574691772461e-02
-5.386687517166137695e-01
-4.097529687240353269e-02
6.973791122436523438e-02
-6.116628646850585938e-01
-4.606590979054203672e-02
