0.000000000000000000e+00
0.000000000000000000e+00
0.000000000000000000e+00
-8.779931068420410156e-02
-5.967080593109130859e-03
-2.747814898901879133e-02
-1.692696809768676758e-01
-7.984381914138793945e-02
-3.951794823223053754e-02
-2.249660193920135498e-01
-1.538043022155761719e-01
-5.064085667544304670e-02
-2.743674516677856445e-01
-2.127064466476440430e-01
-6.054656376653611005e-02
-1.537209749221801758e-01
-3.030837774276733398e-01
-6.089986595895879873e-03
-1.963761150836944580e-01
-4.306500554084777832e-01
-2.326498349719940961e-02
-2.240513563156127930e-01
-5.038301348686218262e-01
-4.130348732286392988e-02
-2.494299709796905518e-01
-5.708071291446685791e-01
-5.586729367786347211e-02
-1.133766174316406250e-01
-3.458541631698608398e-01
-1.136460696869789899e-02
-1.521495580673217773e-01
-4.949057400226593018e-01
-2.429592405968605817e-02
-1.759513616561889648e-01
-5.867131352424621582e-01
-3.914142196589409650e-02
-1.973632872104644775e-01
-6.642689108848571777e-01
-5.148945172840058149e-02
-6.944668292999267578e-02
-3.569359779357910156e-01
-2.264773269706665815e-02
-1.049253940582275391e-01
-4.959389567375183105e-01
-3.764756938033997358e-02
-1.271266341209411621e-01
-5.799177289009094238e-01
-4.861493950301110090e-02
-1.491691470146179199e-01
-6.560310125350952148e-01
-5.782948975974022687e-02
-1.998460292816162109e-02
-3.474165201187133789e-01
-3.772699256950318158e-02
-4.043060541152954102e-02
-4.660337269306182861e-01
-5.232663994246422590e-02
-5.550432205200195312e-02
-5.426921844482421875e-01
-5.851029028707444013e-02
-7.148277759552001953e-02
-6.173365712165832520e-01
-6.364111026340424360e-02
