0.000000000000000000e+00
0.000000000000000000e+00
0.000000000000000000e+00
-9.020394086837768555e-02
-3.590953350067138672e-02
-3.075151292867417396e-02
-1.559198498725891113e-01
-1.504425406455993652e-01
-3.931790365166420997e-02
-1.893064379692077637e-01
-2.707735300064086914e-01
-4.615311844534630836e-02
-2.159017920494079590e-01
-3.751768469810485840e-01
-5.060008688158745827e-02
-1.276064515113830566e-01
-3.561251759529113770e-01
6.228626162936734545e-03
-1.522289514541625977e-01
-4.961750805377960205e-01
-7.659548505017710340e-03
-1.664204001426696777e-01
-5.778968632221221924e-01
-2.544312699026818336e-02
-1.790002584457397461e-01
-6.558867096900939941e-01
-4.050042627639527382e-02
-8.270132541656494141e-02
-3.868592977523803711e-01
4.470476803561496126e-03
-1.062541007995605469e-01
-5.378780066967010498e-01
-5.288436154643250120e-03
-1.183592677116394043e-01
-6.316810548305511475e-01
-2.160055896527524055e-02
-1.300609707832336426e-01
-7.172938585281372070e-01
-3.555434717125649513e-02
-3.947997093200683594e-02
-3.836438655853271484e-01
-4.512979260454130781e-03
-5.837172269821166992e-02
-5.248050093650817871e-01
-1.808352729565854133e-02
-6.923645734786987305e-02
-6.131216287612915039e-01
-3.017877934760804237e-02
-8.135634660720825195e-02
-6.971910893917083740e-01
-4.057074113077874244e-02
8.645653724670410156e-03
-3.591248393058776855e-01
-1.774260549134965004e-02
-3.090858459472656250e-03
-4.762606620788574219e-01
-3.203679023570771278e-02
-9.505093097686767578e-03
-5.507233142852783203e-01
-3.870517162866349281e-02
-1.610893011093139648e-02
-6.258909702301025391e-01
-4.428235216326470436e-02
