0.000000000000000000e+00
0.000000000000000000e+00
0.000000000000000000e+00
-8.473861217498779297e-02
-4.254686832427978516e-02
-2.863164484628555329e-02
-1.542848944664001465e-01
-1.486104130744934082e-01
-3.981402009853240997e-02
-1.975101828575134277e-01
-2.483048439025878906e-01
-4.962866991886016876e-02
-2.333201766014099121e-01
-3.373631238937377930e-01
-5.795866117009040863e-02
-1.125963330268859863e-01
-3.590553998947143555e-01
-1.783331214795680353e-03
-1.417620182037353516e-01
-4.934689104557037354e-01
-1.728178426751014740e-02
-1.608237624168395996e-01
-5.694900155067443848e-01
-3.506489336618301422e-02
-1.774246096611022949e-01
-6.417729556560516357e-01
-4.971061885484573395e-02
-6.553179025650024414e-02
-3.855639696121215820e-01
-5.627445468093128511e-03
-8.284044265747070312e-02
-5.398615002632141113e-01
-1.639773376413700134e-02
-9.288954734802246094e-02
-6.338163018226623535e-01
-3.172687679656860382e-02
-1.023495197296142578e-01
-7.142712622880935669e-01
-4.475509986409065277e-02
-2.014011144638061523e-02
-3.793569207191467285e-01
-1.588948309549209625e-02
-3.442674875259399414e-02
-5.209746062755584717e-01
-2.961239084729072601e-02
-4.406142234802246094e-02
-6.095826625823974609e-01
-4.184677690395233185e-02
-5.481833219528198242e-02
-6.918582767248153687e-01
-5.208124086388465912e-02
2.718138694763183594e-02
-3.515777587890625000e-01
-2.992949500807640106e-02
2.088826894760131836e-02
-4.726427793502807617e-01
-4.415936634072181732e-02
1.665246486663818359e-02
-5.516085028648376465e-01
-5.098810285457489044e-02
1.228630542755126953e-02
-6.296262443065643311e-01
-5.653513088950035126e-02
