0.000000000000000000e+00
0.000000000000000000e+00
0.000000000000000000e+00
-8.724874258041381836e-02
-6.869316101074218750e-03
-2.613131444829264183e-02
-1.680588722229003906e-01
-9.394550323486328125e-02
-3.334820013421335716e-02
-2.165341973304748535e-01
-1.893537044525146484e-01
-4.018030431049623985e-02
-2.593758404254913330e-01
-2.709696888923645020e-01
-4.546977322476664085e-02
-1.648885607719421387e-01
-2.950928211212158203e-01
6.291670501951784900e-03
-2.139334678649902344e-01
-4.028006196022033691e-01
-8.503387904937653730e-03
-2.437562048435211182e-01
-4.648041129112243652e-01
-2.630020420926371116e-02
-2.699590027332305908e-01
-5.289102494716644287e-01
-4.125639911669054527e-02
-1.281406879425048828e-01
-3.467735648155212402e-01
1.072550086092860511e-03
-1.732143759727478027e-01
-4.808935523033142090e-01
-9.103032983119874189e-03
-2.011473178863525391e-01
-5.648588836193084717e-01
-2.457611937003889580e-02
-2.261202931404113770e-01
-6.407561302185058594e-01
-3.782020252126017112e-02
-8.657896518707275391e-02
-3.621951937675476074e-01
-1.095497909861364860e-02
-1.249897480010986328e-01
-4.918547868728637695e-01
-2.473604608255186577e-02
-1.497154235839843750e-01
-5.676897466182708740e-01
-3.628973778265276451e-02
-1.745063662528991699e-01
-6.374453604221343994e-01
-4.606314491408625145e-02
-3.949302434921264648e-02
-3.550799489021301270e-01
-2.695809792655268211e-02
-6.991344690322875977e-02
-4.636125564575195312e-01
-4.150458540695467491e-02
-9.015709161758422852e-02
-5.344460010528564453e-01
-4.828923683541574974e-02
-1.103596687316894531e-01
-6.047492623329162598e-01
-5.392764996665277977e-02
