0.000000000000000000e+00
0.000000000000000000e+00
0.000000000000000000e+00
-8.626711368560791016e-02
-5.997562408447265625e-02
-3.128254654032502913e-02
-1.412918567657470703e-01
-1.826134324073791504e-01
-4.123469310027871870e-02
-1.613905429840087891e-01
-3.089019656181335449e-01
-4.920698570234094404e-02
-1.752545237541198730e-01
-4.179914593696594238e-01
-5.482757704479013228e-02
-9.162443876266479492e-02
-3.818706274032592773e-01
1.389107241692499883e-03
-1.007689237594604492e-01
-5.261891782283782959e-01
-1.430070081872258925e-02
-1.059889793395996094e-01
-6.118449270725250244e-01
-3.280203657371316694e-02
-1.098966598510742188e-01
-6.925482153892517090e-01
-4.799081625563417219e-02
-4.365211725234985352e-02
-3.992048501968383789e-01
-1.969810869297816680e-04
-5.180883407592773438e-02
-5.556592941284179688e-01
-1.198894770962510847e-02
-5.496829748153686523e-02
-6.522788107395172119e-01
-2.891051450890813612e-02
-5.851054191589355469e-02
-7.402646094560623169e-01
-4.279323907715593123e-02
-4.364848136901855469e-04
-3.842642307281494141e-01
-8.597204072003705733e-03
-5.207359790802001953e-03
-5.288001298904418945e-01
-2.420683818084512495e-02
-7.215440273284912109e-03
-6.190599799156188965e-01
-3.629765154940400862e-02
-1.072281599044799805e-02
-7.044409215450286865e-01
-4.587762670738015913e-02
4.605740308761596680e-02
-3.460757732391357422e-01
-2.109588736814771437e-02
4.746073484420776367e-02
-4.646198749542236328e-01
-3.685029091460023665e-02
4.938822984695434570e-02
-5.417698919773101807e-01
-4.355992617232118391e-02
5.103558301925659180e-02
-6.187258064746856689e-01
-4.843841361028466963e-02
