0.000000000000000000e+00
0.000000000000000000e+00
0.000000000000000000e+00
-7.595288753509521484e-02
-8.774119615554809570e-02
-2.655223514864246681e-02
-1.148116588592529297e-01
-2.321886420249938965e-01
-3.449092749485771492e-02
-1.236375570297241211e-01
-3.597993850708007812e-01
-4.176117051372330025e-02
-1.277578473091125488e-01
-4.651617407798767090e-01
-4.735945481786529854e-02
-4.101872444152832031e-02
-3.990846276283264160e-01
3.844439843874170037e-03
-2.715635299682617188e-02
-5.335404276847839355e-01
-1.239722538718979195e-02
-1.912283897399902344e-02
-6.161725521087646484e-01
-3.124675843844215706e-02
-1.098358631134033203e-02
-6.934379935264587402e-01
-4.624452013501922920e-02
5.383491516113281250e-03
-4.028148651123046875e-01
-1.576881562641574419e-04
2.172678709030151367e-02
-5.536477863788604736e-01
-1.182968020418684318e-02
3.086435794830322266e-02
-6.491664648056030273e-01
-2.748805414864818886e-02
3.788155317306518555e-02
-7.337914705276489258e-01
-4.023145083317558601e-02
4.531276226043701172e-02
-3.767507076263427734e-01
-1.063898894915382698e-02
6.273490190505981445e-02
-5.186836123466491699e-01
-2.432054411599438026e-02
7.044577598571777344e-02
-6.090366840362548828e-01
-3.442787695655624702e-02
7.469648122787475586e-02
-6.922326385974884033e-01
-4.262602273354332283e-02
8.386373519897460938e-02
-3.257971405982971191e-01
-2.514116782674591377e-02
1.030925512313842773e-01
-4.438737034797668457e-01
-3.860990274677078560e-02
1.141484975814819336e-01
-5.220218896865844727e-01
-4.359362591037552193e-02
1.227627992630004883e-01
-5.971327424049377441e-01
-4.719019997844497993e-02
