0.000000000000000000e+00
0.000000000000000000e+00
0.000000000000000000e+00
-8.667922019958496094e-02
-3.343671560287475586e-02
-2.791638752492531239e-02
-1.580420732498168945e-01
-1.383284330368041992e-01
-3.880984788807495534e-02
-2.024924755096435547e-01
-2.392477989196777344e-01
-4.828514611395462452e-02
-2.435304224491119385e-01
-3.235011100769042969e-01
-5.664818441542252003e-02
-1.222237944602966309e-01
-3.501599431037902832e-01
-8.137112353466591230e-03
-1.554849743843078613e-01
-4.865129888057708740e-01
-2.481090730103119313e-02
-1.763391494750976562e-01
-5.627090334892272949e-01
-4.201198076876266896e-02
-1.948687434196472168e-01
-6.345932185649871826e-01
-5.615054896148308217e-02
-7.439678907394409180e-02
-3.793873786926269531e-01
-1.297240691306456029e-02
-9.707039594650268555e-02
-5.361375212669372559e-01
-2.572692638310059010e-02
-1.100370287895202637e-01
-6.299193501472473145e-01
-4.156680857809647023e-02
-1.228034496307373047e-01
-7.121618837118148804e-01
-5.486622905405624806e-02
-2.716946601867675781e-02
-3.746702671051025391e-01
-2.347095390828712880e-02
-4.450571537017822266e-02
-5.215637087821960449e-01
-3.964680513414009511e-02
-5.604726076126098633e-02
-6.092948019504547119e-01
-5.151180630596741139e-02
-6.950718164443969727e-02
-6.913185864686965942e-01
-6.132688080938919484e-02
2.100235223770141602e-02
-3.472091555595397949e-01
-3.732398232492073475e-02
1.536059379577636719e-02
-4.692797958850860596e-01
-5.366021102341278493e-02
1.173698902130126953e-02
-5.490620136260986328e-01
-6.010691156657799183e-02
6.702482700347900391e-03
-6.275632381439208984e-01
-6.512700473936661183e-02
