0.000000000000000000e+00
0.000000000000000000e+00
0.000000000000000000e+00
-8.740365505218505859e-02
-4.997491836547851562e-03
-2.634136855249380460e-02
-1.684946417808532715e-01
-9.140652418136596680e-02
-3.306097454969858518e-02
-2.194806933403015137e-01
-1.851628422737121582e-01
-3.931296907012438169e-02
-2.634832262992858887e-01
-2.672449946403503418e-01
-4.376082040016626706e-02
-1.674604415893554688e-01
-2.959133982658386230e-01
9.977829534363991115e-03
-2.170559167861938477e-01
-4.007130265235900879e-01
-3.116072030934446957e-03
-2.485894858837127686e-01
-4.607231914997100830e-01
-1.980436138455843320e-02
-2.764400243759155273e-01
-5.207056701183319092e-01
-3.363883413021540036e-02
-1.293889880180358887e-01
-3.472232222557067871e-01
5.515734091204649303e-03
-1.749661564826965332e-01
-4.779461026191711426e-01
-1.520515760603302624e-03
-2.045515775680541992e-01
-5.589931309223175049e-01
-1.456740695630287519e-02
-2.310176193714141846e-01
-6.288549005985260010e-01
-2.608629978840326658e-02
-8.655339479446411133e-02
-3.633078336715698242e-01
-6.199939750331395771e-03
-1.263926029205322266e-01
-4.860108494758605957e-01
-1.672836310808634153e-02
-1.539800167083740234e-01
-5.609141886234283447e-01
-2.595716818814253202e-02
-1.812111139297485352e-01
-6.282512247562408447e-01
-3.442917681877588620e-02
-3.904491662979125977e-02
-3.586636781692504883e-01
-2.219379983489488950e-02
-6.986880302429199219e-02
-4.670080244541168213e-01
-3.361114032213663450e-02
-8.932977914810180664e-02
-5.356713533401489258e-01
-3.798339433615183225e-02
-1.088304519653320312e-01
-6.028202474117279053e-01
-4.199962980692362180e-02
