0.000000000000000000e+00
0.000000000000000000e+00
0.000000000000000000e+00
-8.680814504623413086e-02
-4.337561130523681641e-02
-2.853691890283016619e-02
-1.543756127357482910e-01
-1.521663069725036621e-01
-3.976348913653282580e-02
-1.955360174179077148e-01
-2.549457550048828125e-01
-4.959921664936928209e-02
-2.322663366794586182e-01
-3.418361544609069824e-01
-5.806290111883072314e-02
-1.097070574760437012e-01
-3.605898022651672363e-01
-6.176977748111767141e-03
-1.359237432479858398e-01
-4.987640678882598877e-01
-2.245564326091198382e-02
-1.546284556388854980e-01
-5.754353106021881104e-01
-3.990735612256912646e-02
-1.724911928176879883e-01
-6.475566923618316650e-01
-5.425139270170120653e-02
-6.139338016510009766e-02
-3.853630423545837402e-01
-1.058983090712217745e-02
-7.738304138183593750e-02
-5.429935455322265625e-01
-2.281814194662956652e-02
-8.666568994522094727e-02
-6.378742754459381104e-01
-3.814331195695785937e-02
-9.645843505859375000e-02
-7.211317270994186401e-01
-5.097803599579719958e-02
-1.492542028427124023e-02
-3.766798973083496094e-01
-2.096399232192425188e-02
-2.675873041152954102e-02
-5.241453349590301514e-01
-3.660668186290649828e-02
-3.464877605438232422e-02
-6.123639643192291260e-01
-4.769937820179848131e-02
-4.487317800521850586e-02
-6.948837935924530029e-01
-5.684112883551506457e-02
3.248298168182373047e-02
-3.459880948066711426e-01
-3.489459804637817797e-02
3.098654747009277344e-02
-4.680126607418060303e-01
-5.056594810827164110e-02
3.035449981689453125e-02
-5.474503040313720703e-01
-5.624314151151565966e-02
2.862483263015747070e-02
-6.255433261394500732e-01
-6.060228250368027147e-02
