0.000000000000000000e+00
0.000000000000000000e+00
0.000000000000000000e+00
-9.063696861267089844e-02
-3.249669075012207031e-02
-3.106391435082400676e-02
-1.573403477668762207e-01
-1.462396979331970215e-01
-3.977510151977980968e-02
-1.926263570785522461e-01
-2.632825970649719238e-01
-4.683621046658004161e-02
-2.213469743728637695e-01
-3.652274012565612793e-01
-5.161939752812827464e-02
-1.308624744415283203e-01
-3.531437516212463379e-01
6.202077906920067107e-03
-1.578463912010192871e-01
-4.911952912807464600e-01
-8.135429635302671159e-03
-1.756206750869750977e-01
-5.712225437164306641e-01
-2.645410229976619121e-02
-1.925863623619079590e-01
-6.470964550971984863e-01
-4.199524415250266429e-02
-8.624500036239624023e-02
-3.850666880607604980e-01
4.136538546873680389e-03
-1.108567118644714355e-01
-5.340813100337982178e-01
-6.355599552051671708e-03
-1.253510713577270508e-01
-6.269037127494812012e-01
-2.346649212356055614e-02
-1.402459144592285156e-01
-7.115947008132934570e-01
-3.791178209300483104e-02
-4.322904348373413086e-02
-3.827410340309143066e-01
-5.172803584144958222e-03
-6.358027458190917969e-02
-5.211843252182006836e-01
-1.923020375485862132e-02
-7.599812746047973633e-02
-6.086587309837341309e-01
-3.147857455130065318e-02
-9.023499488830566406e-02
-6.921594142913818359e-01
-4.195634467120612499e-02
3.919839859008789062e-03
-3.588932156562805176e-01
-1.881244597549880382e-02
-9.517729282379150391e-03
-4.724776446819305420e-01
-3.338458953018630382e-02
-1.752668619155883789e-02
-5.463052690029144287e-01
-4.006303293223822948e-02
-2.571868896484375000e-02
-6.215733885765075684e-01
-4.565669787641013500e-02
