0.000000000000000000e+00
0.000000000000000000e+00
0.000000000000000000e+00
-8.196318149566650391e-02
-7.415807247161865234e-02
-3.026994610229394311e-02
-1.414542198181152344e-01
-2.024834752082824707e-01
-4.222860666016003961e-02
-1.764433979988098145e-01
-3.174804449081420898e-01
-5.245962845185658807e-02
-2.040247917175292969e-01
-4.144733548164367676e-01
-6.119870500663182611e-02
-7.237029075622558594e-02
-3.965402841567993164e-01
-4.175189547481750196e-03
-8.666133880615234375e-02
-5.426306128501892090e-01
-2.016515204707047815e-02
-9.543484449386596680e-02
-6.282503306865692139e-01
-3.794957058528325433e-02
-1.013475060462951660e-01
-7.081734836101531982e-01
-5.268916221359631891e-02
-2.107876539230346680e-02
-4.058337211608886719e-01
-7.624376695844148344e-03
-1.803886890411376953e-02
-5.685612261295318604e-01
-1.925321215787789697e-02
-1.479911804199218750e-02
-6.673731207847595215e-01
-3.501709284284970636e-02
-1.287233829498291016e-02
-7.527648210525512695e-01
-4.840654613474271173e-02
2.444916963577270508e-02
-3.822473883628845215e-01
-1.759196365276238794e-02
2.994287014007568359e-02
-5.308955311775207520e-01
-3.331292899349591607e-02
3.170585632324218750e-02
-6.227340400218963623e-01
-4.716167705157658929e-02
3.158134222030639648e-02
-7.069787681102752686e-01
-5.822567375400922174e-02
6.816709041595458984e-02
-3.364698886871337891e-01
-3.125054867962262506e-02
8.222454786300659180e-02
-4.571989178657531738e-01
-4.726857425669095392e-02
9.141623973846435547e-02
-5.369554162025451660e-01
-5.544419320324323053e-02
9.983921051025390625e-02
-6.153620481491088867e-01
-6.183014543751141900e-02
