0.000000000000000000e+00
0.000000000000000000e+00
0.000000000000000000e+00
-7.799023389816284180e-02
-7.833009958267211914e-02
-2.935258567586629397e-02
-1.292563080787658691e-01
-2.161146998405456543e-01
-4.041572928682057864e-02
-1.574267745018005371e-01
-3.349962234497070312e-01
-5.010551855221478945e-02
-1.819392442703247070e-01
-4.349017739295959473e-01
-5.851486593738286501e-02
-5.872076749801635742e-02
-4.019914865493774414e-01
-5.062132033259558739e-03
-6.903016567230224609e-02
-5.497685074806213379e-01
-2.150127560153691775e-02
-7.414352893829345703e-02
-6.367404162883758545e-01
-3.903497651472775942e-02
-7.602655887603759766e-02
-7.177417874336242676e-01
-5.356455490246503359e-02
-6.705224514007568359e-03
-4.052417278289794922e-01
-9.755994084031271996e-03
4.094839096069335938e-05
-5.691763460636138916e-01
-2.197889693334786898e-02
6.652355194091796875e-03
-6.684797406196594238e-01
-3.777579486623494631e-02
1.259374618530273438e-02
-7.542958259582519531e-01
-5.108244240537374026e-02
3.916555643081665039e-02
-3.751515746116638184e-01
-2.073946677401750094e-02
4.957628250122070312e-02
-5.265516936779022217e-01
-3.715341434136121279e-02
5.487686395645141602e-02
-6.182650923728942871e-01
-4.961804196491925723e-02
5.853825807571411133e-02
-7.041840404272079468e-01
-5.966237455859868533e-02
8.256059885025024414e-02
-3.226624131202697754e-01
-3.533465311184613711e-02
1.000657081604003906e-01
-4.444102942943572998e-01
-5.181673810139386660e-02
1.125566959381103516e-01
-5.229051709175109863e-01
-5.853930011645047671e-02
1.243491768836975098e-01
-6.005760133266448975e-01
-6.378669932738034731e-02
