0.000000000000000000e+00
0.000000000000000000e+00
0.000000000000000000e+00
-7.192307710647583008e-02
-1.060109734535217285e-01
-2.476878651270908449e-02
-1.026324629783630371e-01
-2.553251385688781738e-01
-3.109237179944557283e-02
-1.059305071830749512e-01
-3.826516270637512207e-01
-3.676076792964977358e-02
-1.102864742279052734e-01
-4.871728122234344482e-01
-4.068530537972492311e-02
-2.660286426544189453e-02
-4.139608144760131836e-01
8.365115142964896222e-03
-1.063418388366699219e-02
-5.534778535366058350e-01
-5.639216404802027682e-03
2.639234066009521484e-03
-6.349130272865295410e-01
-2.314193920085472200e-02
1.772826910018920898e-02
-7.086365073919296265e-01
-3.721729853043598268e-02
2.401447296142578125e-02
-4.068111777305603027e-01
4.429457235687550565e-03
4.525506496429443359e-02
-5.615382790565490723e-01
-4.544107716924372653e-03
6.078231334686279297e-02
-6.543850898742675781e-01
-1.972137392351669405e-02
7.428222894668579102e-02
-7.342947572469711304e-01
-3.260540404210132692e-02
6.533080339431762695e-02
-3.709083795547485352e-01
-5.925899845010462741e-03
8.717268705368041992e-02
-5.144329965114593506e-01
-1.819160022625965212e-02
9.948045015335083008e-02
-6.044859588146209717e-01
-2.911988646576446627e-02
1.087724566459655762e-01
-6.851787865161895752e-01
-3.840894066581768129e-02
1.058502197265625000e-01
-3.118277192115783691e-01
-1.993835904488605593e-02
1.280851960182189941e-01
-4.287017583847045898e-01
-3.260379471669239138e-02
1.410127878189086914e-01
-5.038436055183410645e-01
-3.775452264437717531e-02
1.515670418739318848e-01
-5.768531262874603271e-01
-4.192343913803142641e-02
