0.000000000000000000e+00
0.000000000000000000e+00
0.000000000000000000e+00
-7.665812969207763672e-02
-8.860355615615844727e-02
-2.364575217254127892e-02
-1.177194714546203613e-01
-2.282267808914184570e-01
-3.028303856737579736e-02
-1.287762522697448730e-01
-3.522499799728393555e-01
-3.688272001929249200e-02
-1.349954605102539062e-01
-4.553803205490112305e-01
-4.183514329380955132e-02
-4.870057106018066406e-02
-3.929641246795654297e-01
9.379456688094478523e-03
-3.911757469177246094e-02
-5.275759398937225342e-01
-4.913234214853900994e-03
-3.479051589965820312e-02
-6.102133095264434814e-01
-2.313782560415234002e-02
-3.090494871139526367e-02
-6.871354579925537109e-01
-3.776330414004291924e-02
-3.410458564758300781e-03
-3.976067304611206055e-01
4.601305753368478690e-03
8.414924144744873047e-03
-5.493622720241546631e-01
-5.077149316292661752e-03
1.445788145065307617e-02
-6.438395678997039795e-01
-2.044234896786178979e-02
1.846712827682495117e-02
-7.279156148433685303e-01
-3.310029494352306756e-02
3.607726097106933594e-02
-3.738238811492919922e-01
-6.512854311239379967e-03
4.786479473114013672e-02
-5.169205665588378906e-01
-1.831219631023373040e-02
5.271035432815551758e-02
-6.058026850223541260e-01
-2.794418955929245385e-02
5.480033159255981445e-02
-6.861130893230438232e-01
-3.592615115232433709e-02
7.594770193099975586e-02
-3.275913596153259277e-01
-2.146867389566864404e-02
8.989232778549194336e-02
-4.490239620208740234e-01
-3.292119043655361565e-02
9.777402877807617188e-02
-5.269413590431213379e-01
-3.678316536135639581e-02
1.037495732307434082e-01
-6.010850071907043457e-01
-3.976096871085132989e-02
