0.000000000000000000e+00
0.000000000000000000e+00
0.000000000000000000e+00
-7.421565055847167969e-02
-8.730077743530273438e-02
-2.021256655012848569e-02
-1.154835820198059082e-01
-2.294592857360839844e-01
-2.470332763647320462e-02
-1.301717758178710938e-01
-3.453280925750732422e-01
-2.884658246790650082e-02
-1.469813585281372070e-01
-4.321726560592651367e-01
-3.233592591737988187e-02
-3.552013635635375977e-02
-3.897917866706848145e-01
2.553360466606591217e-03
-2.867400646209716797e-02
-5.254250764846801758e-01
-1.037962555443527890e-02
-2.554804086685180664e-02
-6.078764796257019043e-01
-2.650710388576271725e-02
-2.313983440399169922e-02
-6.802155673503875732e-01
-3.975331790303471280e-02
1.314610242843627930e-02
-3.864523768424987793e-01
-3.304467140935685165e-03
2.591347694396972656e-02
-5.374395549297332764e-01
-1.289816766535523129e-02
3.294318914413452148e-02
-6.317711770534515381e-01
-2.798065177654507352e-02
3.675013780593872070e-02
-7.114221751689910889e-01
-4.034123949264767361e-02
5.602616071701049805e-02
-3.539146780967712402e-01
-1.419494773750784589e-02
7.189619541168212891e-02
-4.961076974868774414e-01
-2.732000506972553922e-02
7.957911491394042969e-02
-5.835392475128173828e-01
-3.930326930736782742e-02
8.294534683227539062e-02
-6.631736457347869873e-01
-4.860837392067196561e-02
9.629076719284057617e-02
-2.984398603439331055e-01
-2.787482745503666592e-02
1.172003149986267090e-01
-4.159047007560729980e-01
-4.236333451723339749e-02
1.272370219230651855e-01
-4.924181103706359863e-01
-4.880902550672772122e-02
1.346674561500549316e-01
-5.661546289920806885e-01
-5.312118313764813138e-02
