0.000000000000000000e+00
0.000000000000000000e+00
0.000000000000000000e+00
-7.430613040924072266e-02
-7.231044769287109375e-02
-2.084599393467101436e-02
-1.233311295509338379e-01
-1.958332061767578125e-01
-2.619815203408393245e-02
-1.463518142700195312e-01
-3.036698698997497559e-01
-3.157833735505732875e-02
-1.666905879974365234e-01
-3.827323913574218750e-01
-3.575779642025622707e-02
-4.926764965057373047e-02
-3.724172115325927734e-01
1.048555732657519002e-02
-4.824340343475341797e-02
-5.003384351730346680e-01
-1.337660976048482553e-04
-4.363006353378295898e-02
-5.739277303218841553e-01
-1.528442329774293285e-02
-3.709781169891357422e-02
-6.398031413555145264e-01
-2.829223643104228358e-02
-2.619802951812744141e-03
-3.775205612182617188e-01
5.678054363926321457e-03
5.894958972930908203e-03
-5.204763710498809814e-01
-2.175471326808064987e-03
1.402783393859863281e-02
-6.052328646183013916e-01
-1.581452372531089168e-02
2.119463682174682617e-02
-6.769778877496719360e-01
-2.749138283590468745e-02
3.791952133178710938e-02
-3.551632761955261230e-01
-5.094957119325727035e-03
4.847395420074462891e-02
-4.900297522544860840e-01
-1.705606239895018916e-02
5.386537313461303711e-02
-5.684035718441009521e-01
-2.795791956643256526e-02
5.802214145660400391e-02
-6.390449702739715576e-01
-3.661059360067042689e-02
7.846868038177490234e-02
-3.108686208724975586e-01
-1.907123955945166927e-02
9.515523910522460938e-02
-4.210139513015747070e-01
-3.170209894935283046e-02
1.048114895820617676e-01
-4.922837018966674805e-01
-3.785674418369922023e-02
1.141529679298400879e-01
-5.624639391899108887e-01
-4.262584964791926723e-02
