0.000000000000000000e+00
0.000000000000000000e+00
0.000000000000000000e+00
-8.831048011779785156e-02
-2.382409572601318359e-02
-2.490751215250952555e-02
-1.560088396072387695e-01
-1.203881502151489258e-01
-3.184681528242094828e-02
-1.946688890457153320e-01
-2.269614934921264648e-01
-3.835269578726752115e-02
-2.207948267459869385e-01
-3.235098719596862793e-01
-4.278472208412154032e-02
-1.356958746910095215e-01
-3.133103847503662109e-01
1.109495150862471746e-02
-1.673219799995422363e-01
-4.368997216224670410e-01
-1.874682637804880869e-03
-1.876528561115264893e-01
-5.092161595821380615e-01
-1.868957423599226786e-02
-2.054738998413085938e-01
-5.777759850025177002e-01
-3.222720840008719279e-02
-9.578466415405273438e-02
-3.524885773658752441e-01
7.948353393061324823e-03
-1.285839676856994629e-01
-4.915292561054229736e-01
3.331488418041317345e-04
-1.501305103302001953e-01
-5.759387016296386719e-01
-1.279966489406092478e-02
-1.695680618286132812e-01
-6.492861807346343994e-01
-2.389196821482642008e-02
-5.467844009399414062e-02
-3.605294823646545410e-01
-1.886409618833795321e-03
-8.394098281860351562e-02
-4.913707971572875977e-01
-1.121378366829617335e-02
-1.044958829879760742e-01
-5.694805085659027100e-01
-1.830822371871931864e-02
-1.240803599357604980e-01
-6.399806737899780273e-01
-2.498340935440523936e-02
-8.336901664733886719e-03
-3.489559888839721680e-01
-1.588828259141905619e-02
-2.880144119262695312e-02
-4.624395966529846191e-01
-2.501925782294733835e-02
-4.222351312637329102e-02
-5.332595705986022949e-01
-2.707998597057326151e-02
-5.569201707839965820e-02
-6.025493144989013672e-01
-2.906139337451918436e-02
