0.000000000000000000e+00
0.000000000000000000e+00
0.000000000000000000e+00
-8.174270391464233398e-02
-6.368154287338256836e-02
-2.558722250347500449e-02
-1.372188925743103027e-01
-1.897220611572265625e-01
-3.496967718189125662e-02
-1.603395342826843262e-01
-3.085942268371582031e-01
-4.346036628072624808e-02
-1.773537993431091309e-01
-4.104556441307067871e-01
-5.065687462871437674e-02
-9.104293584823608398e-02
-3.803862333297729492e-01
-3.031595574668699555e-03
-1.025477051734924316e-01
-5.239921510219573975e-01
-2.046713322584992056e-02
-1.119959950447082520e-01
-6.082812547683715820e-01
-3.905451387350922232e-02
-1.208487749099731445e-01
-6.847965419292449951e-01
-5.351852715199356680e-02
-4.355382919311523438e-02
-3.969333171844482422e-01
-7.768128497502857499e-03
-5.401372909545898438e-02
-5.560132265090942383e-01
-2.027635924702053671e-02
-6.212723255157470703e-02
-6.529939770698547363e-01
-3.616179242914085989e-02
-7.158488035202026367e-02
-7.386420667171478271e-01
-4.914254412238960867e-02
1.344680786132812500e-03
-3.835221529006958008e-01
-1.812758758848076468e-02
-7.203757762908935547e-03
-5.335067808628082275e-01
-3.234063551013832694e-02
-1.413375139236450195e-02
-6.245419979095458984e-01
-4.215321406906014090e-02
-2.358293533325195312e-02
-7.071517705917358398e-01
-5.030867919509773856e-02
4.759132862091064453e-02
-3.469892740249633789e-01
-3.208913743679886466e-02
4.582226276397705078e-02
-4.713659882545471191e-01
-4.609188899581795340e-02
4.489850997924804688e-02
-5.522441267967224121e-01
-5.047822460716133719e-02
4.222118854522705078e-02
-6.287265419960021973e-01
-5.360696554367905264e-02
