0.000000000000000000e+00
0.000000000000000000e+00
0.000000000000000000e+00
-7.079213857650756836e-02
-9.265720844268798828e-02
-1.894120246552688513e-02
-1.089773178100585938e-01
-2.322610616683959961e-01
-2.202596076213581000e-02
-1.229111552238464355e-01
-3.461729288101196289e-01
-2.549406819426280890e-02
-1.425527930259704590e-01
-4.237366914749145508e-01
-2.820776895069343482e-02
-2.180510759353637695e-02
-3.875572681427001953e-01
1.215676005548971261e-02
-7.996022701263427734e-03
-5.189740657806396484e-01
3.086819980211430448e-03
3.966331481933593750e-03
-5.946394503116607666e-01
-1.081369378053409491e-02
1.682657003402709961e-02
-6.610252857208251953e-01
-2.288621038579208289e-02
2.624672651290893555e-02
-3.814460635185241699e-01
6.610976733185225385e-03
4.661977291107177734e-02
-5.265159308910369873e-01
1.148224310867362874e-03
6.082493066787719727e-02
-6.117559671401977539e-01
-1.095660243564111624e-02
7.297235727310180664e-02
-6.819439530372619629e-01
-2.186959356450302039e-02
6.612604856491088867e-02
-3.482055664062500000e-01
-4.717961218290156467e-03
8.734160661697387695e-02
-4.835326671600341797e-01
-1.474629927807313834e-02
9.744715690612792969e-02
-5.642958283424377441e-01
-2.470384471499187384e-02
1.054006814956665039e-01
-6.356125473976135254e-01
-3.331314333163959418e-02
1.044362783432006836e-01
-2.919873595237731934e-01
-1.915387183808547888e-02
1.313424110412597656e-01
-4.017884135246276855e-01
-2.984465219461185370e-02
1.469745635986328125e-01
-4.710299074649810791e-01
-3.462548114740116034e-02
1.608172059059143066e-01
-5.387651622295379639e-01
-3.885609589897853766e-02
