0.000000000000000000e+00
0.000000000000000000e+00
0.000000000000000000e+00
-6.708532571792602539e-02
-1.030684709548950195e-01
-3.165010384287825218e-02
-1.038015484809875488e-01
-2.510205507278442383e-01
-4.477054274644842735e-02
-1.180807352066040039e-01
-3.771232962608337402e-01
-5.578096604909887901e-02
-1.323937773704528809e-01
-4.827221035957336426e-01
-6.555965191688528648e-02
-1.350921392440795898e-02
-4.091129899024963379e-01
-1.177919584330311409e-02
-8.494853973388671875e-03
-5.589230060577392578e-01
-3.033222093250742546e-02
-5.241513252258300781e-03
-6.477912068367004395e-01
-4.848695940341940513e-02
4.464983940124511719e-04
-7.284488826990127563e-01
-6.314974672164908043e-02
3.986728191375732422e-02
-3.965091705322265625e-01
-1.548719148155441871e-02
6.629878282546997070e-02
-5.567612349987030029e-01
-2.957473344173422447e-02
8.425486087799072266e-02
-6.533238291740417480e-01
-4.549399039711943260e-02
9.958374500274658203e-02
-7.364247292280197144e-01
-5.860276169147482506e-02
8.273476362228393555e-02
-3.528201580047607422e-01
-2.529587059285631767e-02
1.106024980545043945e-01
-4.978511035442352295e-01
-4.368641993966093651e-02
1.260660886764526367e-01
-5.881000459194183350e-01
-5.690216294493666283e-02
1.390880942344665527e-01
-6.727468669414520264e-01
-6.719059891071310631e-02
1.206963658332824707e-01
-2.864711880683898926e-01
-3.865975162949553123e-02
1.527696847915649414e-01
-3.960345983505249023e-01
-5.686872846450796715e-02
1.746224164962768555e-01
-4.679951369762420654e-01
-6.430057085123053184e-02
1.952475309371948242e-01
-5.400025546550750732e-01
-6.976702458229055992e-02
