0.000000000000000000e+00
0.000000000000000000e+00
0.000000000000000000e+00
-8.345115184783935547e-02
-5.832606554031372070e-02
-3.022783994106248429e-02
-1.464596986770629883e-01
-1.874262690544128418e-01
-4.102727397707894852e-02
-1.854551434516906738e-01
-3.003506660461425781e-01
-5.012749507454827835e-02
-2.218543887138366699e-01
-3.887086510658264160e-01
-5.793231725124314835e-02
-9.113085269927978516e-02
-3.835146427154541016e-01
-6.455367891021523974e-03
-1.139727830886840820e-01
-5.264957249164581299e-01
-2.303898706463769486e-02
-1.273337602615356445e-01
-6.106458902359008789e-01
-4.043251275447801163e-02
-1.374626755714416504e-01
-6.899819523096084595e-01
-5.492487549213365128e-02
-4.021996259689331055e-02
-4.020332098007202148e-01
-1.037103589055732300e-02
-4.863572120666503906e-02
-5.642151236534118652e-01
-2.262241765288308670e-02
-5.122810602188110352e-02
-6.629063785076141357e-01
-3.805224224356607010e-02
-5.412197113037109375e-02
-7.494577765464782715e-01
-5.102202668217614701e-02
7.627367973327636719e-03
-3.858153820037841797e-01
-2.051335758892491867e-02
4.216969013214111328e-03
-5.360280573368072510e-01
-3.699595108059838822e-02
1.834750175476074219e-03
-6.269626915454864502e-01
-4.897573217181161453e-02
-2.790749073028564453e-03
-7.126250416040420532e-01
-5.858490242985681107e-02
5.455029010772705078e-02
-3.463411331176757812e-01
-3.431958332089379837e-02
5.987650156021118164e-02
-4.684727489948272705e-01
-5.087164416340783646e-02
6.442975997924804688e-02
-5.480618178844451904e-01
-5.742639302638963272e-02
6.818318367004394531e-02
-6.269491910934448242e-01
-6.248024477986291458e-02
