0.000000000000000000e+00
0.000000000000000000e+00
0.000000000000000000e+00
-8.669722080230712891e-02
-3.951764106750488281e-02
-2.735627226266501566e-02
-1.564189791679382324e-01
-1.471918821334838867e-01
-3.808439306649802347e-02
-1.999578773975372314e-01
-2.468040585517883301e-01
-4.761720232400534769e-02
-2.388953268527984619e-01
-3.305678963661193848e-01
-5.599436692628501078e-02
-1.148535013198852539e-01
-3.557975888252258301e-01
-6.470204030307513676e-03
-1.445645689964294434e-01
-4.929733574390411377e-01
-2.346106961104510447e-02
-1.650350689888000488e-01
-5.674718916416168213e-01
-4.124827466640113016e-02
-1.841586232185363770e-01
-6.372167170047760010e-01
-5.563359491262076517e-02
-6.712979078292846680e-02
-3.818981647491455078e-01
-1.160337093952534815e-02
-8.587753772735595703e-02
-5.394181311130523682e-01
-2.456477068099616190e-02
-9.687781333923339844e-02
-6.345020532608032227e-01
-4.035917080673812052e-02
-1.081597805023193359e-01
-7.180462032556533813e-01
-5.340358771118758341e-02
-2.045887708663940430e-02
-3.750734329223632812e-01
-2.257391966614363810e-02
-3.485965728759765625e-02
-5.228728353977203369e-01
-3.880834735664961954e-02
-4.439842700958251953e-02
-6.123351156711578369e-01
-5.034411854776976725e-02
-5.611431598663330078e-02
-6.962578296661376953e-01
-5.968625627193091532e-02
2.717852592468261719e-02
-3.460091948509216309e-01
-3.695454604658721109e-02
2.404385805130004883e-02
-4.684636890888214111e-01
-5.291030339631674906e-02
2.211308479309082031e-02
-5.488114953041076660e-01
-5.881758935484526774e-02
1.875275373458862305e-02
-6.276930868625640869e-01
-6.335619620713828226e-02
