0.000000000000000000e+00
0.000000000000000000e+00
0.000000000000000000e+00
-8.791571855545043945e-02
-2.335453033447265625e-02
-2.572940852610372531e-02
-1.564785242080688477e-01
-1.186149716377258301e-01
-3.258221600322031009e-02
-1.960614323616027832e-01
-2.249534726142883301e-01
-3.892674673465990054e-02
-2.246901392936706543e-01
-3.206416964530944824e-01
-4.323357347516321170e-02
-1.373690962791442871e-01
-3.142023682594299316e-01
1.218053880961633695e-02
-1.711654663085937500e-01
-4.365137815475463867e-01
-7.277661736679874593e-04
-1.923343539237976074e-01
-5.078351497650146484e-01
-1.764087569085859286e-02
-2.109377086162567139e-01
-5.767591893672943115e-01
-3.164899725584291446e-02
-9.848564863204956055e-02
-3.526132106781005859e-01
8.927730804998645908e-03
-1.334692239761352539e-01
-4.892651140689849854e-01
-2.182712435114808613e-04
-1.554598808288574219e-01
-5.732638239860534668e-01
-1.543217994390033709e-02
-1.753568649291992188e-01
-6.485655605792999268e-01
-2.799007114140295016e-02
-5.806690454483032227e-02
-3.604146242141723633e-01
-1.184958188105156296e-03
-8.811807632446289062e-02
-4.904612004756927490e-01
-1.331413447974227893e-02
-1.087231040000915527e-01
-5.691818892955780029e-01
-2.346945185331605899e-02
-1.292888522148132324e-01
-6.423275768756866455e-01
-3.192485872773431765e-02
-1.175165176391601562e-02
-3.494164347648620605e-01
-1.526457820204996096e-02
-3.300416469573974609e-02
-4.618560671806335449e-01
-2.745454203454755771e-02
-4.716449975967407227e-02
-5.334515869617462158e-01
-3.223712746171258914e-02
-6.176239252090454102e-02
-6.049208045005798340e-01
-3.605334092048906314e-02
