0.000000000000000000e+00
0.000000000000000000e+00
0.000000000000000000e+00
-7.740753889083862305e-02
-9.353125095367431641e-02
-2.937060734601004697e-02
-1.171878576278686523e-01
-2.381711602210998535e-01
-4.044915503234847165e-02
-1.247040629386901855e-01
-3.694185614585876465e-01
-5.002891784877760983e-02
-1.289127469062805176e-01
-4.785635471343994141e-01
-5.781112378807051755e-02
-4.606223106384277344e-02
-4.066226482391357422e-01
-6.029982123237687119e-03
-3.655213117599487305e-02
-5.528120398521423340e-01
-2.581532067031844235e-02
-3.029626607894897461e-02
-6.402553617954254150e-01
-4.584938427777274228e-02
-2.282059192657470703e-02
-7.198921740055084229e-01
-6.139426073403342343e-02
3.828644752502441406e-03
-4.069507718086242676e-01
-1.007339218975289441e-02
1.581966876983642578e-02
-5.676120817661285400e-01
-2.513069613249285794e-02
2.375984191894531250e-02
-6.680063009262084961e-01
-4.278068011970503903e-02
2.986890077590942383e-02
-7.568981796503067017e-01
-5.692703416914923764e-02
4.705202579498291016e-02
-3.758943080902099609e-01
-2.026249608368857480e-02
6.300598382949829102e-02
-5.262589752674102783e-01
-3.786854958505614377e-02
7.153970003128051758e-02
-6.199571490287780762e-01
-5.020379787654860593e-02
7.631862163543701172e-02
-7.054480016231536865e-01
-5.969171366066916562e-02
8.881723880767822266e-02
-3.194993138313293457e-01
-3.421937069268210507e-02
1.096031665802001953e-01
-4.394834041595458984e-01
-5.115689477295859433e-02
1.220335364341735840e-01
-5.196279585361480713e-01
-5.789339309902175046e-02
1.316396594047546387e-01
-5.962975919246673584e-01
-6.251631817193015195e-02
