0.000000000000000000e+00
0.000000000000000000e+00
0.000000000000000000e+00
-8.799189329147338867e-02
-8.335828781127929688e-03
-2.735814991652318895e-02
-1.688006520271301270e-01
-8.433419466018676758e-02
-3.996301423072168291e-02
-2.232168614864349365e-01
-1.613202095031738281e-01
-5.173417533993074358e-02
-2.729713022708892822e-01
-2.210860848426818848e-01
-6.244751046656915605e-02
-1.523182988166809082e-01
-3.084071874618530273e-01
-6.011476081454247833e-03
-1.955987513065338135e-01
-4.331253767013549805e-01
-2.379067781626531541e-02
-2.226600646972656250e-01
-5.053654909133911133e-01
-4.247020165681192339e-02
-2.467473149299621582e-01
-5.737116634845733643e-01
-5.747636388301202715e-02
-1.111842989921569824e-01
-3.502389788627624512e-01
-1.176851968526193559e-02
-1.487542986869812012e-01
-4.989314079284667969e-01
-2.487361411809274614e-02
-1.711795330047607422e-01
-5.923054218292236328e-01
-4.009104128240892351e-02
-1.906658709049224854e-01
-6.720701158046722412e-01
-5.278981830238649309e-02
-6.647157669067382812e-02
-3.592685461044311523e-01
-2.356598506926843584e-02
-1.001772880554199219e-01
-4.971672594547271729e-01
-3.845244999288865984e-02
-1.215963959693908691e-01
-5.813859403133392334e-01
-4.941825921892473161e-02
-1.425121426582336426e-01
-6.580605506896972656e-01
-5.874462778925249040e-02
-1.683682203292846680e-02
-3.469880819320678711e-01
-3.917755912303277910e-02
-3.751415014266967773e-02
-4.641380310058593750e-01
-5.351012180804559648e-02
-5.263268947601318359e-02
-5.398776829242706299e-01
-5.933667700051614702e-02
-6.821900606155395508e-02
-6.141814887523651123e-01
-6.426883469580957353e-02
