0.000000000000000000e+00
0.000000000000000000e+00
0.000000000000000000e+00
-7.303392887115478516e-02
-9.687072038650512695e-02
-2.257460400133481926e-02
-1.089345216751098633e-01
-2.475247979164123535e-01
-2.717292911975732750e-02
-1.150594949722290039e-01
-3.749922513961791992e-01
-3.170400716035715050e-02
-1.199116110801696777e-01
-4.795676171779632568e-01
-3.483040116398683494e-02
-3.794717788696289062e-02
-4.110184907913208008e-01
9.532417658277836381e-03
-3.005862236022949219e-02
-5.513830780982971191e-01
-3.156800033963236274e-03
-2.408242225646972656e-02
-6.352108716964721680e-01
-1.946747906177392906e-02
-1.675349473953247070e-02
-7.119980156421661377e-01
-3.285930163829675621e-02
1.085799932479858398e-02
-4.104599952697753906e-01
4.580808359690990983e-03
2.425068616867065430e-02
-5.655418932437896729e-01
-3.406099953195962371e-03
3.479856252670288086e-02
-6.598441898822784424e-01
-1.761324189274660057e-02
4.401534795761108398e-02
-7.410971075296401978e-01
-2.963815301328054375e-02
5.375021696090698242e-02
-3.798462152481079102e-01
-6.516896632007274093e-03
6.882011890411376953e-02
-5.264162123203277588e-01
-1.790725856690755791e-02
7.626396417617797852e-02
-6.147751212120056152e-01
-2.689161382286897606e-02
8.061474561691284180e-02
-6.957132518291473389e-01
-3.464886031716218895e-02
9.561389684677124023e-02
-3.257421255111694336e-01
-2.119618139832368797e-02
1.141883134841918945e-01
-4.449056386947631836e-01
-3.246440969078889793e-02
1.238966584205627441e-01
-5.192556679248809814e-01
-3.548201776712289757e-02
1.309574246406555176e-01
-5.894394218921661377e-01
-3.802313141196123070e-02
