0.000000000000000000e+00
0.000000000000000000e+00
0.000000000000000000e+00
-6.530404090881347656e-02
-1.047907471656799316e-01
-3.066851875075826683e-02
-9.951293468475341797e-02
-2.563190460205078125e-01
-4.329276016244421044e-02
-1.121451258659362793e-01
-3.825998306274414062e-01
-5.391693791636953392e-02
-1.265822052955627441e-01
-4.882526695728302002e-01
-6.340202620515356102e-02
-6.399810314178466797e-03
-4.091910719871520996e-01
-1.081955457368621865e-02
2.582967281341552734e-03
-5.590761005878448486e-01
-2.843645891437063256e-02
7.829427719116210938e-03
-6.482279598712921143e-01
-4.588485067972669640e-02
1.493644714355468750e-02
-7.287235409021377563e-01
-6.019904768356809655e-02
4.688483476638793945e-02
-3.926063776016235352e-01
-1.494462998846302071e-02
7.645916938781738281e-02
-5.516368448734283447e-01
-2.835097840318212548e-02
9.650677442550659180e-02
-6.468551754951477051e-01
-4.405785655865201988e-02
1.132827997207641602e-01
-7.290308326482772827e-01
-5.715129083284864464e-02
8.908200263977050781e-02
-3.464760780334472656e-01
-2.504775418231020012e-02
1.204858422279357910e-01
-4.913813471794128418e-01
-4.310008814820776024e-02
1.382398009300231934e-01
-5.812027454376220703e-01
-5.661445414909849205e-02
1.527251601219177246e-01
-6.654500067234039307e-01
-6.720747730025777855e-02
1.259205937385559082e-01
-2.790142893791198730e-01
-3.854536196479330101e-02
1.607229709625244141e-01
-3.879248499870300293e-01
-5.659574946650991478e-02
1.841358542442321777e-01
-4.600329399108886719e-01
-6.432528725156316796e-02
2.057697176933288574e-01
-5.322078466415405273e-01
-7.013031026610860863e-02
