0.000000000000000000e+00
0.000000000000000000e+00
0.000000000000000000e+00
-8.692771196365356445e-02
1.289010047912597656e-03
-2.800861426385381492e-02
-1.682860255241394043e-01
-6.429350376129150391e-02
-4.304581002088525565e-02
-2.266086637973785400e-01
-1.306540966033935547e-01
-5.702398956509568961e-02
-2.811200618743896484e-01
-1.753956675529479980e-01
-7.022240997048356803e-02
-1.639665365219116211e-01
-2.878214120864868164e-01
-1.270229329111316474e-02
-2.112079560756683350e-01
-4.122300148010253906e-01
-3.229135886522271903e-02
-2.414816319942474365e-01
-4.811784923076629639e-01
-5.200585589500406059e-02
-2.700282633304595947e-01
-5.434818863868713379e-01
-6.761155516596772941e-02
-1.246660351753234863e-01
-3.348735570907592773e-01
-1.877949812205770286e-02
-1.712784767150878906e-01
-4.782524704933166504e-01
-3.443841502758004935e-02
-2.005618214607238770e-01
-5.643438994884490967e-01
-5.164229363890626701e-02
-2.282217144966125488e-01
-6.370536684989929199e-01
-6.559785694571473869e-02
-8.004266023635864258e-02
-3.510239720344543457e-01
-3.013464488776662620e-02
-1.225976347923278809e-01
-4.840177595615386963e-01
-4.695680976601579459e-02
-1.505846977233886719e-01
-5.662633180618286133e-01
-5.899172142835595878e-02
-1.790415048599243164e-01
-6.397753357887268066e-01
-6.913229317160585197e-02
-2.958798408508300781e-02
-3.463883996009826660e-01
-4.505212844105699332e-02
-5.503267049789428711e-02
-4.594761133193969727e-01
-6.044896931143739494e-02
-7.282292842864990234e-02
-5.337412059307098389e-01
-6.645692378970124992e-02
-9.156090021133422852e-02
-6.046940088272094727e-01
-7.150433451624849113e-02
