0.000000000000000000e+00
0.000000000000000000e+00
0.000000000000000000e+00
-7.173168659210205078e-02
-9.641772508621215820e-02
-1.648594121175506189e-02
-1.115214824676513672e-01
-2.393380999565124512e-01
-1.810891608434417321e-02
-1.274722218513488770e-01
-3.517357110977172852e-01
-2.054685408907630517e-02
-1.462686061859130859e-01
-4.303535819053649902e-01
-2.237991298275687768e-02
-2.784836292266845703e-02
-3.928369283676147461e-01
1.459805985254547522e-02
-1.596534252166748047e-02
-5.238502919673919678e-01
6.357589189832424381e-03
-5.973637104034423828e-03
-5.999122560024261475e-01
-7.269696879262710354e-03
4.618763923645019531e-03
-6.668022871017456055e-01
-1.924577968853213861e-02
2.031034231185913086e-02
-3.865234851837158203e-01
7.905010518555855015e-03
3.856712579727172852e-02
-5.337225794792175293e-01
2.899825026219104984e-03
5.170303583145141602e-02
-6.204252839088439941e-01
-9.564607019598270199e-03
6.231027841567993164e-02
-6.934014111757278442e-01
-2.073279077845313623e-02
6.146156787872314453e-02
-3.531390428543090820e-01
-4.384080029154802105e-03
8.132809400558471680e-02
-4.919496178627014160e-01
-1.402438207256295755e-02
9.172868728637695312e-02
-5.753979682922363281e-01
-2.467372509377696588e-02
9.922093152999877930e-02
-6.496544182300567627e-01
-3.381411413388946130e-02
1.012735962867736816e-01
-2.977919578552246094e-01
-1.954837384360530450e-02
1.253927350044250488e-01
-4.127160906791687012e-01
-3.032166751759746148e-02
1.396894454956054688e-01
-4.844517111778259277e-01
-3.551586399512984826e-02
1.521954536437988281e-01
-5.543946027755737305e-01
-4.003388861852386071e-02
