0.000000000000000000e+00
0.000000000000000000e+00
0.000000000000000000e+00
-8.835691213607788086e-02
-4.138648509979248047e-03
-2.622672770201006642e-02
-1.704116463661193848e-01
-8.785438537597656250e-02
-3.270717192469874135e-02
-2.204766273498535156e-01
-1.827673316001892090e-01
-3.878991905628481618e-02
-2.641551792621612549e-01
-2.645573019981384277e-01
-4.317300621448794118e-02
-1.687182784080505371e-01
-2.897766828536987305e-01
9.375564343940823164e-03
-2.199394106864929199e-01
-3.952475786209106445e-01
-4.417905994046122942e-03
-2.518218755722045898e-01
-4.543960392475128174e-01
-2.173309441684523335e-02
-2.802962362766265869e-01
-5.157147645950317383e-01
-3.628729883610049001e-02
-1.328904628753662109e-01
-3.423780798912048340e-01
4.742409623872845259e-03
-1.806738376617431641e-01
-4.722432494163513184e-01
-3.777795881319434557e-03
-2.092208862304687500e-01
-5.541777908802032471e-01
-1.783880818663874379e-02
-2.339543104171752930e-01
-6.275758147239685059e-01
-2.996574383257666341e-02
-9.143191576004028320e-02
-3.594669699668884277e-01
-7.045759763855130586e-03
-1.331512928009033203e-01
-4.851377308368682861e-01
-1.935837458847800008e-02
-1.597228050231933594e-01
-5.597085654735565186e-01
-2.952909510611334554e-02
-1.856094598770141602e-01
-6.289107501506805420e-01
-3.828481439529696218e-02
-4.365921020507812500e-02
-3.556516766548156738e-01
-2.298180054901877156e-02
-7.725334167480468750e-02
-4.633003175258636475e-01
-3.645657230197230092e-02
-9.804731607437133789e-02
-5.325284004211425781e-01
-4.201308120070734731e-02
-1.181086301803588867e-01
-6.026499867439270020e-01
-4.657634202419558278e-02
