0.000000000000000000e+00
0.000000000000000000e+00
0.000000000000000000e+00
-7.054370641708374023e-02
-8.889847993850708008e-02
-1.752268587441108139e-02
-1.090815067291259766e-01
-2.298717498779296875e-01
-1.920189027876517684e-02
-1.229935884475708008e-01
-3.428552746772766113e-01
-2.136015956492087753e-02
-1.414561271667480469e-01
-4.198729693889617920e-01
-2.263470989853999527e-02
-2.114135026931762695e-02
-3.850777149200439453e-01
1.411871733873226731e-02
-7.660150527954101562e-03
-5.163542330265045166e-01
6.239217527053142476e-03
4.404067993164062500e-03
-5.909692943096160889e-01
-6.868798930355524135e-03
1.770442724227905273e-02
-6.555943191051483154e-01
-1.843628351778647811e-02
2.706491947174072266e-02
-3.784347176551818848e-01
8.455951053491617131e-03
4.638069868087768555e-02
-5.227316915988922119e-01
4.051985040149475026e-03
6.044745445251464844e-02
-6.082254648208618164e-01
-7.588312674471353603e-03
7.270270586013793945e-02
-6.774795651435852051e-01
-1.829777722448966415e-02
6.683039665222167969e-02
-3.462367653846740723e-01
-2.886008650222038341e-03
8.815240859985351562e-02
-4.805455207824707031e-01
-1.182719757051131637e-02
9.891545772552490234e-02
-5.611265897750854492e-01
-2.140036103517672927e-02
1.077043414115905762e-01
-6.313887536525726318e-01
-2.997931529969832809e-02
1.049373745918273926e-01
-2.924650311470031738e-01
-1.727088418991229446e-02
1.309710144996643066e-01
-3.997240066528320312e-01
-2.757970494420192153e-02
1.461773514747619629e-01
-4.694253206253051758e-01
-3.254407894999644668e-02
1.599311232566833496e-01
-5.375364720821380615e-01
-3.698848438651225479e-02
