0.000000000000000000e+00
0.000000000000000000e+00
0.000000000000000000e+00
-7.324057817459106445e-02
-9.596055746078491211e-02
-3.205821639528494416e-02
-1.073359251022338867e-01
-2.392230629920959473e-01
-4.416924318900328217e-02
-1.091865897178649902e-01
-3.686705827713012695e-01
-5.421571782460432587e-02
-1.084858179092407227e-01
-4.810319542884826660e-01
-6.237076199283819733e-02
-3.040462732315063477e-02
-4.085558652877807617e-01
-5.890620170589500049e-03
-1.658177375793457031e-02
-5.523712933063507080e-01
-2.499101846149187622e-02
-7.307887077331542969e-03
-6.382229328155517578e-01
-4.497285536160688935e-02
3.048896789550781250e-03
-7.173270285129547119e-01
-6.097371107568960724e-02
1.974409818649291992e-02
-4.032474756240844727e-01
-8.718460562135987857e-03
3.904753923416137695e-02
-5.633950829505920410e-01
-2.367428107788782654e-02
5.324679613113403320e-02
-6.615274250507354736e-01
-4.185521951546888886e-02
6.515079736709594727e-02
-7.484498620033264160e-01
-5.658232397070150910e-02
6.078511476516723633e-02
-3.669646978378295898e-01
-1.808020448913794098e-02
8.172845840454101562e-02
-5.139314532279968262e-01
-3.643076098194342194e-02
9.626841545104980469e-02
-6.064337193965911865e-01
-5.015941685667257843e-02
1.078336834907531738e-01
-6.931819617748260498e-01
-6.089278659453611908e-02
1.000877618789672852e-01
-3.057680726051330566e-01
-3.132608881821852265e-02
1.223217248916625977e-01
-4.205954074859619141e-01
-4.949509328832846222e-02
1.374112963676452637e-01
-4.955506026744842529e-01
-5.756478733053427277e-02
1.511680483818054199e-01
-5.688184499740600586e-01
-6.345356232156973419e-02
