0.000000000000000000e+00
0.000000000000000000e+00
0.000000000000000000e+00
-6.971538066864013672e-02
-8.012336492538452148e-02
-1.774737815497928750e-02
-1.111096739768981934e-01
-2.173701524734497070e-01
-1.978907565711551797e-02
-1.270534396171569824e-01
-3.298168182373046875e-01
-2.209395001767688882e-02
-1.479291319847106934e-01
-4.042481780052185059e-01
-2.364109101830536019e-02
-2.910077571868896484e-02
-3.820702433586120605e-01
1.348576676906532157e-02
-1.844596862792968750e-02
-5.097566843032836914e-01
5.999697194113196019e-03
-1.021814346313476562e-02
-5.852913558483123779e-01
-7.502382799373208400e-03
-1.822531223297119141e-03
-6.522620320320129395e-01
-1.987162809012943399e-02
1.882213354110717773e-02
-3.797987699508666992e-01
7.706845932318628911e-03
3.415036201477050781e-02
-5.221074521541595459e-01
3.079568323357761983e-03
4.517698287963867188e-02
-6.086003780364990234e-01
-9.199878379092751857e-03
5.364143848419189453e-02
-6.796970963478088379e-01
-2.051821182607227456e-02
5.889213085174560547e-02
-3.510268926620483398e-01
-3.618036342174946185e-03
7.721751928329467773e-02
-4.843481481075286865e-01
-1.288391295014434945e-02
8.676075935363769531e-02
-5.644453465938568115e-01
-2.300806733904892099e-02
9.311932325363159180e-02
-6.354386508464813232e-01
-3.206179495094829690e-02
9.770905971527099609e-02
-3.005039095878601074e-01
-1.793229597745948922e-02
1.204091906547546387e-01
-4.076438844203948975e-01
-2.902133966921383035e-02
1.334568262100219727e-01
-4.769770801067352295e-01
-3.452057222961002481e-02
1.445076465606689453e-01
-5.446540415287017822e-01
-3.935939277647548806e-02
