0.000000000000000000e+00
0.000000000000000000e+00
0.000000000000000000e+00
-8.787739276885986328e-02
-5.019158124923706055e-02
-2.753720551578453524e-02
-1.467223167419433594e-01
-1.736328601837158203e-01
-3.473570503143719179e-02
-1.723358035087585449e-01
-2.961466908454895020e-01
-4.066472060827663881e-02
-1.933639645576477051e-01
-4.002963304519653320e-01
-4.435554079560688479e-02
-1.060411930084228516e-01
-3.757552504539489746e-01
7.262181697058167629e-03
-1.217043995857238770e-01
-5.152844488620758057e-01
-6.457080858183417149e-03
-1.290071010589599609e-01
-5.985506176948547363e-01
-2.393378808943680269e-02
-1.343678236007690430e-01
-6.766573190689086914e-01
-3.825384683756283266e-02
-5.984205007553100586e-02
-3.973358273506164551e-01
4.431702402996506862e-03
-7.405775785446166992e-02
-5.503885149955749512e-01
-5.025771705788883992e-03
-8.100956678390502930e-02
-6.455985903739929199e-01
-2.065692402271679384e-02
-8.762580156326293945e-02
-7.304638624191284180e-01
-3.360361538676670534e-02
-1.676154136657714844e-02
-3.872916102409362793e-01
-5.158802288008246251e-03
-2.726387977600097656e-02
-5.294517576694488525e-01
-1.800233617274216158e-02
-3.419744968414306641e-02
-6.173588037490844727e-01
-2.901617742924145205e-02
-4.232263565063476562e-02
-6.997808218002319336e-01
-3.817006878404072268e-02
2.995234727859497070e-02
-3.553678393363952637e-01
-1.875528998522213442e-02
2.630561590194702148e-02
-4.738428592681884766e-01
-3.219091452507427675e-02
2.432161569595336914e-02
-5.501203536987304688e-01
-3.790919788031033022e-02
2.219468355178833008e-02
-6.260109245777130127e-01
-4.230916805414608461e-02
