0.000000000000000000e+00
0.000000000000000000e+00
0.000000000000000000e+00
-8.085435628890991211e-02
-3.575479984283447266e-02
-2.872440472097537167e-02
-1.463013887405395508e-01
-1.402159333229064941e-01
-4.018688641340872891e-02
-1.878944933414459229e-01
-2.386891841888427734e-01
-4.980862952621123441e-02
-2.252281606197357178e-01
-3.149035573005676270e-01
-5.804383449108740933e-02
-1.016595363616943359e-01
-3.517245650291442871e-01
-5.687350610656949357e-03
-1.213029623031616211e-01
-4.892195463180541992e-01
-2.020055308790347226e-02
-1.320924758911132812e-01
-5.702281296253204346e-01
-3.650865025670668729e-02
-1.401489377021789551e-01
-6.427704393863677979e-01
-4.990506611616751798e-02
-5.525851249694824219e-02
-3.741809725761413574e-01
-8.348482398702117280e-03
-6.979137659072875977e-02
-5.280867516994476318e-01
-1.906420171113154538e-02
-7.616591453552246094e-02
-6.213117539882659912e-01
-3.311294756682059415e-02
-8.150541782379150391e-02
-6.980322897434234619e-01
-4.481216586978575833e-02
-1.067721843719482422e-02
-3.665926456451416016e-01
-1.686557821781775601e-02
-2.060800790786743164e-02
-5.087727904319763184e-01
-3.075571611375949033e-02
-2.738165855407714844e-02
-5.969608426094055176e-01
-4.258938573153159268e-02
-3.486222028732299805e-02
-6.767356395721435547e-01
-5.217484824211737759e-02
3.584069013595581055e-02
-3.386377692222595215e-01
-2.892586096973559506e-02
3.560864925384521484e-02
-4.575952887535095215e-01
-4.341543905289313443e-02
3.420430421829223633e-02
-5.349477827548980713e-01
-5.056575752647063382e-02
3.206163644790649414e-02
-6.105019748210906982e-01
-5.597629465015074857e-02
