0.000000000000000000e+00
0.000000000000000000e+00
0.000000000000000000e+00
-8.680951595306396484e-02
-5.416643619537353516e-02
-2.901331707951726457e-02
-1.440294981002807617e-01
-1.774730682373046875e-01
-3.682622127351464769e-02
-1.683044433593750000e-01
-3.012552261352539062e-01
-4.299230687436761400e-02
-1.885262131690979004e-01
-4.061191678047180176e-01
-4.677608795580567858e-02
-1.019122600555419922e-01
-3.788964152336120605e-01
5.564636549678425581e-03
-1.144732832908630371e-01
-5.209063291549682617e-01
-8.324072697433848589e-03
-1.212402582168579102e-01
-6.052204072475433350e-01
-2.579857409116925737e-02
-1.268307566642761230e-01
-6.835729181766510010e-01
-4.007261432823838732e-02
-5.471062660217285156e-02
-3.982942700386047363e-01
3.579111302968840391e-03
-6.595444679260253906e-02
-5.528472959995269775e-01
-5.888354500058312624e-03
-7.105618715286254883e-02
-6.486110985279083252e-01
-2.120861970004739305e-02
-7.627725601196289062e-02
-7.341623902320861816e-01
-3.385247103986444017e-02
-1.101940870285034180e-02
-3.859279751777648926e-01
-5.222573877546210497e-03
-1.893967390060424805e-02
-5.290086269378662109e-01
-1.838446222362222215e-02
-2.400964498519897461e-02
-6.180285811424255371e-01
-2.914930321392716905e-02
-3.062582015991210938e-02
-7.015709578990936279e-01
-3.791045583901109239e-02
3.623342514038085938e-02
-3.513059616088867188e-01
-1.810264587518872759e-02
3.526896238327026367e-02
-4.699642658233642578e-01
-3.170349635300340196e-02
3.519600629806518555e-02
-5.459147095680236816e-01
-3.702129982528390428e-02
3.473466634750366211e-02
-6.213196516036987305e-01
-4.093118570861520311e-02
