0.000000000000000000e+00
0.000000000000000000e+00
0.000000000000000000e+00
-7.799619436264038086e-02
-7.978212833404541016e-02
-2.987839858445795471e-02
-1.282810568809509277e-01
-2.216365933418273926e-01
-4.053114372703703339e-02
-1.548454761505126953e-01
-3.439619541168212891e-01
-4.963577556821974213e-02
-1.782814264297485352e-01
-4.443781673908233643e-01
-5.741551536533506805e-02
-5.599564313888549805e-02
-4.045531749725341797e-01
-4.838899890216907806e-03
-6.535154581069946289e-02
-5.514611899852752686e-01
-2.095021884355219299e-02
-6.987357139587402344e-02
-6.381608247756958008e-01
-3.831622395131262238e-02
-7.137691974639892578e-02
-7.190653681755065918e-01
-5.282826367232473785e-02
-3.233253955841064453e-03
-4.070997834205627441e-01
-9.113562474283298798e-03
4.761278629302978516e-03
-5.699593126773834229e-01
-2.088222670766981537e-02
1.166874170303344727e-02
-6.688501536846160889e-01
-3.655323404285582001e-02
1.768082380294799805e-02
-7.545868903398513794e-01
-4.983873683426054413e-02
4.252797365188598633e-02
-3.758338093757629395e-01
-1.972045022461088593e-02
5.417782068252563477e-02
-5.262196063995361328e-01
-3.589092958185347015e-02
5.968683958053588867e-02
-6.177939176559448242e-01
-4.839579034063490326e-02
6.355887651443481445e-02
-7.036646157503128052e-01
-5.854235607597502167e-02
8.514934778213500977e-02
-3.216217756271362305e-01
-3.397476318690451080e-02
1.033573150634765625e-01
-4.412737786769866943e-01
-5.042624864194067413e-02
1.159830093383789062e-01
-5.193523168563842773e-01
-5.726232770297201569e-02
1.280794143676757812e-01
-5.966574847698211670e-01
-6.262589264127882416e-02
