0.000000000000000000e+00
0.000000000000000000e+00
0.000000000000000000e+00
-7.031142711639404297e-02
-9.166306257247924805e-02
-3.205887712186950012e-02
-1.119554638862609863e-01
-2.380842566490173340e-01
-4.539476818985122009e-02
-1.319596171379089355e-01
-3.653235435485839844e-01
-5.630365125483649535e-02
-1.524755358695983887e-01
-4.674474596977233887e-01
-6.598775200194495483e-02
-2.810746431350708008e-02
-4.051109552383422852e-01
-1.111310086793082519e-02
-2.717846632003784180e-02
-5.529945194721221924e-01
-2.829903848117965026e-02
-2.716296911239624023e-02
-6.407159864902496338e-01
-4.606067500657218261e-02
-2.462935447692871094e-02
-7.199943810701370239e-01
-6.074942014760154052e-02
2.585124969482421875e-02
-3.981813788414001465e-01
-1.371089294201510711e-02
4.738366603851318359e-02
-5.575110018253326416e-01
-2.640153951591628356e-02
6.153458356857299805e-02
-6.532459855079650879e-01
-4.205899051970618530e-02
7.288652658462524414e-02
-7.357106655836105347e-01
-5.535768456405776305e-02
7.000231742858886719e-02
-3.603740930557250977e-01
-2.233255207187312408e-02
9.165269136428833008e-02
-5.061382353305816650e-01
-3.895915038532393737e-02
1.031301617622375488e-01
-5.981430709362030029e-01
-5.285992584771292968e-02
1.120558381080627441e-01
-6.837325394153594971e-01
-6.417179964131491943e-02
1.101151108741760254e-01
-3.002254366874694824e-01
-3.449336178249495788e-02
1.376085281372070312e-01
-4.127814173698425293e-01
-5.142362154668944640e-02
1.554200053215026855e-01
-4.873884022235870361e-01
-5.961275957173484130e-02
1.714394688606262207e-01
-5.618652403354644775e-01
-6.604399643487113281e-02
