0.000000000000000000e+00
0.000000000000000000e+00
0.000000000000000000e+00
-8.613044023513793945e-02
-2.390682697296142578e-03
-2.852722502632332180e-02
-1.664770841598510742e-01
-7.255113124847412109e-02
-4.260032124204826687e-02
-2.243317067623138428e-01
-1.441813111305236816e-01
-5.565395451469612453e-02
-2.769558727741241455e-01
-1.947333812713623047e-01
-6.772341079397392605e-02
-1.599462628364562988e-01
-2.906193137168884277e-01
-1.014016348256063793e-02
-2.053048908710479736e-01
-4.138018488883972168e-01
-2.917418129129600857e-02
-2.347691357135772705e-01
-4.819540083408355713e-01
-4.843421898169708584e-02
-2.623445987701416016e-01
-5.434996485710144043e-01
-6.365264452381325100e-02
-1.197488307952880859e-01
-3.374637961387634277e-01
-1.574926323576164577e-02
-1.636183857917785645e-01
-4.832574427127838135e-01
-3.046052030606460903e-02
-1.919773817062377930e-01
-5.695448815822601318e-01
-4.675618431849670742e-02
-2.188048660755157471e-01
-6.414225101470947266e-01
-5.999731890244675014e-02
-7.483154535293579102e-02
-3.523449301719665527e-01
-2.704080998285007809e-02
-1.154586672782897949e-01
-4.888186454772949219e-01
-4.356012366099548672e-02
-1.429552435874938965e-01
-5.692597329616546631e-01
-5.501745513959122036e-02
-1.708024740219116211e-01
-6.404326558113098145e-01
-6.453840679807854031e-02
-2.443218231201171875e-02
-3.453598022460937500e-01
-4.202715180201721523e-02
-4.818022251129150391e-02
-4.609766602516174316e-01
-5.759895465655517910e-02
-6.531429290771484375e-02
-5.360354781150817871e-01
-6.366118288917732571e-02
-8.324128389358520508e-02
-6.074502468109130859e-01
-6.859787053747368191e-02
