0.000000000000000000e+00
0.000000000000000000e+00
0.000000000000000000e+00
-8.515626192092895508e-02
-5.132162570953369141e-02
-2.916226522572173963e-02
-1.510088443756103516e-01
-1.687970161437988281e-01
-4.047270478255882153e-02
-1.917186379432678223e-01
-2.758823633193969727e-01
-5.025934787042274365e-02
-2.270919382572174072e-01
-3.634649515151977539e-01
-5.867280052549972424e-02
-1.017452478408813477e-01
-3.702815175056457520e-01
-6.301121651603125429e-03
-1.257604956626892090e-01
-5.123050808906555176e-01
-2.291844771750106702e-02
-1.400280594825744629e-01
-5.938770174980163574e-01
-4.010826335795059094e-02
-1.511973738670349121e-01
-6.708905994892120361e-01
-5.428091423161163220e-02
-5.244570970535278320e-02
-3.923643827438354492e-01
-1.040167999960317502e-02
-6.501913070678710938e-02
-5.531339943408966064e-01
-2.310210266657009015e-02
-7.024782896041870117e-02
-6.496953070163726807e-01
-3.855756284244193921e-02
-7.555299997329711914e-02
-7.336707711219787598e-01
-5.148814232595100293e-02
-5.422532558441162109e-03
-3.809980750083923340e-01
-2.059344747610225568e-02
-1.333403587341308594e-02
-5.297201275825500488e-01
-3.706931681878700147e-02
-1.844090223312377930e-02
-6.190492510795593262e-01
-4.892820106394424329e-02
-2.541881799697875977e-02
-7.016267031431198120e-01
-5.844769240863456616e-02
4.203373193740844727e-02
-3.474874496459960938e-01
-3.432076783425941358e-02
4.324358701705932617e-02
-4.699592590332031250e-01
-5.074869827873840222e-02
4.532903432846069336e-02
-5.497527420520782471e-01
-5.739316703326835523e-02
4.650688171386718750e-02
-6.279441118240356445e-01
-6.249485523946418652e-02
