0.000000000000000000e+00
0.000000000000000000e+00
0.000000000000000000e+00
-7.563126087188720703e-02
-8.263486623764038086e-02
-3.112616733494633081e-02
-1.256887912750244141e-01
-2.249103188514709473e-01
-4.343337722900741937e-02
-1.522578597068786621e-01
-3.484454154968261719e-01
-5.385689967158668878e-02
-1.769010424613952637e-01
-4.483957588672637939e-01
-6.281512015345924738e-02
-4.726183414459228516e-02
-4.058150053024291992e-01
-6.765631202938493516e-03
-5.307090282440185547e-02
-5.535604357719421387e-01
-2.355531387809151056e-02
-5.747437477111816406e-02
-6.404858529567718506e-01
-4.148831748250358942e-02
-5.946737527847290039e-02
-7.205297052860260010e-01
-5.632348888400429132e-02
4.810452461242675781e-03
-4.053752422332763672e-01
-1.033077639374369028e-02
1.748937368392944336e-02
-5.666860044002532959e-01
-2.269375854018562677e-02
2.711373567581176758e-02
-6.648613810539245605e-01
-3.844564565304153803e-02
3.509336709976196289e-02
-7.496996521949768066e-01
-5.170704581621521356e-02
4.923611879348754883e-02
-3.728383183479309082e-01
-2.029640943590038660e-02
6.352806091308593750e-02
-5.223651528358459473e-01
-3.701169946077698114e-02
7.153779268264770508e-02
-6.135306954383850098e-01
-5.034363054517143610e-02
7.762581110000610352e-02
-6.983959525823593140e-01
-6.095691927555435541e-02
9.103548526763916016e-02
-3.177594542503356934e-01
-3.396342851999634149e-02
1.123600006103515625e-01
-4.355813860893249512e-01
-5.102584668281906488e-02
1.271151304244995117e-01
-5.127857029438018799e-01
-5.882211186769836786e-02
1.409640312194824219e-01
-5.890788435935974121e-01
-6.478420429709785822e-02
