0.000000000000000000e+00
0.000000000000000000e+00
0.000000000000000000e+00
-8.031648397445678711e-02
-6.976926326751708984e-02
-2.885197693930763307e-02
-1.395804882049560547e-01
-1.991107463836669922e-01
-3.962057674752372805e-02
-1.736317873001098633e-01
-3.121780157089233398e-01
-4.893398503290313784e-02
-2.029559016227722168e-01
-4.044571518898010254e-01
-5.701280231104988161e-02
-7.938873767852783203e-02
-3.923789262771606445e-01
-6.298644323663893374e-03
-9.673023223876953125e-02
-5.375207960605621338e-01
-2.301929923223156038e-02
-1.064609289169311523e-01
-6.228632032871246338e-01
-4.056461373792785707e-02
-1.129484772682189941e-01
-7.030289024114608765e-01
-5.509393135534423891e-02
-2.777910232543945312e-02
-4.054241180419921875e-01
-1.079811746703285280e-02
-2.985107898712158203e-02
-5.688397586345672607e-01
-2.297017941700119081e-02
-2.864938974380493164e-02
-6.679551303386688232e-01
-3.824713299499649111e-02
-2.777755260467529297e-02
-7.542062699794769287e-01
-5.122957969533104006e-02
1.980930566787719727e-02
-3.836027383804321289e-01
-2.143787624763149324e-02
2.241718769073486328e-02
-5.334337949752807617e-01
-3.744743610249656740e-02
2.293944358825683594e-02
-6.243299245834350586e-01
-4.938746089564460817e-02
2.130365371704101562e-02
-7.091984301805496216e-01
-5.922591159568924013e-02
6.626051664352416992e-02
-3.381123542785644531e-01
-3.564790109621185366e-02
7.723569869995117188e-02
-4.584468603134155273e-01
-5.164094860182899538e-02
8.471608161926269531e-02
-5.366818606853485107e-01
-5.805755252467292848e-02
9.095162153244018555e-02
-6.142994463443756104e-01
-6.318312729226249758e-02
