0.000000000000000000e+00
0.000000000000000000e+00
0.000000000000000000e+00
-7.720315456390380859e-02
-7.628226280212402344e-02
-3.102592112114166412e-02
-1.309805512428283691e-01
-2.174355387687683105e-01
-4.269971059252952728e-02
-1.595724821090698242e-01
-3.399948477745056152e-01
-5.240117864300941619e-02
-1.836883425712585449e-01
-4.399005770683288574e-01
-6.082378061105941924e-02
-5.546432733535766602e-02
-4.041137695312500000e-01
-7.704008497199765770e-03
-6.487661600112915039e-02
-5.514953434467315674e-01
-2.439679497470592651e-02
-7.040166854858398438e-02
-6.382285654544830322e-01
-4.206377746154998931e-02
-7.303816080093383789e-02
-7.183056771755218506e-01
-5.680133135606979522e-02
-2.948760986328125000e-03
-4.067533016204833984e-01
-1.112159633626674804e-02
6.442487239837646484e-03
-5.698299109935760498e-01
-2.349410311867927703e-02
1.381301879882812500e-02
-6.686423420906066895e-01
-3.931804852177833709e-02
1.930570602416992188e-02
-7.540509253740310669e-01
-5.279997469475006255e-02
4.212564229965209961e-02
-3.775967955589294434e-01
-2.089386352886890563e-02
5.320972204208374023e-02
-5.278083086013793945e-01
-3.759878979613517913e-02
5.830585956573486328e-02
-6.202348470687866211e-01
-5.145488785197471771e-02
6.121343374252319336e-02
-7.058019191026687622e-01
-6.261921034743522796e-02
8.441388607025146484e-02
-3.265334367752075195e-01
-3.431227909018730315e-02
1.030454039573669434e-01
-4.455727934837341309e-01
-5.156803981950019988e-02
1.155024170875549316e-01
-5.249892771244049072e-01
-6.022795768072342071e-02
1.264108419418334961e-01
-6.033445596694946289e-01
-6.701071666171287688e-02
