0.000000000000000000e+00
0.000000000000000000e+00
0.000000000000000000e+00
-8.925920724868774414e-02
-2.667856216430664062e-02
-3.017186313311981394e-02
-1.568046212196350098e-01
-1.316703557968139648e-01
-3.888359978239463999e-02
-1.951330304145812988e-01
-2.424167394638061523e-01
-4.626581757705139353e-02
-2.259849309921264648e-01
-3.399689197540283203e-01
-5.136779635589050486e-02
-1.364910006523132324e-01
-3.398627042770385742e-01
7.224239544910915356e-03
-1.675059199333190918e-01
-4.740131497383117676e-01
-7.405518418210021991e-03
-1.868134140968322754e-01
-5.532664358615875244e-01
-2.590536824803280069e-02
-2.042610943317413330e-01
-6.285603642463684082e-01
-4.126254408996032907e-02
-9.394931793212890625e-02
-3.762326836585998535e-01
5.161967264456279736e-03
-1.244313120841979980e-01
-5.246913731098175049e-01
-4.873444655942194004e-03
-1.425578594207763672e-01
-6.167416572570800781e-01
-2.118316232602523996e-02
-1.596621870994567871e-01
-6.984821856021881104e-01
-3.489321037571357920e-02
-5.139499902725219727e-02
-3.785729408264160156e-01
-4.051354577796928425e-03
-7.694166898727416992e-02
-5.163346827030181885e-01
-1.668464518527912333e-02
-9.300237894058227539e-02
-6.004353463649749756e-01
-2.713865540366100504e-02
-1.093897223472595215e-01
-6.780025959014892578e-01
-3.631944149177002146e-02
-3.420352935791015625e-03
-3.590325117111206055e-01
-1.773665412704872324e-02
-2.146607637405395508e-02
-4.722579717636108398e-01
-3.049041643183159067e-02
-3.312712907791137695e-02
-5.443261861801147461e-01
-3.571236073415207102e-02
-4.466867446899414062e-02
-6.159434318542480469e-01
-4.022403373758720591e-02
