0.000000000000000000e+00
0.000000000000000000e+00
0.000000000000000000e+00
-8.688342571258544922e-02
-3.092706203460693359e-02
-2.639832577554557247e-02
-1.598706841468811035e-01
-1.312097311019897461e-01
-3.702466047255370540e-02
-2.063957452774047852e-01
-2.261542677879333496e-01
-4.667371741382453365e-02
-2.490258216857910156e-01
-3.002812862396240234e-01
-5.543875551668975277e-02
-1.289834380149841309e-01
-3.421078920364379883e-01
-7.010960456710790822e-03
-1.626061201095581055e-01
-4.769359827041625977e-01
-2.411712563483092708e-02
-1.833918690681457520e-01
-5.550203323364257812e-01
-4.183427846876952572e-02
-2.016015052795410156e-01
-6.278233528137207031e-01
-5.631077519504401607e-02
-8.243519067764282227e-02
-3.761605024337768555e-01
-1.248893651066396160e-02
-1.080071330070495605e-01
-5.313750803470611572e-01
-2.540789029447410030e-02
-1.221027970314025879e-01
-6.255978345870971680e-01
-4.095027825681540889e-02
-1.355299949645996094e-01
-7.070827335119247437e-01
-5.400479442326400203e-02
-3.520226478576660156e-02
-3.756289482116699219e-01
-2.348836368767592830e-02
-5.616813898086547852e-02
-5.224086642265319824e-01
-3.913629284946296139e-02
-6.860679388046264648e-02
-6.083857715129852295e-01
-4.967085874525878353e-02
-8.245450258255004883e-02
-6.868153214454650879e-01
-5.856423309890601558e-02
1.385343074798583984e-02
-3.515542149543762207e-01
-3.786896026579711361e-02
5.420982837677001953e-03
-4.732379019260406494e-01
-5.326441160289618892e-02
1.360177993774414062e-04
-5.530955791473388672e-01
-5.863368368594024105e-02
-6.135642528533935547e-03
-6.302700340747833252e-01
-6.290935209838721676e-02
