0.000000000000000000e+00
0.000000000000000000e+00
0.000000000000000000e+00
-7.934498786926269531e-02
-5.190026760101318359e-02
-2.608652077708484285e-02
-1.383458375930786133e-01
-1.621084213256835938e-01
-3.450952693913222902e-02
-1.749572753906250000e-01
-2.611336112022399902e-01
-4.167127087805511110e-02
-2.059853971004486084e-01
-3.388138413429260254e-01
-4.727367535326720827e-02
-8.251589536666870117e-02
-3.585693240165710449e-01
4.837543330154403520e-03
-9.392112493515014648e-02
-4.887056946754455566e-01
-5.518935062923446822e-03
-9.999650716781616211e-02
-5.636231005191802979e-01
-2.027954384777785890e-02
-1.044838428497314453e-01
-6.322521269321441650e-01
-3.307264894340278261e-02
-3.554487228393554688e-02
-3.753092288970947266e-01
2.516670011914357019e-03
-4.156011343002319336e-02
-5.200374126434326172e-01
-4.498427641578928160e-03
-4.377484321594238281e-02
-6.077606678009033203e-01
-1.760883666668178194e-02
-4.652619361877441406e-02
-6.819057315587997437e-01
-2.899442836735488527e-02
8.059799671173095703e-03
-3.634443283081054688e-01
-5.983111356385961699e-03
4.505395889282226562e-03
-4.978195130825042725e-01
-1.748411022219897859e-02
2.083063125610351562e-03
-5.791512131690979004e-01
-2.881138622853995912e-02
-1.598000526428222656e-03
-6.538784801959991455e-01
-3.794961273763419740e-02
5.249124765396118164e-02
-3.306557536125183105e-01
-1.797180287633182161e-02
5.706816911697387695e-02
-4.441296458244323730e-01
-3.079577945266009920e-02
5.907231569290161133e-02
-5.174408257007598877e-01
-3.748428300116302125e-02
6.070482730865478516e-02
-5.905476212501525879e-01
-4.258951023314239137e-02
