0.000000000000000000e+00
0.000000000000000000e+00
0.000000000000000000e+00
-8.567750453948974609e-02
-5.667072534561157227e-02
-2.966962750167567719e-02
-1.433869004249572754e-01
-1.788816452026367188e-01
-3.886956158191878785e-02
-1.689124107360839844e-01
-3.025580048561096191e-01
-4.648806336433608521e-02
-1.869308948516845703e-01
-4.101684093475341797e-01
-5.180310639650542726e-02
-1.041874289512634277e-01
-3.769434690475463867e-01
4.887577657541442022e-03
-1.192809939384460449e-01
-5.197454392910003662e-01
-1.072069066674430360e-02
-1.277632713317871094e-01
-6.042366325855255127e-01
-2.954545053751189698e-02
-1.343373060226440430e-01
-6.842571198940277100e-01
-4.510078388364036073e-02
-5.674827098846435547e-02
-4.009148478507995605e-01
2.345879840618181333e-03
-7.024377584457397461e-02
-5.574082136154174805e-01
-8.836789011070322886e-03
-7.605844736099243164e-02
-6.535781919956207275e-01
-2.592574614197928895e-02
-8.247739076614379883e-02
-7.407789677381515503e-01
-4.022041144878585328e-02
-1.275748014450073242e-02
-3.905162215232849121e-01
-7.075240324297737970e-03
-2.246564626693725586e-02
-5.348795950412750244e-01
-2.148466925234515656e-02
-2.688705921173095703e-02
-6.229890584945678711e-01
-3.337123799235541810e-02
-3.318423032760620117e-02
-7.048756629228591919e-01
-4.328755843550879945e-02
3.424692153930664062e-02
-3.554961681365966797e-01
-2.056012856871802796e-02
2.846819162368774414e-02
-4.733572900295257568e-01
-3.496815073401648988e-02
2.584123611450195312e-02
-5.475441813468933105e-01
-4.102133023650367250e-02
2.339959144592285156e-02
-6.198950409889221191e-01
-4.591234210045058717e-02
