0.000000000000000000e+00
0.000000000000000000e+00
0.000000000000000000e+00
-6.837040185928344727e-02
-1.082093119621276855e-01
-2.883133333025966749e-02
-9.510499238967895508e-02
-2.581557631492614746e-01
-4.014149535296951399e-02
-9.196811914443969727e-02
-3.855699896812438965e-01
-4.977523390053306684e-02
-9.220629930496215820e-02
-4.925874769687652588e-01
-5.796629045008216963e-02
-1.422566175460815430e-02
-4.098466634750366211e-01
-8.715534059689389323e-03
6.155669689178466797e-03
-5.534380972385406494e-01
-2.895745117066894636e-02
2.130013704299926758e-02
-6.391866803169250488e-01
-4.880550730823074446e-02
3.802436590194702148e-02
-7.158043384552001953e-01
-6.413913372753654585e-02
3.582561016082763672e-02
-3.963245153427124023e-01
-1.292776916025673017e-02
6.037443876266479492e-02
-5.574493408203125000e-01
-2.854046638904605970e-02
7.849282026290893555e-02
-6.546768844127655029e-01
-4.631806392072235212e-02
9.464061260223388672e-02
-7.398883551359176636e-01
-6.065098050831352339e-02
7.671695947647094727e-02
-3.540080785751342773e-01
-2.294956002234016523e-02
1.024828553199768066e-01
-5.031781494617462158e-01
-4.133826348780189619e-02
1.189969778060913086e-01
-5.985704958438873291e-01
-5.475295562146698103e-02
1.322516202926635742e-01
-6.849757432937622070e-01
-6.527495983837638960e-02
1.158186197280883789e-01
-2.869095802307128906e-01
-3.643809113501106367e-02
1.454795598983764648e-01
-4.029163122177124023e-01
-5.417038727401290998e-02
1.643206477165222168e-01
-4.795643091201782227e-01
-6.173445883987938032e-02
1.798965334892272949e-01
-5.539785623550415039e-01
-6.727496389149223432e-02
