0.000000000000000000e+00
0.000000000000000000e+00
0.000000000000000000e+00
-8.833217620849609375e-02
-2.523696422576904297e-02
-2.576745216791209714e-02
-1.603864431381225586e-01
-1.263488531112670898e-01
-3.394330580775317685e-02
-2.035583257675170898e-01
-2.285798788070678711e-01
-4.165231351797160642e-02
-2.421939074993133545e-01
-3.155945539474487305e-01
-4.785030250494060056e-02
-1.452702879905700684e-01
-3.298947811126708984e-01
3.750303908617524939e-03
-1.845492124557495117e-01
-4.528735876083374023e-01
-1.152333532516536252e-02
-2.087930440902709961e-01
-5.264346599578857422e-01
-2.919643101338920133e-02
-2.304727733135223389e-01
-5.943319201469421387e-01
-4.342185621206340329e-02
-1.033594608306884766e-01
-3.674060702323913574e-01
-8.093273179667903605e-04
-1.354531049728393555e-01
-5.093291699886322021e-01
-1.141656664256629483e-02
-1.550859808921813965e-01
-5.952906012535095215e-01
-2.670048651341971890e-02
-1.735696196556091309e-01
-6.705183982849121094e-01
-3.915080343429622189e-02
-5.978626012802124023e-02
-3.743101358413696289e-01
-1.156226088349399106e-02
-9.073746204376220703e-02
-5.060683190822601318e-01
-2.427341331784305112e-02
-1.110455989837646484e-01
-5.861999392509460449e-01
-3.307903845851001279e-02
-1.310724616050720215e-01
-6.593731343746185303e-01
-4.062339578811702268e-02
-1.284551620483398438e-02
-3.587053418159484863e-01
-2.626791325454291837e-02
-3.397631645202636719e-02
-4.741165041923522949e-01
-3.825080310051021115e-02
-4.654371738433837891e-02
-5.486698746681213379e-01
-4.140915636961040036e-02
-5.844318866729736328e-02
-6.195622086524963379e-01
-4.397764717285213010e-02
