0.000000000000000000e+00
0.000000000000000000e+00
0.000000000000000000e+00
-7.844412326812744141e-02
-8.492350578308105469e-02
-2.873405102769766017e-02
-1.186772584915161133e-01
-2.272899150848388672e-01
-3.688972104470167324e-02
-1.267564892768859863e-01
-3.590400218963623047e-01
-4.382141713182363674e-02
-1.323239207267761230e-01
-4.704803824424743652e-01
-4.849169809500608608e-02
-5.142158269882202148e-02
-4.084476232528686523e-01
9.469191207188032422e-03
-4.414165019989013672e-02
-5.482532382011413574e-01
-4.522133489501811709e-03
-3.660094738006591797e-02
-6.306581497192382812e-01
-2.282720837871465847e-02
-2.746921777725219727e-02
-7.075215727090835571e-01
-3.825027901808653041e-02
-1.409769058227539062e-03
-4.127325415611267090e-01
6.547121925848387036e-03
1.069533824920654297e-02
-5.663849711418151855e-01
-3.095826237824894633e-03
2.258896827697753906e-02
-6.581873595714569092e-01
-1.957354728261861965e-02
3.292846679687500000e-02
-7.390581965446472168e-01
-3.371751714627180263e-02
3.957831859588623047e-02
-3.850889801979064941e-01
-3.569358132210709300e-03
5.371487140655517578e-02
-5.279124677181243896e-01
-1.756329123060140773e-02
6.370639801025390625e-02
-6.162168383598327637e-01
-2.968718517701063320e-02
7.166409492492675781e-02
-6.987278163433074951e-01
-3.995561633388433620e-02
8.050054311752319336e-02
-3.324226140975952148e-01
-1.768536713103685543e-02
9.289640188217163086e-02
-4.511054158210754395e-01
-3.261280466000471279e-02
1.018206477165222168e-01
-5.249158740043640137e-01
-3.920315612236890956e-02
1.106207370758056641e-01
-5.975361168384552002e-01
-4.454037580768499538e-02
