0.000000000000000000e+00
0.000000000000000000e+00
0.000000000000000000e+00
-7.849401235580444336e-02
-7.828646898269653320e-02
-3.150775596503763154e-02
-1.320849657058715820e-01
-2.201205492019653320e-01
-4.378392860297708467e-02
-1.593295335769653320e-01
-3.445672988891601562e-01
-5.394669190053491548e-02
-1.846428513526916504e-01
-4.435320496559143066e-01
-6.267668992285280183e-02
-5.572372674942016602e-02
-4.050887227058410645e-01
-8.584047071678924112e-03
-6.270748376846313477e-02
-5.528312623500823975e-01
-2.561086542908697083e-02
-6.758099794387817383e-02
-6.400949954986572266e-01
-4.352486446504144624e-02
-7.023119926452636719e-02
-7.207950800657272339e-01
-5.842120885853319123e-02
-3.168642520904541016e-03
-4.078377485275268555e-01
-1.185611482713966325e-02
7.768392562866210938e-03
-5.693555772304534912e-01
-2.437505811457185700e-02
1.611870527267456055e-02
-6.675867140293121338e-01
-3.993648976091890290e-02
2.278238534927368164e-02
-7.522241026163101196e-01
-5.321732848886995271e-02
4.199755191802978516e-02
-3.774620294570922852e-01
-2.146366924051790193e-02
5.437958240509033203e-02
-5.256040692329406738e-01
-3.796826243404893830e-02
6.064629554748535156e-02
-6.168003082275390625e-01
-5.125582158569841340e-02
6.503266096115112305e-02
-7.008330225944519043e-01
-6.203008756045846894e-02
8.453536033630371094e-02
-3.242172598838806152e-01
-3.482747763399629548e-02
1.039234399795532227e-01
-4.423829317092895508e-01
-5.179723292593507722e-02
1.169319152832031250e-01
-5.204500257968902588e-01
-5.988580673937349275e-02
1.289687156677246094e-01
-5.970293581485748291e-01
-6.617350816731004670e-02
