0.000000000000000000e+00
0.000000000000000000e+00
0.000000000000000000e+00
-7.765024900436401367e-02
-7.869064807891845703e-02
-2.939657943522888672e-02
-1.301276683807373047e-01
-2.153312563896179199e-01
-4.048684874749142182e-02
-1.599223613739013672e-01
-3.332059979438781738e-01
-5.018116796588856232e-02
-1.857874393463134766e-01
-4.324484467506408691e-01
-5.850076565718609345e-02
-6.140238046646118164e-02
-4.022814631462097168e-01
-4.483127800881447911e-03
-7.276064157485961914e-02
-5.492333769798278809e-01
-2.092607768452126038e-02
-7.894361019134521484e-02
-6.354159414768218994e-01
-3.870268801426846039e-02
-8.197414875030517578e-02
-7.158552557229995728e-01
-5.338013062453228486e-02
-9.356379508972167969e-03
-4.076639413833618164e-01
-8.860742507636132359e-03
-4.704296588897705078e-03
-5.700618624687194824e-01
-2.089661436355072510e-02
3.743171691894531250e-04
-6.692688167095184326e-01
-3.671635577654797089e-02
4.724800586700439453e-03
-7.554230242967605591e-01
-5.010723212933498871e-02
3.692466020584106445e-02
-3.793653249740600586e-01
-1.957865508472877991e-02
4.588371515274047852e-02
-5.292873680591583252e-01
-3.558694461560207856e-02
5.023854970932006836e-02
-6.200254857540130615e-01
-4.789086694097477448e-02
5.228781700134277344e-02
-7.049442231655120850e-01
-5.789533892846066010e-02
8.084553480148315430e-02
-3.284521102905273438e-01
-3.394715005731541169e-02
9.755432605743408203e-02
-4.486759006977081299e-01
-4.999527597999531281e-02
1.088185906410217285e-01
-5.265398919582366943e-01
-5.660460779643017304e-02
1.188946962356567383e-01
-6.033544242382049561e-01
-6.178905332660633576e-02
