0.000000000000000000e+00
0.000000000000000000e+00
0.000000000000000000e+00
-8.771634101867675781e-02
-2.424895763397216797e-03
-2.832326651409289298e-02
-1.692858338356018066e-01
-7.633948326110839844e-02
-4.078969345286509451e-02
-2.254764735698699951e-01
-1.520109176635742188e-01
-5.214388654425761160e-02
-2.762678861618041992e-01
-2.067695856094360352e-01
-6.229380131557604727e-02
-1.595687270164489746e-01
-2.958834767341613770e-01
-7.235759262442797990e-03
-2.038329541683197021e-01
-4.198369383811950684e-01
-2.465822906091830191e-02
-2.318376302719116211e-01
-4.898568987846374512e-01
-4.264881075218340811e-02
-2.574657201766967773e-01
-5.526142120361328125e-01
-5.692921192243716177e-02
-1.182467937469482422e-01
-3.417161107063293457e-01
-1.198769253537079749e-02
-1.600282788276672363e-01
-4.883180558681488037e-01
-2.511807330742499289e-02
-1.858545541763305664e-01
-5.767954289913177490e-01
-4.022231311395785269e-02
-2.093515694141387939e-01
-6.502580940723419189e-01
-5.253992588117739615e-02
-7.277750968933105469e-02
-3.553643822669982910e-01
-2.264210753932616171e-02
-1.101709604263305664e-01
-4.924535155296325684e-01
-3.802396715477129874e-02
-1.348904371261596680e-01
-5.731815993785858154e-01
-4.879888133004328665e-02
-1.593703031539916992e-01
-6.442260444164276123e-01
-5.772485569909235892e-02
-2.246332168579101562e-02
-3.473601937294006348e-01
-3.702783570483347830e-02
-4.396599531173706055e-02
-4.636673331260681152e-01
-5.184099436596056876e-02
-5.911833047866821289e-02
-5.393038094043731689e-01
-5.749549330070635733e-02
-7.460701465606689453e-02
-6.117861568927764893e-01
-6.199591592744013724e-02
