0.000000000000000000e+00
0.000000000000000000e+00
0.000000000000000000e+00
-8.062803745269775391e-02
-6.641304492950439453e-02
-2.898344641457129001e-02
-1.404359936714172363e-01
-1.961236596107482910e-01
-3.933806029985476016e-02
-1.762835979461669922e-01
-3.089246153831481934e-01
-4.823465702961016177e-02
-2.072269320487976074e-01
-3.994283080101013184e-01
-5.582085681984949588e-02
-8.153831958770751953e-02
-3.908379077911376953e-01
-5.147380865167860975e-03
-1.008781194686889648e-01
-5.358908176422119141e-01
-2.127030176947641849e-02
-1.116669178009033203e-01
-6.203331649303436279e-01
-3.842728270123529910e-02
-1.186727881431579590e-01
-6.997591108083724976e-01
-5.264490900466967105e-02
-3.038179874420166016e-02
-4.044088125228881836e-01
-9.302891436021809568e-03
-3.544336557388305664e-02
-5.685258209705352783e-01
-2.061931101511049746e-02
-3.530848026275634766e-02
-6.673222780227661133e-01
-3.542278392146158694e-02
-3.469049930572509766e-02
-7.532911896705627441e-01
-4.809561429451036929e-02
1.738756895065307617e-02
-3.833538889884948730e-01
-1.967887451777983188e-02
1.763641834259033203e-02
-5.344121456146240234e-01
-3.483010886142778872e-02
1.730638742446899414e-02
-6.257221996784210205e-01
-4.633672965596247195e-02
1.563626527786254883e-02
-7.111170887947082520e-01
-5.594552365968752383e-02
6.431043148040771484e-02
-3.393364548683166504e-01
-3.371743542979288577e-02
7.286387681961059570e-02
-4.608902931213378906e-01
-4.899539856145906924e-02
7.913517951965332031e-02
-5.394951403141021729e-01
-5.504659993479776858e-02
8.489888906478881836e-02
-6.178340911865234375e-01
-5.998371971676874637e-02
