0.000000000000000000e+00
0.000000000000000000e+00
0.000000000000000000e+00
-7.401454448699951172e-02
-1.031129360198974609e-01
-2.663507328097125537e-02
-1.050840020179748535e-01
-2.460724115371704102e-01
-3.421190769140025623e-02
-1.063896417617797852e-01
-3.726094365119934082e-01
-4.105117187563678272e-02
-1.046196818351745605e-01
-4.772332310676574707e-01
-4.613351092402240283e-02
-1.457661390304565430e-02
-4.026775360107421875e-01
8.906265565116200378e-03
8.271276950836181641e-03
-5.339985191822052002e-01
-4.712083532552924225e-03
2.244460582733154297e-02
-6.139957010746002197e-01
-2.279199675385257251e-02
3.728616237640380859e-02
-6.871345043182373047e-01
-3.777249918047687061e-02
3.438800573348999023e-02
-3.926153779029846191e-01
4.915149726826939514e-03
6.068217754364013672e-02
-5.410922467708587646e-01
-5.053256328295674393e-03
7.837527990341186523e-02
-6.336551010608673096e-01
-2.133552186850806720e-02
9.336942434310913086e-02
-7.157690823078155518e-01
-3.515728951160213001e-02
7.228761911392211914e-02
-3.553315401077270508e-01
-5.897233418266978333e-03
1.000042557716369629e-01
-4.927732944488525391e-01
-1.935932242039939410e-02
1.163699030876159668e-01
-5.846506953239440918e-01
-3.118974358503123767e-02
1.296542286872863770e-01
-6.692125201225280762e-01
-4.100630075399180896e-02
1.089476346969604492e-01
-2.948139905929565430e-01
-2.061977066759368427e-02
1.338341832160949707e-01
-4.103920459747314453e-01
-3.432494044963618762e-02
1.489560008049011230e-01
-4.873116612434387207e-01
-4.027882606450816638e-02
1.624889373779296875e-01
-5.626746714115142822e-01
-4.507851243678828723e-02
