0.000000000000000000e+00
0.000000000000000000e+00
0.000000000000000000e+00
-8.686095476150512695e-02
4.247963428497314453e-03
-2.985934436463821839e-02
-1.696633100509643555e-01
-5.044299364089965820e-02
-4.613517120623100709e-02
-2.301254570484161377e-01
-1.102763414382934570e-01
-6.092198461436737489e-02
-2.851871550083160400e-01
-1.609926819801330566e-01
-7.451598987125862550e-02
-1.667910218238830566e-01
-2.821953892707824707e-01
-1.398412779116142701e-02
-2.165062427520751953e-01
-4.081070423126220703e-01
-3.340288892530907106e-02
-2.483162879943847656e-01
-4.789025485515594482e-01
-5.285145983242500733e-02
-2.771663069725036621e-01
-5.443063974380493164e-01
-6.838448241495598268e-02
-1.283026337623596191e-01
-3.294371962547302246e-01
-1.897555112981308412e-02
-1.779378056526184082e-01
-4.714856743812561035e-01
-3.419728472971428346e-02
-2.079786956310272217e-01
-5.568356812000274658e-01
-5.085353449129570436e-02
-2.347561419010162354e-01
-6.302553117275238037e-01
-6.469672814154137086e-02
-8.401721715927124023e-02
-3.453365564346313477e-01
-2.952445753061283540e-02
-1.279163360595703125e-01
-4.794897735118865967e-01
-4.620079592012871217e-02
-1.553732752799987793e-01
-5.608699619770050049e-01
-5.824267387532700013e-02
-1.830791532993316650e-01
-6.338202357292175293e-01
-6.852161780142296266e-02
-3.320366144180297852e-02
-3.420124053955078125e-01
-4.379345744990814637e-02
-5.931913852691650391e-02
-4.557371735572814941e-01
-5.968109041594971131e-02
-7.878237962722778320e-02
-5.292643904685974121e-01
-6.656669721149910401e-02
-9.985333681106567383e-02
-5.994565188884735107e-01
-7.227497443699348878e-02
