0.000000000000000000e+00
0.000000000000000000e+00
0.000000000000000000e+00
-7.022321224212646484e-02
-8.201450109481811523e-02
-1.710633050342380557e-02
-1.106268167495727539e-01
-2.193551659584045410e-01
-1.826280031045257601e-02
-1.262678503990173340e-01
-3.326446413993835449e-01
-1.974337968667327914e-02
-1.458715200424194336e-01
-4.046767652034759521e-01
-2.035940672894298586e-02
-2.610069513320922852e-02
-3.810365796089172363e-01
1.505883641848981824e-02
-1.463896036148071289e-02
-5.101380348205566406e-01
8.773138265411262182e-03
-5.411207675933837891e-03
-5.855176150798797607e-01
-3.512449345265622469e-03
4.327595233917236328e-03
-6.516147702932357788e-01
-1.506871964474498782e-02
2.157598733901977539e-02
-3.776177167892456055e-01
9.352574575046901373e-03
3.858834505081176758e-02
-5.207770168781280518e-01
5.885957724700574545e-03
5.068868398666381836e-02
-6.064714789390563965e-01
-5.122521907736654612e-03
6.014621257781982422e-02
-6.761553883552551270e-01
-1.551129251410543475e-02
6.113719940185546875e-02
-3.471860289573669434e-01
-1.963536503438945147e-03
8.045393228530883789e-02
-4.817791581153869629e-01
-1.063386305858671221e-02
9.017318487167358398e-02
-5.624578595161437988e-01
-2.032625164528667483e-02
9.703069925308227539e-02
-6.334824860095977783e-01
-2.910765122314273867e-02
9.954780340194702148e-02
-2.946331501007080078e-01
-1.623214084347068820e-02
1.236970424652099609e-01
-4.012971818447113037e-01
-2.715899657150089297e-02
1.377873420715332031e-01
-4.707396626472473145e-01
-3.283789429505645785e-02
1.501187086105346680e-01
-5.389332771301269531e-01
-3.788176972111045870e-02
