0.000000000000000000e+00
0.000000000000000000e+00
0.000000000000000000e+00
-8.601003885269165039e-02
-3.647285699844360352e-02
-2.017957681729853903e-02
-1.471298933029174805e-01
-1.480096578598022461e-01
-2.492218615427077566e-02
-1.757781803607940674e-01
-2.588174939155578613e-01
-3.000382112278998648e-02
-1.994586288928985596e-01
-3.509754538536071777e-01
-3.383982891156733785e-02
-1.166489124298095703e-01
-3.360923528671264648e-01
1.094752771840035166e-02
-1.394587755203247070e-01
-4.582324028015136719e-01
-2.205478371450908526e-03
-1.544585824012756348e-01
-5.326942801475524902e-01
-1.940469967141211782e-02
-1.680759787559509277e-01
-6.017274260520935059e-01
-3.323581406786502157e-02
-7.576733827590942383e-02
-3.668805956840515137e-01
5.222831741576783315e-03
-9.943717718124389648e-02
-5.081436634063720703e-01
-3.466048854733116968e-03
-1.165634393692016602e-01
-5.934552252292633057e-01
-1.816612632885039602e-02
-1.336724162101745605e-01
-6.691722273826599121e-01
-3.028542140438617025e-02
-3.496968746185302734e-02
-3.682250976562500000e-01
-6.233485061073906763e-03
-5.771350860595703125e-02
-4.996958076953887939e-01
-1.655118504478991781e-02
-7.475751638412475586e-02
-5.786625742912292480e-01
-2.476778590991557394e-02
-9.209674596786499023e-02
-6.494123637676239014e-01
-3.201645204737246786e-02
9.753823280334472656e-03
-3.484588861465454102e-01
-2.128803322031558309e-02
-5.561172962188720703e-03
-4.638322591781616211e-01
-3.128559106900752340e-02
-1.629430055618286133e-02
-5.364373624324798584e-01
-3.376978600337565695e-02
-2.788585424423217773e-02
-6.055488586425781250e-01
-3.591335156872332846e-02
