0.000000000000000000e+00
0.000000000000000000e+00
0.000000000000000000e+00
-8.696740865707397461e-02
-4.236280918121337891e-03
-2.818228513260123691e-02
-1.666829586029052734e-01
-7.397693395614624023e-02
-4.239706158895728549e-02
-2.227937579154968262e-01
-1.446857452392578125e-01
-5.583791643638846836e-02
-2.747499644756317139e-01
-1.990377902984619141e-01
-6.819471553225753269e-02
-1.547921299934387207e-01
-2.974574565887451172e-01
-8.553598302199816317e-03
-1.993136405944824219e-01
-4.242756366729736328e-01
-2.702994853515860996e-02
-2.274442017078399658e-01
-4.965485632419586182e-01
-4.586996719498870334e-02
-2.532239258289337158e-01
-5.635641515254974365e-01
-6.083028972406623325e-02
-1.148757934570312500e-01
-3.418709039688110352e-01
-1.418778416027066669e-02
-1.556295156478881836e-01
-4.907335340976715088e-01
-2.811693236489531955e-02
-1.811109483242034912e-01
-5.825658142566680908e-01
-4.368694708009002170e-02
-2.042862176895141602e-01
-6.599870026111602783e-01
-5.649091139693496189e-02
-7.085090875625610352e-02
-3.544855117797851562e-01
-2.571731455881831607e-02
-1.081040501594543457e-01
-4.905548989772796631e-01
-4.083003685136077365e-02
-1.323952078819274902e-01
-5.754815340042114258e-01
-5.168352112431762180e-02
-1.563386917114257812e-01
-6.522392034530639648e-01
-6.093975737948653659e-02
-2.152675390243530273e-02
-3.468338251113891602e-01
-4.114756942053077182e-02
-4.403102397918701172e-02
-4.638522267341613770e-01
-5.532814771194694003e-02
-6.099098920822143555e-02
-5.400040745735168457e-01
-6.096627772112128696e-02
-7.848685979843139648e-02
-6.141731142997741699e-01
-6.580644682307479343e-02
