0.000000000000000000e+00
0.000000000000000000e+00
0.000000000000000000e+00
-6.538832187652587891e-02
-1.063476204872131348e-01
-3.081136111967452962e-02
-9.945482015609741211e-02
-2.556324005126953125e-01
-4.359659840218910176e-02
-1.126797199249267578e-01
-3.806259632110595703e-01
-5.437442947976478536e-02
-1.255103945732116699e-01
-4.855654239654541016e-01
-6.409244154446014363e-02
-7.192254066467285156e-03
-4.096127748489379883e-01
-1.122091346286424596e-02
1.338243484497070312e-03
-5.593945086002349854e-01
-2.926574376277812917e-02
7.030308246612548828e-03
-6.483734846115112305e-01
-4.720723171584495503e-02
1.499599218368530273e-02
-7.289093136787414551e-01
-6.189465437881835896e-02
4.641085863113403320e-02
-3.939551115036010742e-01
-1.538811259769090611e-02
7.560682296752929688e-02
-5.530715286731719971e-01
-2.902613122813590962e-02
9.573328495025634766e-02
-6.488887667655944824e-01
-4.514548842661270101e-02
1.129436492919921875e-01
-7.311286479234695435e-01
-5.858251367561706502e-02
8.892065286636352539e-02
-3.479036092758178711e-01
-2.552692879788764913e-02
1.198607087135314941e-01
-4.924255311489105225e-01
-4.360406015865692098e-02
1.370704174041748047e-01
-5.821170508861541748e-01
-5.709541131608375508e-02
1.515172719955444336e-01
-6.663266122341156006e-01
-6.773070161096939046e-02
1.259723305702209473e-01
-2.800434827804565430e-01
-3.909269262902625997e-02
1.597833633422851562e-01
-3.887137174606323242e-01
-5.732921053521522481e-02
1.826180219650268555e-01
-4.603153467178344727e-01
-6.498657082073577840e-02
2.042669057846069336e-01
-5.319636762142181396e-01
-7.068844799749740559e-02
