0.000000000000000000e+00
0.000000000000000000e+00
0.000000000000000000e+00
-8.337610960006713867e-02
-6.233173608779907227e-02
-3.098652998863826724e-02
-1.472545266151428223e-01
-1.834513545036315918e-01
-4.302302676200042697e-02
-1.871280670166015625e-01
-2.915966510772705078e-01
-5.327973815559516879e-02
-2.193109989166259766e-01
-3.836429715156555176e-01
-6.198493692039619418e-02
-8.883035182952880859e-02
-3.838125467300415039e-01
-4.245821600250110350e-03
-1.089846491813659668e-01
-5.240291655063629150e-01
-2.059606763481269809e-02
-1.218504309654235840e-01
-6.061185002326965332e-01
-3.868644985317359897e-02
-1.320781111717224121e-01
-6.833875179290771484e-01
-5.358782338856826755e-02
-3.956025838851928711e-02
-4.003025293350219727e-01
-7.014738143823251448e-03
-4.480159282684326172e-02
-5.577905476093292236e-01
-1.920439417420993777e-02
-4.713416099548339844e-02
-6.538128256797790527e-01
-3.516713085531364413e-02
-5.037963390350341797e-02
-7.384443283081054688e-01
-4.851101639627586337e-02
6.076216697692871094e-03
-3.842315673828125000e-01
-1.638428050040374728e-02
3.084599971771240234e-03
-5.292288661003112793e-01
-3.240080851077209445e-02
4.965066909790039062e-05
-6.195398867130279541e-01
-4.624517935275207492e-02
-4.762947559356689453e-03
-7.034881561994552612e-01
-5.709940495847831698e-02
5.142742395401000977e-02
-3.458074331283569336e-01
-2.954524869977603885e-02
5.685025453567504883e-02
-4.672876298427581787e-01
-4.582116681098113986e-02
6.059330701828002930e-02
-5.472336113452911377e-01
-5.423834103106628390e-02
6.374204158782958984e-02
-6.261418461799621582e-01
-6.066424327849517795e-02
