0.000000000000000000e+00
0.000000000000000000e+00
0.000000000000000000e+00
-7.294052839279174805e-02
-4.699456691741943359e-02
-4.273170425085481838e-02
-1.248139739036560059e-01
-1.496642231941223145e-01
-7.016394852189478115e-02
-1.529419422149658203e-01
-2.562227249145507812e-01
-9.252861707000192837e-02
-1.770925521850585938e-01
-3.566390275955200195e-01
-1.147741433837836666e-01
-6.088787317276000977e-02
-2.968187332153320312e-01
-5.983180745033678249e-02
-6.643652915954589844e-02
-4.432924985885620117e-01
-9.622224240092691616e-02
-7.381099462509155273e-02
-5.308656692504882812e-01
-1.218816023924773617e-01
-8.134150505065917969e-02
-6.091972589492797852e-01
-1.398190092900222226e-01
-1.139873266220092773e-02
-2.958988547325134277e-01
-6.111310242204126553e-02
-1.161187887191772461e-02
-4.484622478485107422e-01
-9.607358096627649502e-02
-1.440477371215820312e-02
-5.450790524482727051e-01
-1.209540423610633297e-01
-1.790463924407958984e-02
-6.346473395824432373e-01
-1.381746959546035214e-01
3.395670652389526367e-02
-2.636553645133972168e-01
-6.630891381291803555e-02
4.045039415359497070e-02
-4.070085287094116211e-01
-1.006854009488051815e-01
4.064732789993286133e-02
-4.969120025634765625e-01
-1.190886181452697201e-01
3.804653882980346680e-02
-5.800904035568237305e-01
-1.300545018771117611e-01
7.672655582427978516e-02
-2.093390822410583496e-01
-7.439554302482065395e-02
8.624911308288574219e-02
-3.260412812232971191e-01
-1.064282488682692929e-01
8.855861425399780273e-02
-4.061899781227111816e-01
-1.202444341638511105e-01
8.889192342758178711e-02
-4.811564683914184570e-01
-1.276262086489623471e-01
