0.000000000000000000e+00
0.000000000000000000e+00
0.000000000000000000e+00
-8.446907997131347656e-02
-4.983919858932495117e-02
-2.766805259804527850e-02
-1.497859954833984375e-01
-1.659814715385437012e-01
-3.828958167056839557e-02
-1.908075213432312012e-01
-2.700283527374267578e-01
-4.771892099003594012e-02
-2.273920476436614990e-01
-3.553462028503417969e-01
-5.594237266402046771e-02
-1.032494306564331055e-01
-3.670272827148437500e-01
-5.271480663822103452e-03
-1.275793910026550293e-01
-5.078565478324890137e-01
-2.152462607543270678e-02
-1.434554457664489746e-01
-5.880601704120635986e-01
-3.857337056021492572e-02
-1.573523879051208496e-01
-6.625382602214813232e-01
-5.257022125940125079e-02
-5.485719442367553711e-02
-3.895119428634643555e-01
-9.990795760558057736e-03
-6.853795051574707031e-02
-5.502341389656066895e-01
-2.248796379487316699e-02
-7.565122842788696289e-02
-6.470897197723388672e-01
-3.783954425077240558e-02
-8.342522382736206055e-02
-7.304108887910842896e-01
-5.051756395320694537e-02
-8.248150348663330078e-03
-3.790860772132873535e-01
-2.060803516130249591e-02
-1.856160163879394531e-02
-5.285650193691253662e-01
-3.652430070857803912e-02
-2.509075403213500977e-02
-6.182169318199157715e-01
-4.793544603805344195e-02
-3.392708301544189453e-02
-7.010620832443237305e-01
-5.716628698925774188e-02
3.878557682037353516e-02
-3.463763594627380371e-01
-3.467533855061333270e-02
3.884011507034301758e-02
-4.689998328685760498e-01
-5.036103843073647113e-02
3.981417417526245117e-02
-5.488860011100769043e-01
-5.635932950596611590e-02
3.953087329864501953e-02
-6.267891526222229004e-01
-6.099835528354446978e-02
