0.000000000000000000e+00
0.000000000000000000e+00
0.000000000000000000e+00
-8.208197355270385742e-02
-5.562251806259155273e-02
-1.824639962833884965e-02
-1.350309848785400391e-01
-1.808504462242126465e-01
-2.262550817650321733e-02
-1.552041172981262207e-01
-2.971277832984924316e-01
-2.752723770063880693e-02
-1.723804473876953125e-01
-3.944211602210998535e-01
-3.132877910357478868e-02
-8.979952335357666016e-02
-3.646393418312072754e-01
9.082000312986338031e-03
-1.028557419776916504e-01
-4.982332885265350342e-01
-3.796124987644589055e-03
-1.136196255683898926e-01
-5.758623182773590088e-01
-2.028412410837177049e-02
-1.252548694610595703e-01
-6.446412801742553711e-01
-3.345571497303012620e-02
-4.788064956665039062e-02
-3.818699717521667480e-01
2.766280743884408366e-03
-6.006473302841186523e-02
-5.306903421878814697e-01
-6.180573178795611966e-03
-7.084834575653076172e-02
-6.182865500450134277e-01
-2.086886988800529252e-02
-8.322358131408691406e-02
-6.947835683822631836e-01
-3.272349053841594468e-02
-7.455766201019287109e-03
-3.723859190940856934e-01
-8.706289733169114697e-03
-1.939159631729125977e-02
-5.147830247879028320e-01
-1.952214764278892289e-02
-2.960640192031860352e-02
-6.008011698722839355e-01
-2.860267126780513536e-02
-4.187136888504028320e-02
-6.784795522689819336e-01
-3.624125236493114244e-02
3.601199388504028320e-02
-3.426259756088256836e-01
-2.332427950423721086e-02
3.237712383270263672e-02
-4.653965830802917480e-01
-3.424999901872638475e-02
2.790755033493041992e-02
-5.429641008377075195e-01
-3.770554849725726854e-02
2.147871255874633789e-02
-6.158954799175262451e-01
-4.024365583282474290e-02
