0.000000000000000000e+00
0.000000000000000000e+00
0.000000000000000000e+00
-8.017289638519287109e-02
-8.031123876571655273e-02
-2.848516031937720072e-02
-1.242668032646179199e-01
-2.185785770416259766e-01
-3.747248835699679148e-02
-1.360632777214050293e-01
-3.484358787536621094e-01
-4.544187150733591807e-02
-1.446982622146606445e-01
-4.597296714782714844e-01
-5.127753130929590952e-02
-6.212252378463745117e-02
-4.038820266723632812e-01
7.080681623648388268e-03
-5.970895290374755859e-02
-5.442956686019897461e-01
-9.371411053706424354e-03
-5.481672286987304688e-02
-6.273887753486633301e-01
-2.917631156580569041e-02
-4.754459857940673828e-02
-7.043057084083557129e-01
-4.530185274617792857e-02
-1.298952102661132812e-02
-4.125826358795166016e-01
3.494462931286079765e-03
-7.050156593322753906e-03
-5.688775181770324707e-01
-8.528957141805904030e-03
1.313209533691406250e-03
-6.635597646236419678e-01
-2.620164863603235972e-02
9.138226509094238281e-03
-7.474417537450790405e-01
-4.079359955923678172e-02
2.886497974395751953e-02
-3.887618780136108398e-01
-7.132820317764299034e-03
3.734999895095825195e-02
-5.343193113803863525e-01
-2.272494509654165995e-02
4.392760992050170898e-02
-6.241236329078674316e-01
-3.497592173354746592e-02
4.877048730850219727e-02
-7.075691223144531250e-01
-4.489780403511645090e-02
7.141774892807006836e-02
-3.388667106628417969e-01
-2.173159830110193980e-02
8.004415035247802734e-02
-4.587183892726898193e-01
-3.727051056759478342e-02
8.594685792922973633e-02
-5.346297323703765869e-01
-4.378129355447413218e-02
9.157222509384155273e-02
-6.090536415576934814e-01
-4.881547577517153513e-02
