0.000000000000000000e+00
0.000000000000000000e+00
0.000000000000000000e+00
-7.441210746765136719e-02
-1.030632257461547852e-01
-2.524571817772880422e-02
-1.072916388511657715e-01
-2.478079199790954590e-01
-3.200886723058715688e-02
-1.093152165412902832e-01
-3.736763000488281250e-01
-3.835342776434913503e-02
-1.094443798065185547e-01
-4.744424223899841309e-01
-4.325096261160865652e-02
-2.078998088836669922e-02
-4.033769965171813965e-01
8.772450979478207955e-03
1.008629798889160156e-03
-5.327021479606628418e-01
-5.310988970421703925e-03
1.476877927780151367e-02
-6.121560633182525635e-01
-2.377661455827251302e-02
2.853566408157348633e-02
-6.847322583198547363e-01
-3.884156372802749502e-02
2.822953462600708008e-02
-3.971303105354309082e-01
4.289466436631528268e-03
5.430936813354492188e-02
-5.440417230129241943e-01
-5.267026353948267570e-03
7.091808319091796875e-02
-6.362334191799163818e-01
-2.090092514114871847e-02
8.449804782867431641e-02
-7.163400352001190186e-01
-3.413680147784248220e-02
6.743299961090087891e-02
-3.619973659515380859e-01
-6.817945264600666633e-03
9.427332878112792969e-02
-5.005102753639221191e-01
-1.951412063496604787e-02
1.087958812713623047e-01
-5.902965068817138672e-01
-3.004508790033355581e-02
1.202042698860168457e-01
-6.716775894165039062e-01
-3.891083922641769277e-02
1.042777299880981445e-01
-3.018196821212768555e-01
-2.180966128068462240e-02
1.288068294525146484e-01
-4.174712300300598145e-01
-3.498845499413505422e-02
1.437211036682128906e-01
-4.936835169792175293e-01
-3.991275977747932302e-02
1.569662094116210938e-01
-5.671247839927673340e-01
-4.376842033522621023e-02
