0.000000000000000000e+00
0.000000000000000000e+00
0.000000000000000000e+00
-7.779115438461303711e-02
-7.642507553100585938e-02
-3.112504305772745283e-02
-1.308230757713317871e-01
-2.090713977813720703e-01
-4.361647600762807997e-02
-1.618345379829406738e-01
-3.239012956619262695e-01
-5.442948127620184096e-02
-1.882983446121215820e-01
-4.228558540344238281e-01
-6.372970575921499403e-02
-6.456589698791503906e-02
-4.007987976074218750e-01
-6.907574836986896116e-03
-7.709270715713500977e-02
-5.472471415996551514e-01
-2.428534673981630476e-02
-8.372902870178222656e-02
-6.338028013706207275e-01
-4.243144626252615126e-02
-8.715951442718505859e-02
-7.140627652406692505e-01
-5.725812027685606154e-02
-1.262086629867553711e-02
-4.077176451683044434e-01
-1.077525364689790877e-02
-9.285569190979003906e-03
-5.706750154495239258e-01
-2.361773746542894514e-02
-4.916489124298095703e-03
-6.703636646270751953e-01
-3.951544920437299879e-02
-1.151859760284423828e-03
-7.568607330322265625e-01
-5.277321720950567396e-02
3.420728445053100586e-02
-3.804731369018554688e-01
-2.111454913847410353e-02
4.147040843963623047e-02
-5.301840603351593018e-01
-3.788239742152654799e-02
4.482847452163696289e-02
-6.210462450981140137e-01
-5.018740380637609633e-02
4.621219635009765625e-02
-7.061633765697479248e-01
-6.001971522800886305e-02
7.900404930114746094e-02
-3.302795290946960449e-01
-3.524469072453939589e-02
9.443819522857666016e-02
-4.506037831306457520e-01
-5.187769467465841444e-02
1.049305796623229980e-01
-5.286465883255004883e-01
-5.859079445235693129e-02
1.145858168601989746e-01
-6.060821413993835449e-01
-6.372224772803747328e-02
