0.000000000000000000e+00
0.000000000000000000e+00
0.000000000000000000e+00
-8.820599317550659180e-02
-2.646231651306152344e-02
-2.925317093479407049e-02
-1.568291187286376953e-01
-1.236313581466674805e-01
-3.936519950377714849e-02
-1.981694996356964111e-01
-2.305219769477844238e-01
-4.827182844030630804e-02
-2.291270792484283447e-01
-3.306107521057128906e-01
-5.506728693592322088e-02
-1.404264569282531738e-01
-3.275988101959228516e-01
3.989091499420283071e-03
-1.732447147369384766e-01
-4.597852826118469238e-01
-1.169805798429024435e-02
-1.941297650337219238e-01
-5.373194217681884766e-01
-2.995891600596678472e-02
-2.121919095516204834e-01
-6.104955375194549561e-01
-4.456998139369261480e-02
-9.803569316864013672e-02
-3.672301173210144043e-01
1.164392924579260580e-03
-1.325001120567321777e-01
-5.149706304073333740e-01
-8.911959004876734980e-03
-1.545323729515075684e-01
-6.052531003952026367e-01
-2.380358159291517950e-02
-1.746824979782104492e-01
-6.829644739627838135e-01
-3.627380460250151373e-02
-5.421459674835205078e-02
-3.735796809196472168e-01
-8.565458578345896967e-03
-8.377248048782348633e-02
-5.111903548240661621e-01
-2.052961766469252325e-02
-1.039042472839355469e-01
-5.953366756439208984e-01
-2.972019195306074835e-02
-1.244117021560668945e-01
-6.715245544910430908e-01
-3.810385346162092901e-02
-5.074620246887207031e-03
-3.585841059684753418e-01
-2.265925064432394720e-02
-2.454781532287597656e-02
-4.728227853775024414e-01
-3.444313361990225530e-02
-3.810298442840576172e-02
-5.455076396465301514e-01
-3.836782380687964178e-02
-5.245226621627807617e-02
-6.162342131137847900e-01
-4.184452175843489385e-02
