0.000000000000000000e+00
0.000000000000000000e+00
0.000000000000000000e+00
-7.997030019760131836e-02
-7.521641254425048828e-02
-3.042172027772949150e-02
-1.345275044441223145e-01
-2.051426172256469727e-01
-4.266348240918205192e-02
-1.657737493515014648e-01
-3.180467486381530762e-01
-5.342950431651161125e-02
-1.929795145988464355e-01
-4.151833057403564453e-01
-6.295892728513763359e-02
-6.792992353439331055e-02
-3.957964777946472168e-01
-7.418907173189381865e-03
-8.259743452072143555e-02
-5.419253408908843994e-01
-2.511165982133434227e-02
-9.063112735748291016e-02
-6.277676522731781006e-01
-4.342103881782577446e-02
-9.544241428375244141e-02
-7.082960605621337891e-01
-5.842786414569900444e-02
-1.588916778564453125e-02
-4.049822092056274414e-01
-1.183530820554778984e-02
-1.371234655380249023e-02
-5.680090487003326416e-01
-2.511614507085369041e-02
-1.069486141204833984e-02
-6.669882535934448242e-01
-4.158568514532134941e-02
-8.273124694824218750e-03
-7.537448853254318237e-01
-5.541123582071350029e-02
3.106379508972167969e-02
-3.798295855522155762e-01
-2.255441566950366905e-02
3.769713640213012695e-02
-5.284419357776641846e-01
-3.972295431441352775e-02
4.045766592025756836e-02
-6.189384758472442627e-01
-5.260875953382537773e-02
4.092222452163696289e-02
-7.039515823125839233e-01
-6.299883259481475761e-02
7.607239484786987305e-02
-3.309173583984375000e-01
-3.695525733775184563e-02
9.077447652816772461e-02
-4.497512280941009521e-01
-5.397287143415496757e-02
1.006686091423034668e-01
-5.272659361362457275e-01
-6.097028536743209770e-02
1.092504262924194336e-01
-6.041670739650726318e-01
-6.643986834234283378e-02
