0.000000000000000000e+00
0.000000000000000000e+00
0.000000000000000000e+00
-7.339358329772949219e-02
-1.075193881988525391e-01
-2.259970299388669446e-02
-1.055033206939697266e-01
-2.577953934669494629e-01
-2.740967489268086865e-02
-1.097173094749450684e-01
-3.871285319328308105e-01
-3.222966223444245770e-02
-1.143871545791625977e-01
-4.902033209800720215e-01
-3.539140179242394879e-02
-2.937233448028564453e-02
-4.133544564247131348e-01
1.304216281090475604e-02
-1.389998197555541992e-02
-5.526196360588073730e-01
-3.204823606779427791e-04
-1.568496227264404297e-03
-6.346413493156433105e-01
-1.801371044899724438e-02
1.171839237213134766e-02
-7.093022465705871582e-01
-3.224189981307290509e-02
2.120608091354370117e-02
-4.081883430480957031e-01
8.261965294821038697e-03
4.140806198120117188e-02
-5.615781247615814209e-01
-7.868389553777888068e-05
5.503851175308227539e-02
-6.553782522678375244e-01
-1.557879179205201581e-02
6.626284122467041016e-02
-7.373456060886383057e-01
-2.870827197517655804e-02
6.302177906036376953e-02
-3.745395541191101074e-01
-2.911048768567070510e-03
8.471024036407470703e-02
-5.182818472385406494e-01
-1.438302017237447217e-02
9.593689441680908203e-02
-6.070873141288757324e-01
-2.466612897302411511e-02
1.033945679664611816e-01
-6.867004632949829102e-01
-3.342082753266595319e-02
1.037350893020629883e-01
-3.174160122871398926e-01
-1.769374712790749982e-02
1.265853047370910645e-01
-4.340673685073852539e-01
-2.912401064719460919e-02
1.400169730186462402e-01
-5.092899203300476074e-01
-3.314056276764176800e-02
1.507526040077209473e-01
-5.816483199596405029e-01
-3.644674673165582135e-02
