0.000000000000000000e+00
0.000000000000000000e+00
0.000000000000000000e+00
-6.582653522491455078e-02
-1.060090661048889160e-01
-3.100191424692866349e-02
-9.953600168228149414e-02
-2.570562958717346191e-01
-4.339364352728125596e-02
-1.117824912071228027e-01
-3.832749128341674805e-01
-5.375936064029929184e-02
-1.258152127265930176e-01
-4.891022145748138428e-01
-6.288887742067572617e-02
-5.729854106903076172e-03
-4.099577665328979492e-01
-9.196942626488180395e-03
3.002405166625976562e-03
-5.596490800380706787e-01
-2.609910438860651993e-02
7.878839969635009766e-03
-6.485002934932708740e-01
-4.347043666149374985e-02
1.464843750000000000e-02
-7.289829105138778687e-01
-5.789252924824950242e-02
4.756182432174682617e-02
-3.937146067619323730e-01
-1.311701904143092179e-02
7.700353860855102539e-02
-5.525920093059539795e-01
-2.597244638110396409e-02
9.731984138488769531e-02
-6.483259499073028564e-01
-4.191213282848593735e-02
1.145431995391845703e-01
-7.310631573200225830e-01
-5.525962817574736619e-02
8.957338333129882812e-02
-3.477197289466857910e-01
-2.316226619387862229e-02
1.210164427757263184e-01
-4.926569759845733643e-01
-4.097217130566832566e-02
1.391870975494384766e-01
-5.826847851276397705e-01
-5.500760483647582078e-02
1.541116237640380859e-01
-6.675994992256164551e-01
-6.603356632496115708e-02
1.263630986213684082e-01
-2.800124883651733398e-01
-3.665296542550322556e-02
1.609030365943908691e-01
-3.887355327606201172e-01
-5.470235082412955308e-02
1.840987205505371094e-01
-4.606043696403503418e-01
-6.277222368026968979e-02
2.058091759681701660e-01
-5.329583883285522461e-01
-6.888558152223822617e-02
