0.000000000000000000e+00
0.000000000000000000e+00
0.000000000000000000e+00
-6.611663103103637695e-02
-1.052354574203491211e-01
-3.121283700860999488e-02
-1.009109020233154297e-01
-2.540517449378967285e-01
-4.462438872255347633e-02
-1.151381134986877441e-01
-3.804572224617004395e-01
-5.593808045782111549e-02
-1.302667856216430664e-01
-4.863145351409912109e-01
-6.609024902977012061e-02
-8.427977561950683594e-03
-4.086133241653442383e-01
-1.037711793728135490e-02
-1.336932182312011719e-03
-5.587611198425292969e-01
-2.785662798382304572e-02
2.291142940521240234e-03
-6.476443707942962646e-01
-4.562654769219420814e-02
8.312046527862548828e-03
-7.279390543699264526e-01
-6.027520870961211585e-02
4.467540979385375977e-02
-3.935784101486206055e-01
-1.408174963839314842e-02
7.220429182052612305e-02
-5.523496866226196289e-01
-2.726330472327731513e-02
9.085094928741455078e-02
-6.467089951038360596e-01
-4.325951313771270179e-02
1.067026853561401367e-01
-7.291591167449951172e-01
-5.675438841976188087e-02
8.717888593673706055e-02
-3.490299582481384277e-01
-2.383017962969802284e-02
1.154013872146606445e-01
-4.947102069854736328e-01
-4.142487099565528297e-02
1.314500570297241211e-01
-5.855265557765960693e-01
-5.534001490272544288e-02
1.450230479240417480e-01
-6.712164282798767090e-01
-6.653086891569159889e-02
1.248062252998352051e-01
-2.823944091796875000e-01
-3.704768842257522010e-02
1.582382321357727051e-01
-3.914144635200500488e-01
-5.480459382928870582e-02
1.808298230171203613e-01
-4.633820354938507080e-01
-6.289877792991660499e-02
2.020900845527648926e-01
-5.360111296176910400e-01
-6.917399218477271461e-02
