0.000000000000000000e+00
0.000000000000000000e+00
0.000000000000000000e+00
-8.622145652770996094e-02
-1.618945598602294922e-02
-2.808868332431302406e-02
-1.646577119827270508e-01
-1.070822477340698242e-01
-4.002657911405549385e-02
-2.158780992031097412e-01
-1.938468217849731445e-01
-5.070702365264878608e-02
-2.625908553600311279e-01
-2.592387795448303223e-01
-6.043548515663133003e-02
-1.360582113265991211e-01
-3.380985856056213379e-01
-6.883514641231158748e-03
-1.698121428489685059e-01
-4.714235961437225342e-01
-2.425537450835690834e-02
-1.910086870193481445e-01
-5.493030250072479248e-01
-4.285800463185296394e-02
-2.102837860584259033e-01
-6.201239228248596191e-01
-5.791968485937104560e-02
-9.175950288772583008e-02
-3.718807101249694824e-01
-1.191061741337762214e-02
-1.204454898834228516e-01
-5.222179591655731201e-01
-2.497167146430001594e-02
-1.381409168243408203e-01
-6.145524680614471436e-01
-4.067599779591546394e-02
-1.546652913093566895e-01
-6.923813819885253906e-01
-5.386523908600793220e-02
-4.747873544692993164e-02
-3.745982646942138672e-01
-2.299086942002759315e-02
-7.137638330459594727e-02
-5.142458081245422363e-01
-3.809484845623956062e-02
-8.846753835678100586e-02
-6.012220382690429688e-01
-4.989480978474603035e-02
-1.061068177223205566e-01
-6.801435649394989014e-01
-5.992599955425248481e-02
-5.909800529479980469e-04
-3.558668494224548340e-01
-3.789816057906136848e-02
-1.350009441375732422e-02
-4.758934676647186279e-01
-5.306655547246919014e-02
-2.241355180740356445e-02
-5.538161098957061768e-01
-6.011508783922181465e-02
-3.246390819549560547e-02
-6.288069486618041992e-01
-6.584455451593385078e-02
