0.000000000000000000e+00
0.000000000000000000e+00
0.000000000000000000e+00
-6.763869524002075195e-02
-1.000374555587768555e-01
-3.124429789403393443e-02
-1.044755578041076660e-01
-2.482966780662536621e-01
-4.364302885750248606e-02
-1.198005080223083496e-01
-3.742768168449401855e-01
-5.404006821134998972e-02
-1.360275745391845703e-01
-4.793465137481689453e-01
-6.331477445581867869e-02
-1.917642354965209961e-02
-4.110631346702575684e-01
-9.641104759964491677e-03
-1.541203260421752930e-02
-5.593600869178771973e-01
-2.724879552641823466e-02
-1.299113035202026367e-02
-6.480691134929656982e-01
-4.527348411301090891e-02
-8.091509342193603516e-03
-7.289899140596389771e-01
-6.002766770342304881e-02
3.441935777664184570e-02
-4.006131887435913086e-01
-1.337247752616121943e-02
5.910593271255493164e-02
-5.601625442504882812e-01
-2.638504599252655680e-02
7.565832138061523438e-02
-6.569983065128326416e-01
-4.244616759041264231e-02
8.946579694747924805e-02
-7.402828186750411987e-01
-5.591762942293598826e-02
7.790601253509521484e-02
-3.590034246444702148e-01
-2.324172426978066142e-02
1.039177179336547852e-01
-5.041695833206176758e-01
-4.066326228002026255e-02
1.177394390106201172e-01
-5.944733917713165283e-01
-5.423825365522816355e-02
1.287931203842163086e-01
-6.793824136257171631e-01
-6.501128655889942820e-02
1.161665916442871094e-01
-2.950640320777893066e-01
-3.668380660036518748e-02
1.465713977813720703e-01
-4.068506360054016113e-01
-5.439753216722920115e-02
1.668820381164550781e-01
-4.802608788013458252e-01
-6.212274489024594004e-02
1.857707500457763672e-01
-5.535798668861389160e-01
-6.796581429460957224e-02
