0.000000000000000000e+00
0.000000000000000000e+00
0.000000000000000000e+00
-8.314263820648193359e-02
-6.760728359222412109e-02
-2.789233036938298937e-02
-1.348909139633178711e-01
-1.990448832511901855e-01
-3.661794558766473529e-02
-1.536225080490112305e-01
-3.250720500946044922e-01
-4.421277315023530718e-02
-1.694424748420715332e-01
-4.328393936157226562e-01
-4.978696972730745074e-02
-8.746093511581420898e-02
-3.902862668037414551e-01
4.672844720602142843e-03
-9.438908100128173828e-02
-5.313333272933959961e-01
-1.219215494248260256e-02
-9.554970264434814453e-02
-6.150563657283782959e-01
-3.193297953012574908e-02
-9.503400325775146484e-02
-6.944569945335388184e-01
-4.798961401584733721e-02
-3.974241018295288086e-02
-4.085770845413208008e-01
8.697645399422526680e-04
-4.403495788574218750e-02
-5.643998384475708008e-01
-1.160697050991643664e-02
-4.277265071868896484e-02
-6.593030095100402832e-01
-2.937452093365777728e-02
-4.234188795089721680e-02
-7.465659826993942261e-01
-4.410318256023515460e-02
3.140032291412353516e-03
-3.930180072784423828e-01
-9.623422926694047419e-03
1.707077026367187500e-03
-5.380633175373077393e-01
-2.508571155968297717e-02
2.515494823455810547e-03
-6.270119249820709229e-01
-3.716883406642068621e-02
1.564264297485351562e-03
-7.098975479602813721e-01
-4.711948678496469256e-02
4.803180694580078125e-02
-3.517312407493591309e-01
-2.401912555697549578e-02
4.848837852478027344e-02
-4.716860651969909668e-01
-3.899409965279687640e-02
4.995661973953247070e-02
-5.466631650924682617e-01
-4.504019737842668292e-02
5.104243755340576172e-02
-6.189711689949035645e-01
-4.987044975760568377e-02
