0.000000000000000000e+00
0.000000000000000000e+00
0.000000000000000000e+00
-7.931554317474365234e-02
-7.404649257659912109e-02
-3.003083722779820164e-02
-1.253340244293212891e-01
-1.885135173797607422e-01
-4.639311874399254521e-02
-1.445946097373962402e-01
-2.968907356262207031e-01
-6.018143886814186772e-02
-1.660400629043579102e-01
-3.859241604804992676e-01
-7.343195000777313908e-02
-5.552136898040771484e-02
-3.386170268058776855e-01
-2.557658957431385716e-02
-5.822509527206420898e-02
-4.799276590347290039e-01
-4.907728726158211430e-02
-5.930143594741821289e-02
-5.707494020462036133e-01
-7.004253933320114811e-02
-6.143158674240112305e-02
-6.519291698932647705e-01
-8.492827782521317204e-02
-6.446957588195800781e-03
-3.418833613395690918e-01
-2.954833204040596684e-02
-1.423835754394531250e-03
-4.921694397926330566e-01
-4.918086150775025089e-02
5.300641059875488281e-04
-5.957259535789489746e-01
-6.879066297898361881e-02
1.241981983184814453e-03
-6.865833699703216553e-01
-8.247089007983277043e-02
3.826922178268432617e-02
-3.159531950950622559e-01
-3.756267571935723026e-02
4.500091075897216797e-02
-4.566390514373779297e-01
-5.869164684901306828e-02
4.760384559631347656e-02
-5.533623099327087402e-01
-7.387272635588715275e-02
4.838478565216064453e-02
-6.396058499813079834e-01
-8.351143816599915226e-02
8.153349161148071289e-02
-2.639569640159606934e-01
-4.798879468927452763e-02
9.325695037841796875e-02
-3.781682252883911133e-01
-6.785180786738465031e-02
9.593558311462402344e-02
-4.563990831375122070e-01
-7.445709029326508244e-02
9.697985649108886719e-02
-5.302973985671997070e-01
-7.702035078892777165e-02
