0.000000000000000000e+00
0.000000000000000000e+00
0.000000000000000000e+00
-6.932920217514038086e-02
-1.077515482902526855e-01
-2.872414973853665288e-02
-9.771537780761718750e-02
-2.540008425712585449e-01
-3.995581244407730992e-02
-9.700036048889160156e-02
-3.811533451080322266e-01
-4.958168317853051121e-02
-9.646606445312500000e-02
-4.889867007732391357e-01
-5.760865559159356053e-02
-1.863092184066772461e-02
-4.096572995185852051e-01
-5.959736120985326124e-03
4.563927650451660156e-04
-5.522347986698150635e-01
-2.544109796463089879e-02
1.326441764831542969e-02
-6.381972134113311768e-01
-4.522427072106438573e-02
2.725422382354736328e-02
-7.159186601638793945e-01
-6.057559971986847813e-02
3.220516443252563477e-02
-3.980768918991088867e-01
-9.994614807055768324e-03
5.497604608535766602e-02
-5.575340390205383301e-01
-2.464929496227341588e-02
7.027333974838256836e-02
-6.545787453651428223e-01
-4.228620131789284642e-02
8.329051733016967773e-02
-7.409249544143676758e-01
-5.660005186973648961e-02
7.409793138504028320e-02
-3.573206067085266113e-01
-1.994228449939328129e-02
9.870159626007080078e-02
-5.054515004158020020e-01
-3.755244885860520299e-02
1.130985617637634277e-01
-5.988531410694122314e-01
-5.011272703586655552e-02
1.237464547157287598e-01
-6.847240328788757324e-01
-5.996356805144387181e-02
1.138260960578918457e-01
-2.922291755676269531e-01
-3.341005270658570225e-02
1.414393782615661621e-01
-4.081600904464721680e-01
-5.056016792832451756e-02
1.591432094573974609e-01
-4.838725924491882324e-01
-5.712055688081818516e-02
1.739798784255981445e-01
-5.574251413345336914e-01
-6.173230235754090245e-02
